128	1.2
0.000000	0.000000	0.000000
rece1_m.pdb	31.640	33.000	7.455
ligand_m.pdb	-24.507	62.702	8.796
-2.617994	1.031435	1.241021	4	19	9	1358.055
-2.408554	1.427868	0.984637	5	23	6	1349.758
-2.513274	1.206585	0.933648	7	22	8	1320.203
-2.513274	1.244075	1.286644	1	20	6	1306.547
-2.408554	1.515235	1.068565	5	24	5	1302.078
-2.722714	0.913918	1.287618	6	18	10	1289.633
2.932153	1.648538	-2.855044	5	21	105	1252.035
-2.617994	0.814161	1.010949	9	19	11	1249.613
-2.513274	1.076262	0.966104	7	21	9	1221.430
-2.932153	2.036004	-0.757062	13	22	106	1220.697

