25151.0
24319.2
24912.2
25038.8
24269.4
25083.4
24516.1
24385.9
25039.6
24591.1
24215.5
24714.0
24378.3
24618.6
25104.8
24928.3
24624.4
24977.8
23711.2
25072.3
24155.5
24906.2
23791.9
24911.4
23752.7
24815.6
24107.6
25036.7
24372.8
24697.8
24635.5
24631.9
24690.7
24614.9
24844.4
24477.3
24977.8
24311.9
24639.6
25019.5
24761.1
25298.6
25210.7
24602.5
24939.9
24957.3
24499.0
23954.4
23519.3
24388.8
24836.7
24718.3
24653.4
24853.8
24467.5
24919.3
24769.9
25136.2
24785.3
25393.5
24253.1
24527.9
23529.3
24782.4
24285.3
24969.3
24776.4
24778.6
24450.8
24334.3
24392.8
25277.8
24507.3
25182.8
25258.8
25098.4
24304.7
24681.4
24341.3
24250.5
24435.1
24029.8
25221.6
24424.4
23218.3
25233.6
24354.5
24636.5
24780.6
23903.7
24222.0
23915.2
24710.6
24194.9
24299.3
24888.4
24974.8
24380.7
24374.4
24671.2
24738.8
24234.3
23985.1
24490.7
24428.8
24715.1
25285.8
24886.2
23400.6
24580.3
24910.9
24811.4
24731.7
24418.7
24474.6
24812.0
24954.7
24659.4
25038.7
24558.1
24822.5
24699.8
25001.8
24968.8
24026.8
23864.2
25060.4
25141.8
25022.5
24392.5
24435.2
24734.5
24320.6
24588.1
23709.3
24922.6
24466.4
24831.1
24299.0
25113.2
24539.7
24949.3
23769.2
24722.9
25246.1
24513.5
24545.1
24506.3
24489.3
24214.9
25156.1
24077.6
24688.4
25008.1
23996.4
24852.7
25162.2
24583.0
24496.5
25060.0
24517.3
24360.9
24439.8
24826.2
24771.4
24800.2
24658.7
25148.5
24667.2
24754.1
24925.9
24361.4
25266.7
25205.7
24878.5
24396.1
24743.6
24068.5
24968.3
24864.3
25093.5
24826.1
24195.4
24937.9
25004.6
25282.5
24956.1
24787.4
24881.6
24676.9
24664.8
24862.3
24619.6
25069.7
24629.3
24739.1
24628.6
24388.5
24948.5
23772.6
25051.2
23920.2
23758.1
24779.1
24992.0
24430.5
24953.3
24174.3
25262.3
24652.9
24356.5
24863.7
25236.4
24549.6
24707.0
24492.5
24743.2
25044.3
24384.2
25042.9
24300.8
24729.4
24516.7
25001.2
24640.1
24584.0
24969.3
24019.8
24626.3
24922.4
24651.4
24898.6
24556.0
23881.0
24306.7
25221.3
24711.5
24838.6
24806.5
23736.1
24701.5
25160.1
24651.6
24476.7
24465.4
24345.9
25205.5
24823.1
24879.5
24587.9
24382.9
24772.2
25098.4
24677.9
23284.3
24903.4
24706.2
24633.8
24561.7
24657.6
24796.2
24464.9
24346.0
24779.4
24371.5
24928.3
24733.8
25011.0
25020.3
24662.2
25118.0
24531.9
24712.8
24889.0
24850.5
24426.6
24388.5
24246.7
24914.4
24566.8
25037.7
23714.3
23980.0
24298.0
24990.1
25133.7
25079.4
24425.3
25203.7
25156.1
25133.7
25223.0
24809.3
24640.2
24437.6
24449.6
25026.1
24081.7
24545.3
24771.6
25189.5
24881.6
24902.5
24175.8
25165.1
24828.9
24881.5
24873.0
24648.2
24712.8
24679.8
24752.4
24905.1
23488.0
24822.7
24265.1
24276.0
24022.4
25065.5
25372.8
24181.6
24803.9
23807.2
23858.4
24938.2
24863.9
24874.0
24872.6
25153.8
24246.6
25209.0
24194.5
23656.1
24772.4
25190.6
24379.1
24990.5
24739.0
23758.8
24495.4
24954.0
24512.9
24695.7
25028.3
23155.9
24979.8
24928.2
24561.3
24808.8
24514.5
25152.0
24563.8
23759.9
24553.7
24819.4
24754.1
24378.9
24706.3
24336.0
24698.1
24694.2
24954.4
24868.7
25231.7
24869.0
23896.0
25110.9
24102.4
24935.3
24794.2
25008.0
24302.9
24530.1
25066.4
25151.2
24941.2
24452.5
24533.7
24996.8
24303.6
24920.3
24907.6
24657.0
24672.1
23942.9
24139.7
24362.6
24299.0
24659.5
24175.1
24681.5
24875.8
24424.1
25065.0
24508.4
24647.8
24460.9
23189.9
24845.5
24663.9
24769.8
24609.6
24671.4
24911.4
24170.6
25036.4
24662.9
24804.4
24313.8
24615.2
24799.9
23193.5
25157.2
24777.5
24716.0
25181.0
24364.3
25002.8
24789.7
24617.5
24273.8
25010.4
24652.5
24468.4
24053.2
24803.0
25017.8
23783.8
24740.4
24298.3
24886.7
24646.8
25219.3
24442.6
25215.5
25043.0
24998.3
25004.4
24496.4
24411.0
25242.2
24503.5
24666.5
24216.7
24409.3
23924.9
24798.1
24874.1
24718.3
24839.3
25190.2
24665.4
24985.3
24354.9
24867.5
24856.3
24435.2
25255.5
25145.8
23767.8
24804.4
24167.7
24969.2
24873.3
24510.2
24722.7
24667.6
24742.3
24799.9
24707.9
24562.5
24960.4
24006.9
24870.3
25151.4
23714.1
23737.4
24169.1
24969.8
24913.1
25059.7
24734.1
24587.0
24857.9
24681.1
24346.5
24845.3
23568.8
24950.3
24568.5
24873.1
24558.3
24801.8
25030.9
24100.6
24964.1
24743.4
25217.0
24509.6
25042.4
25193.3
24639.8
24616.8
25089.5
23986.3
24810.9
25065.9
24677.7
24629.3
24965.1
25076.2
24720.4
24781.8
24326.2
25074.1
24703.6
24237.7
24267.5
24935.5
24944.0
24412.6
25194.9
24738.9
23502.4
24230.4
24741.5
24979.1
24251.3
24796.1
24644.9
25427.1
24624.5
24996.2
24381.3
23793.7
23842.2
24579.0
24947.7
23124.3
24972.2
24556.0
25019.5
23701.9
24626.5
24718.2
24866.8
24996.5
25140.7
25087.7
24946.6
25002.3
24717.2
24786.8
24987.4
24710.0
24551.1
24664.3
24859.3
24531.7
24907.7
25272.7
24884.5
25007.4
25259.8
24403.2
24429.7
25063.4
24797.1
24031.1
25409.6
24077.0
24429.0
23711.4
24744.3
25059.4
24772.6
24845.7
24062.9
24742.2
24228.2
24395.7
24361.3
24797.3
24395.2
24425.7
24156.8
24448.6
24463.4
24535.7
23489.5
24714.4
24883.5
24929.1
23845.7
24016.0
24360.1
24863.7
24584.5
24386.0
24605.0
24644.5
23905.9
23921.3
24944.7
24835.0
24953.1
24750.3
24075.0
24032.3
23715.9
25048.0
23705.0
24431.8
24699.2
24441.2
24217.2
24729.9
24768.8
24456.9
24175.0
24227.1
24954.6
24576.1
25259.8
24770.5
24986.0
24815.7
24062.7
24697.4
23834.4
25028.0
24659.8
25039.8
24989.2
24768.7
24956.5
24823.9
24106.8
24686.3
24381.7
24642.5
24810.0
24854.1
24768.1
24989.3
24884.4
24751.8
24464.6
24682.9
24992.3
24793.0
25190.7
24211.5
24979.5
25078.0
24854.7
24768.7
24673.1
24122.6
24934.6
24607.0
24292.1
24195.9
23415.6
24642.8
23945.5
24716.1
24520.6
24922.2
24797.7
24636.7
24759.6
24929.4
24799.8
24258.1
24120.6
24731.9
25259.1
24013.9
24199.2
25037.2
24891.1
24639.3
24705.7
24728.3
24329.0
24800.3
24609.7
25046.4
24984.1
24346.0
24876.1
24440.1
24645.4
24734.8
24557.2
24800.0
24990.2
24525.2
25085.8
24160.5
25193.4
24666.7
24522.0
24227.0
24480.6
24485.6
25034.3
24696.8
24909.8
25041.9
24444.5
24779.6
25207.3
23746.0
24161.5
24292.1
25217.4
24989.1
24868.5
24353.4
24777.7
24915.0
24666.9
24676.9
25167.8
25126.1
24459.7
24616.8
24740.6
23533.2
24215.0
24841.5
24324.8
24740.0
24760.4
24512.3
25030.9
24546.2
24696.8
24528.0
25107.8
24983.5
25069.5
24774.5
25080.3
24416.1
25040.9
24767.6
24727.8
24628.4
25106.2
24466.0
24663.9
24883.1
24977.9
25125.4
24346.6
24805.0
24251.8
24947.8
24766.5
24750.6
25080.4
24877.3
25174.2
24865.4
23585.0
24630.0
24829.3
25249.2
24712.9
24073.3
24839.4
24708.4
24015.4
24889.5
24963.4
24386.6
25043.8
24695.5
25068.5
24006.8
24544.0
24815.3
24880.8
24784.0
24462.8
24883.9
24352.3
24774.9
23850.8
23741.8
24847.8
24465.6
24370.2
25146.2
24637.1
24431.0
25171.0
24902.9
24102.3
24748.1
24401.7
24807.8
24296.4
24705.9
24412.0
24903.3
24910.8
25084.2
25149.5
24634.1
24788.9
24839.1
24369.9
25063.7
23911.2
24569.0
24658.1
24844.5
25153.4
24218.0
24840.9
24537.4
24181.6
24765.7
24619.3
25170.7
24817.8
25112.4
25037.7
24388.8
25194.9
24782.8
24654.5
24971.0
24769.9
24164.7
25034.2
24522.9
24825.2
23701.6
24846.4
23742.6
24297.1
24216.0
25296.6
24621.6
24523.8
24382.6
23295.7
23874.4
23833.6
24703.2
24806.7
24872.2
23994.7
24514.6
25058.2
24238.1
25182.3
23539.7
24618.1
24905.5
24566.4
24763.4
24802.2
25125.1
24431.5
24451.5
24617.6
25138.6
24480.0
25463.4
24252.3
25019.0
24079.6
24578.3
24712.2
24265.4
24053.9
24643.4
24736.0
24728.5
24181.0
24684.1
24915.7
25117.7
24906.8
24764.0
24770.6
24895.8
24758.1
24951.2
25354.0
24400.5
24781.0
24860.7
24820.3
24864.5
25363.4
24443.2
25018.3
24867.5
24741.9
24658.1
23962.0
24723.7
24808.0
24664.9
24614.7
24859.3
24607.1
25164.1
24898.8
25094.7
24445.3
23813.1
23424.2
24815.7
24277.6
24132.9
24495.2
24712.1
25147.9
25039.5
24514.3
24739.4
24694.0
24891.0
24783.7
24811.3
24512.4
24878.2
25059.4
24724.7
24674.4
24987.4
23939.3
25336.7
23854.9
24744.6
23997.6
23736.0
24887.5
24450.5
24625.2
24642.1
25249.1
25145.8
24925.8
24672.7
24960.8
24474.3
24309.1
25039.8
24920.4
25149.2
24637.8
24029.5
25047.2
24084.3
24955.9
24085.4
24625.3
24125.3
24448.6
24546.7
24572.4
24735.0
25056.3
25058.8
24611.2
24244.8
23935.2
25158.4
24553.1
24890.1
24956.8
24471.3
25106.2
24607.8
23794.4
23841.3
24937.1
24679.7
24943.9
24791.7
24841.1
23891.2
24391.4
24005.5
24696.6
24262.8
25023.7
24448.4
24828.6
24065.3
24346.8
24789.8
25220.7
24529.6
25035.2
24521.5
25094.7
24053.7
25021.9
24877.0
24814.7
24416.0
24925.1
24894.9
25003.6
24448.9
24195.8
24139.4
24082.6
24272.5
25086.6
24971.2
24247.2
24994.3
25014.1
24308.8
23903.8
24510.7
23742.0
24473.1
24729.0
25003.0
24468.9
24672.4
23815.3
25100.8
24637.3
24984.0
23362.0
24397.9
24697.5
24564.8
25071.9
24624.6
24900.3
25307.8
24695.5
25113.4
24754.2
24726.3
25251.9
24918.9
24231.5
24491.0
24726.2
24657.8
24722.0
25033.0
24895.4
25337.1
24621.0
24331.3
24606.4
24923.3
25052.4
24367.6
24813.7
24453.7
24872.1
24760.5
24661.2
25279.8
25176.0
24860.1
24205.7
25021.7
24661.4
24375.6
24944.7
24663.0
25055.4
23972.7
24717.8
24218.4
24907.9
23361.4
25008.1
24721.1
24304.3
25072.0
24217.9
24866.6
24846.2
23901.8
24630.4
24688.8
25207.9
24928.1
24740.6
25078.0
24719.8
24443.0
24394.6
24791.9
24350.9
24673.0
24721.3
24858.2
24795.9
24891.1
23938.3
23029.4
24491.6
24590.1
24692.1
24793.5
24920.8
24832.8
24438.9
24613.1
24766.3
23798.3
24234.4
24621.3
22355.5
25022.1
24399.4
24950.5
24986.1
24910.9
24833.5
25064.3
24952.8
24543.3
22945.8
25014.7
24706.3
24773.0
24813.2
25002.7
23621.7
24928.6
24913.1
24037.7
24816.2
23886.0
25165.4
24745.8
24580.1
24611.9
23859.5
24763.9
23580.6
24785.1
23769.5
24834.6
24691.0
23767.2
23653.6
25154.0
25000.0
25074.0
23784.8
24628.0
24704.6
24615.3
24327.1
24663.2
24928.5
22888.3
24334.7
24811.3
24866.7
24553.3
24815.5
23836.6
24870.7
24004.5
24335.2
24596.0
25080.4
24081.0
24932.3
24405.0
25098.3
24539.3
24854.2
24309.2
24890.9
24962.2
25233.1
24731.0
24679.4
24601.4
25082.5
23448.5
24463.0
24939.3
24712.9
24931.6
24744.8
25169.9
24498.6
24660.7
24947.3
24716.0
24933.2
25173.0
24636.4
24588.6
24625.3
24760.1
24921.6
24946.7
24807.5
23841.7
25171.1
24456.6
24884.4
23540.4
24699.5
23408.7
23852.0
23284.4
25067.0
24608.6
24919.0
24660.1
24657.6
24725.7
24925.1
24917.1
24686.5
24689.7
23342.1
23244.8
23914.4
24619.7
24921.8
24986.1
24789.1
24991.4
24790.0
24459.5
24840.3
24864.5
24880.9
24779.2
25261.1
24836.2
24850.5
24089.2
24578.7
25046.5
24663.9
24921.2
24759.3
25132.0
24766.1
24650.5
24450.1
24963.0
23639.5
24326.6
24143.6
24657.4
24978.4
24737.4
25037.4
24493.0
25091.6
24679.8
24437.9
24200.3
24701.4
24672.6
23764.3
24761.5
24838.1
23678.5
24129.0
24752.9
24805.4
23920.8
24501.1
23945.6
24373.4
24768.2
23810.1
24300.4
23178.9
24965.5
24658.7
22603.9
24325.6
24839.3
24903.1
23630.3
24900.1
24812.6
24664.3
24574.7
23909.6
24510.1
24580.7
24529.0
24434.3
24942.2
24784.6
24661.0
24469.8
24639.0
24938.4
24561.9
23892.2
24817.9
24958.7
24502.8
24627.4
25056.4
24661.2
25040.6
23879.1
24721.9
24510.4
24887.2
24968.9
24831.8
24159.4
25030.5
24663.9
25102.6
24583.3
24613.4
24644.8
24712.5
24436.2
24033.8
23968.9
24986.2
24311.9
24914.5
24926.9
25076.9
24803.8
24845.2
24157.7
24396.2
24471.7
24920.7
24310.7
24757.4
24815.5
24562.9
24576.4
25131.4
23829.0
24829.7
24651.8
24851.6
24559.1
24219.9
24412.4
24591.0
23370.4
24773.3
23980.8
24813.2
24278.4
24921.3
24792.7
24648.2
25304.5
24354.0
24858.6
24792.8
25164.4
24922.2
23844.8
24883.1
25311.1
23953.5
25084.2
24460.7
24705.1
24897.3
24932.1
23933.6
25026.7
24842.9
24672.1
24688.6
24798.5
24860.3
23170.1
24877.3
24695.7
24564.7
24925.4
24705.6
24999.2
24067.3
25143.2
24387.1
24672.9
24607.7
25121.8
24889.0
25009.6
25147.9
24843.6
23709.8
24686.0
24674.7
24446.7
24813.7
24560.3
23989.3
24177.2
24605.0
24653.7
24165.7
23804.0
24699.7
24474.8
24499.7
25025.9
24976.3
24824.8
23614.4
24717.9
24430.6
24829.0
24653.5
25119.5
25071.3
24316.9
24941.1
24889.9
24884.1
24263.9
23636.6
24623.3
24926.9
23634.8
23827.8
24718.9
24861.5
24226.2
24476.4
24794.6
24375.1
24865.4
25107.6
24287.7
24513.4
25070.3
24458.3
23921.8
23717.2
23717.9
24485.5
23780.5
25150.2
24721.2
24366.3
25125.6
23447.2
25025.6
24171.6
25079.0
24446.4
23338.6
25031.5
23979.0
24761.0
24732.1
24888.5
24414.4
24991.8
24560.3
24641.8
24967.5
23681.4
25082.4
24159.0
24525.9
24589.2
24095.1
24122.7
24437.7
24601.6
24211.7
24780.5
25136.5
24583.4
24918.3
24823.8
24447.4
25190.0
24552.0
25024.9
24469.4
24747.3
25141.6
24959.2
24473.9
24870.8
24833.5
24950.2
25027.5
24778.2
24736.7
24769.8
23978.6
25011.5
24607.0
24891.0
23053.1
24558.4
24534.6
24699.9
23910.9
24351.0
23875.4
24225.8
24715.6
24955.1
24074.8
24469.8
24675.0
23914.1
24476.1
24013.6
23856.3
24533.5
24810.0
24908.6
24511.7
24916.2
24407.5
24564.4
24739.3
25021.1
24572.8
24114.4
24927.8
24702.3
24639.0
25010.9
24548.0
24644.5
24355.5
23883.1
24613.8
24728.3
24561.0
24700.9
24572.3
24950.3
24666.9
24821.3
23782.3
24951.9
25206.2
25100.7
24397.3
24933.8
24658.2
24827.0
25127.0
24143.4
24981.1
24566.3
24970.0
24864.8
24673.8
23838.2
24218.4
25082.5
25091.7
24626.4
24973.3
25057.3
24761.9
24948.0
25026.9
24965.9
25242.1
24921.4
24637.1
24413.1
24939.6
25118.6
24879.5
24666.2
24560.5
25131.8
24416.0
24706.8
24123.5
24424.6
24686.9
24402.7
25010.1
24065.3
24884.6
24981.3
24875.8
24646.1
24175.5
24834.5
24894.7
24287.2
24565.9
25260.9
24277.9
24613.1
24868.3
24929.9
24225.5
24330.8
25265.8
24983.2
24994.7
24435.1
24930.8
24456.6
24841.8
25111.8
24673.0
24984.1
24991.1
25082.6
24699.8
24759.2
24204.4
24982.7
25105.7
24743.9
24807.4
25057.8
24877.0
24070.0
24903.8
25096.0
24656.1
24803.3
24607.7
24787.5
24984.4
23268.3
24887.5
25088.9
25317.1
23554.5
23405.7
24168.9
25164.6
24875.9
24035.5
24396.9
24743.6
24749.2
24889.5
24089.3
24844.6
23629.5
24831.8
24854.9
24814.8
24694.8
25063.5
24754.9
25054.7
24780.0
23837.6
25055.1
24651.4
23472.7
24413.3
24725.7
24547.7
24847.6
25089.0
24764.5
23709.6
24608.0
25037.1
24701.8
24370.1
24165.0
23986.5
24838.5
24858.7
24850.5
24222.2
24686.8
24823.7
24043.6
24878.9
25126.7
25009.3
24706.2
25160.8
25123.5
24339.3
23558.2
23811.2
24574.2
24298.5
24597.8
23998.2
24693.2
24645.4
24732.1
24825.0
24564.8
24586.4
25052.5
24748.6
24126.0
23230.5
24619.1
23854.2
24743.9
24464.3
24823.1
25173.8
24763.4
24965.7
24908.0
24699.7
24869.8
24819.5
24680.3
24632.3
24394.0
24678.7
24705.1
24640.0
24944.0
25126.5
24869.9
24814.7
24906.3
24899.6
23483.5
24355.3
24011.8
24873.8
24515.1
24563.1
24669.8
24736.2
24929.5
24226.8
25101.1
24026.3
23899.6
24464.1
24297.1
24428.3
24555.4
23760.5
25034.1
24908.5
23911.5
25295.5
24998.1
24885.1
24660.9
24954.3
25188.1
24697.6
24530.8
24601.7
24757.0
23988.3
24659.2
24877.3
24774.8
24437.5
24854.2
25299.5
24811.4
24866.2
24379.9
25279.5
24477.8
25166.8
25290.3
24129.7
24949.9
24510.4
24892.6
23614.8
24469.4
25196.1
24784.9
23745.0
23547.1
23487.3
24611.1
23572.4
24846.6
24620.2
24673.6
24899.0
24799.0
24261.5
24242.8
24814.7
24899.6
24329.8
23765.3
24601.9
24582.0
24941.0
24243.6
25151.5
24596.2
24616.6
23577.0
24780.7
24534.6
24199.1
24743.7
24680.1
25282.3
25195.1
24780.7
24539.5
24537.7
25182.3
24942.2
24192.9
24873.1
24946.5
24472.7
24762.5
25075.8
25015.9
24826.6
24671.5
24505.4
24005.5
24115.8
24559.2
24926.3
24907.4
24433.4
24669.1
24711.7
24519.4
25087.6
24222.2
24754.5
25244.9
24351.2
25279.2
25179.2
24434.3
24715.3
24257.8
24605.8
24509.6
24067.2
24666.1
24743.0
24565.9
24377.3
25333.9
25067.9
24857.7
24666.9
24717.6
24791.6
25046.5
24671.8
24588.8
24455.8
24547.6
24616.8
24732.0
24772.3
25053.0
24516.0
24803.9
24593.4
23757.2
24589.5
25365.3
23543.1
24481.5
24414.4
24943.6
24524.3
24324.2
24009.9
24802.8
24710.7
24557.4
24917.9
24880.0
25102.7
24014.9
23828.5
24358.4
24645.6
24160.2
24977.5
24983.6
24738.9
24497.6
24489.8
24525.7
24917.1
24665.9
24736.0
24910.9
24379.7
24431.1
24111.0
24598.8
24771.7
25226.3
25044.0
24830.4
25090.9
24844.5
24840.5
24420.3
24792.6
24917.0
24768.7
23552.3
25038.2
23878.9
24345.9
24815.5
25039.9
24669.4
25006.2
24210.5
23623.0
24707.5
25149.6
23769.2
25022.3
24402.9
23963.3
24137.2
24183.0
23952.8
24156.8
24745.6
24362.6
25061.6
23827.8
24181.8
24617.7
24284.6
24718.2
24613.5
24974.1
24752.4
24326.5
24905.7
24637.9
24679.9
24902.2
24557.4
25024.3
24716.9
25132.5
25015.7
24542.2
24613.7
24803.5
25211.3
24255.1
23228.9
24637.0
24393.3
25034.6
25282.1
24642.0
25120.3
24291.5
24724.5
24205.4
24509.5
25173.1
24744.6
25006.7
24440.7
25193.0
23915.8
24731.4
24652.8
