     18207.1
     17098.2
     18218.2
     18249.2
     18130.9
     17584.4
     18169.8
     18105.1
     18259.2
     18074.8
     17993.9
     18206.6
     17468.4
     18029.2
     18157.2
     18199.7
     18148.2
     18215.8
     17627.5
     18212.2
     18021.1
     17264.6
     18027.6
     18285.0
     18011.0
     18081.4
     16900.2
     17358.8
     18216.0
     17171.9
     17251.5
     17256.4
     18091.6
     18250.4
     17379.2
     18050.7
     18172.7
     17719.5
     18161.6
     18204.9
     18158.8
     18238.3
     18179.6
     17082.9
     18153.3
     18253.6
     18178.6
     18084.1
     18021.9
     18251.3
     18188.6
     18157.9
     18189.8
     18191.0
     18301.2
     17283.7
     17266.5
     18207.5
     18257.1
     18243.5
     17151.2
     17471.8
     17642.9
     18151.7
     18178.5
     18215.0
     17451.1
     17251.6
     17613.3
     18110.3
     17385.2
     17572.2
     18213.3
     18223.6
     18245.0
     18218.2
     18186.8
     18200.3
     18034.0
     17499.2
     17285.7
     17638.4
     18203.6
     18174.9
     16884.6
     18255.3
     17088.3
     17306.6
     18263.9
     17823.2
     18121.0
     17418.5
     17200.1
     17559.5
     17749.8
     17437.9
     18253.0
     17882.6
     18257.6
     18317.7
     18199.1
     17513.1
     18047.2
     18195.0
     17158.3
     18181.4
     18216.5
     18246.3
     17700.7
     18279.1
     17462.3
     17169.0
     18189.9
     18221.9
     17087.3
     18171.5
     18157.6
     18224.5
     18202.4
     17226.3
     18222.8
     17295.7
     17510.7
     18027.0
     18011.1
     18150.5
     17491.2
     18226.1
     18194.3
     17852.4
     18061.0
     18099.2
     18076.0
     18109.1
     16764.8
     17339.6
     17689.8
     18145.7
     17126.1
     18128.1
     18235.1
     18227.0
     17343.8
     18224.2
     18171.1
     18211.9
     18261.7
     18248.7
     18192.7
     17277.8
     18180.2
     18174.6
     18235.7
     18252.6
     17412.9
     18203.5
     18214.5
     18147.8
     18231.3
     17656.8
     17509.5
     18147.8
     18218.2
     17899.4
     17318.0
     17255.5
     18156.8
     18209.4
     18223.9
     18248.9
     17388.1
     17366.2
     18228.7
     18213.5
     17342.3
     17696.7
     17303.6
     17633.5
     18232.3
     18187.2
     18250.3
     17500.4
     18036.8
     18252.7
     18207.2
     18217.5
     18270.0
     18191.3
     18199.3
     18079.2
     18191.1
     18063.2
     18195.0
     17428.5
     18087.1
     18252.8
     18278.0
     18172.4
     17579.2
     17374.6
     17484.8
     16927.2
     18085.8
     17396.2
     18182.2
     18160.2
     18162.8
     18173.3
     18195.1
     18254.1
     17224.1
     17214.7
     18215.6
     18200.0
     18273.5
     18300.4
     18275.8
     18246.1
     18063.5
     17426.2
     17918.3
     17340.8
     18173.7
     18243.4
     18032.3
     18260.8
     17459.1
     17759.8
     18240.8
     18173.1
     18264.7
     18106.8
     17794.1
     18221.5
     17617.5
     18165.1
     18030.1
     18209.0
     18165.1
     17538.9
     17294.4
     18160.3
     17484.5
     18089.0
     18086.1
     17678.0
     18193.9
     17401.0
     17475.5
     17588.4
     17616.9
     18232.5
     18228.6
     18241.5
     17995.7
     18129.2
     17212.4
     18140.3
     18201.0
     18164.3
     18205.3
     18225.6
     18308.8
     18153.6
     18149.9
     17360.0
     17448.9
     18226.1
     18157.0
     18220.7
     18221.1
     17223.2
     18240.2
     17986.7
     17233.5
     17666.4
     17742.6
     18177.0
     18230.3
     18255.3
     17348.1
     18057.2
     18064.8
     18159.7
     18244.2
     17518.7
     18224.8
     18006.9
     17564.2
     18224.8
     18180.3
     18264.3
     17251.6
     17215.6
     18096.9
     18164.5
     17624.0
     16985.4
     17875.2
     18121.8
     18254.5
     17337.5
     17343.7
     18132.1
     18226.0
     18143.2
     17218.8
     17267.3
     18180.7
     18203.4
     18178.2
     18296.3
     18231.9
     18110.6
     17567.3
     18310.5
     17505.9
     16924.9
     18219.0
     18209.2
     18139.8
     17304.8
     17100.8
     17707.1
     17585.7
     18184.6
     17259.4
     18226.3
     18004.5
     18240.2
     18241.4
     17375.4
     18171.1
     18113.6
     18238.1
     17514.9
     18216.7
     17292.3
     17449.4
     18002.2
     18198.8
     17163.4
     17531.8
     18219.0
     17470.7
     18116.0
     18257.5
     17473.6
     18069.6
     18236.9
     18243.7
     18160.2
     17880.7
     17287.3
     18230.5
     18166.8
     18083.9
     18194.2
     17428.5
     18239.5
     18313.5
     17279.6
     18154.1
     18244.2
     17360.5
     18062.3
     17585.1
     18209.7
     17319.1
     18052.6
     18251.9
     17130.0
     18290.5
     18205.4
     18175.0
     18224.3
     17158.7
     18231.9
     18116.2
     18040.2
     18075.1
     17294.6
     17684.3
     18083.1
     18117.5
     17515.3
     18218.4
     18353.6
     18064.3
     16886.2
     18256.6
     18175.3
     18218.6
     17503.9
     17147.9
     18310.5
     17383.7
     17528.8
     18217.8
     18179.0
     18040.4
     18195.3
     18150.9
     18212.1
     18156.8
     17584.7
     18040.2
     18286.9
     18247.5
     17283.5
     18060.9
     17940.6
     18233.0
     18273.0
     18267.1
     18214.1
     18238.8
     17520.8
     17326.4
     18199.6
     18062.7
     18058.7
     18223.8
     18094.1
     17567.4
     18197.5
     18235.5
     17805.9
     17181.6
     18163.1
     17323.0
     18280.7
     18149.6
     18128.0
     18190.5
     18096.4
     18228.3
     18231.1
     17484.3
     18031.6
     18206.0
     18141.4
     18289.4
     17405.3
     18130.8
     17555.2
     17263.3
     18200.7
     18208.4
     18212.1
     18247.2
     18166.4
     18094.1
     18149.0
     17379.4
     18205.4
     18213.7
     17581.8
     18205.0
     16845.6
     17570.8
     18173.0
     18198.0
     17298.5
     17270.9
     17178.0
     17263.1
     17252.5
     18256.8
     18239.4
     18115.0
     17621.7
     17771.3
     18079.2
     18213.9
     17401.1
     17754.8
     18071.6
     18048.8
     18146.8
     18206.3
     18260.8
     18083.0
     18167.4
     18104.6
     18174.0
     18151.9
     18051.4
     18100.8
     18263.6
     17531.8
     18145.2
     17266.3
     18169.6
     17383.5
     18230.7
     18257.6
     18193.7
     18253.4
     18181.1
     18212.0
     17986.5
     18148.2
     17513.5
     18026.1
     18178.4
     18192.3
     18243.5
     18216.9
     17544.1
     18207.0
     18147.3
     17221.5
     18190.5
     17548.6
     18293.0
     17183.5
     18003.7
     17494.6
     17515.9
     17437.1
     18193.8
     18195.7
     17419.7
     17161.1
     18267.5
     17326.9
     18138.9
     18119.3
     18237.0
     18248.3
     17205.2
     18191.2
     18179.5
     17533.7
     16783.9
     18156.1
     17390.5
     16872.7
     18155.1
     17488.9
     18237.0
     17448.7
     18208.2
     18116.0
     18105.9
     18232.7
     17527.8
     18170.1
     18115.6
     18188.2
     18067.7
     18216.2
     18204.9
     18176.2
     18095.2
     18134.2
     18236.9
     17645.4
     18154.8
     18211.4
     17429.6
     18177.0
     18251.2
     18168.0
     18197.3
     18238.8
     18198.8
     17726.1
     18222.8
     17311.7
     18122.0
     18026.6
     18225.2
     18206.9
     17187.3
     18217.8
     18220.3
     17277.0
     18232.3
     18170.6
     17601.5
     18206.7
     18084.7
     18208.4
     17267.9
     18223.6
     18302.0
     18215.3
     17963.7
     18246.0
     18216.7
     18231.6
     17465.5
     18224.8
     18186.4
     18240.1
     17190.7
     18139.8
     18249.4
     18160.6
     17684.8
     18146.8
     18209.8
     17316.6
     17342.7
     18216.1
     17587.2
     17660.0
     17324.0
     17664.0
     17796.5
     17753.8
     18184.7
     18119.3
     17029.1
     18057.4
     18156.6
     18285.9
     18238.1
     18358.2
     18212.5
     17300.0
     18243.5
     18198.6
     18269.8
     18104.8
     17440.4
     18233.0
     17543.3
     18222.7
     17231.7
     18240.3
     17987.1
     18223.1
     18235.6
     17333.7
     17881.8
     18282.9
     18025.6
     18214.4
     18144.3
     18215.7
     18193.4
     18258.8
     17398.3
     18104.4
     18183.5
     18229.1
     18200.4
     18143.4
     18226.7
     17707.4
     18207.1
     18266.9
     18142.9
     18223.4
     18198.5
     17072.0
     18223.3
     18162.4
     17545.4
     16950.4
     18109.4
     17220.0
     17836.6
     18232.4
     18090.8
     18220.7
     17320.9
     18180.5
     18279.6
     18188.5
     18191.3
     17987.1
     17465.0
     18324.3
     18218.9
     18023.8
     16978.2
     18163.9
     18230.0
     18198.9
     17202.8
     17250.8
     17984.5
     17454.1
     18294.0
     17443.8
     17489.2
     17697.7
     17455.5
     17122.9
     17241.8
     17333.1
     18270.8
     18180.0
     18180.3
     18120.6
     18254.2
     17570.4
     18211.1
     17575.9
     18063.9
     18210.6
     17130.8
     17229.5
     18201.6
     17419.1
     18216.0
     18114.5
     18225.8
     17377.6
     18219.8
     17550.3
     18064.4
     18066.1
     18234.9
     17290.6
     17369.3
     18275.5
     17393.1
     18198.0
     18176.3
     18209.8
     18224.6
     18134.3
     18204.6
     18224.0
     18255.1
     17919.9
     18077.3
     18174.9
     18173.2
     17204.9
     18094.7
     17189.1
     18274.1
     17846.5
     18121.7
     18263.9
     18182.4
     18232.0
     17481.1
     17337.0
     17535.5
     18083.1
     18168.0
     18262.0
     18227.7
     18125.6
     18219.3
     18050.9
     18200.2
     18051.2
     18192.2
     18203.1
     18265.3
     18174.3
     17386.6
     18246.8
     18220.8
     18267.2
     18201.3
     17336.1
     18120.0
     17248.6
     17884.0
     18004.3
     18221.5
     18185.2
     17703.2
     18197.2
     17317.6
     18284.9
     16914.9
     18220.0
     17621.7
     18132.7
     18063.8
     17308.8
     18237.0
     17603.5
     18073.9
     18197.2
     17225.6
     17531.0
     18250.2
     18209.5
     17526.1
     17457.4
     18042.5
     17225.9
     17465.9
     18075.6
     18224.8
     18285.4
     18225.6
     18325.4
     18221.0
     18249.0
     17444.3
     17191.5
     18193.9
     18197.0
     18159.5
     18196.2
     18195.3
     18096.3
     18220.3
     18153.3
     18250.7
     18183.4
     18167.2
     18209.8
     17980.8
     18265.6
     17657.7
     18049.4
     17462.2
     17312.9
     18192.0
     17077.2
     18187.0
     18262.2
     18111.3
     18260.5
     18110.8
     18182.4
     18165.0
     18175.9
     18235.2
     17408.8
     18212.6
     18167.3
     18232.4
     17543.2
     18084.7
     18127.6
     17574.8
     18220.9
     18202.7
     16953.7
     18068.7
     17739.2
     18166.9
     17541.9
     17578.9
     17427.0
     18007.4
     18259.2
     17804.3
     17902.2
     17170.2
     17310.3
     18288.5
     18271.7
     17777.3
     18131.2
     18240.6
     18032.4
     18264.8
     16685.0
     18117.5
     17559.9
     18108.0
     18097.8
     18167.4
     17923.9
     18025.9
     18224.0
     18090.9
     18209.0
     17283.3
     18235.3
     18216.3
     18102.5
     18062.1
     18078.4
     17113.3
     17921.6
     17701.0
     18224.0
     18208.2
     17170.2
     17547.3
     18269.6
     18222.7
     18207.6
     18246.0
     17233.5
     18110.4
     18176.2
     18252.7
     17711.5
     18251.9
     17740.6
     18244.5
     17346.3
     18187.0
     17493.4
     17636.4
     18100.0
     18236.4
     17239.9
     17529.6
     18084.3
     17675.5
     18193.6
     17328.5
     18219.4
     18285.4
     18204.9
     18261.0
     18201.0
     18155.3
     18192.1
     18188.4
     18129.7
     18139.5
     17338.8
     17185.7
     17372.5
     18166.7
     17344.9
     18135.6
     17513.3
     17176.8
     18209.3
     18237.9
     17803.7
     17358.0
     17265.2
     17876.3
     17549.7
     18167.2
     18160.8
     18228.8
     18229.6
     17485.2
     18211.9
     17023.8
     17506.2
     17863.7
     17595.1
     17377.6
     18067.7
     18081.0
     17301.7
     17588.5
     18226.5
     17342.8
     18214.9
     17561.5
     18243.2
     17990.8
     18225.1
     18200.0
     18181.4
     17370.6
     18227.4
     18210.5
     18186.3
     18236.3
     18062.8
     18184.1
     16949.3
     18081.9
     18227.5
     18269.1
     18114.5
     18112.4
     18174.4
     18042.7
     17388.1
     17752.9
     18249.4
     17867.5
     17415.4
     18205.6
     17730.6
     18238.4
     18165.5
     17637.7
     17310.5
     17300.9
     18253.2
     18225.2
     18234.0
     17407.5
     18183.3
     18169.9
     17700.6
     17321.8
     17574.6
     18215.3
     18066.9
     17337.6
     17916.5
     17156.8
     18035.4
     18279.7
     17992.7
     18198.4
     18279.8
     17494.9
     17890.2
     17622.0
     18070.1
     18262.4
     18050.4
     18063.9
     18208.7
     17378.4
     18194.9
     18133.9
     17719.9
     17295.6
     18015.2
     18261.3
     18176.0
     16975.0
     18178.5
     18116.5
     18231.7
     18189.9
     17971.3
     18061.6
     18124.5
     18226.2
     18208.4
     18118.5
     17219.3
     17820.6
     18181.3
     17485.1
     18175.2
     17485.3
     18227.2
     17182.6
     18105.2
     17539.5
     17219.4
     18189.9
     18257.5
     18204.7
     18210.1
     18173.6
     18372.2
     18194.7
     17522.1
     18079.4
     17890.6
     17199.2
     18249.3
     18195.3
     18218.1
     17418.1
     18205.0
     18185.9
     18142.0
     18217.5
     18228.4
     18226.3
     17503.6
     18248.0
     18232.7
     18205.3
     17224.9
     17481.7
     17551.1
     18205.9
     18168.0
     18214.6
     18229.0
     18080.6
     18184.5
     17631.2
     18268.1
     17435.2
     17495.5
     17380.6
     17219.6
     17257.7
     17287.6
     17354.2
     17270.2
     17479.3
     17390.2
     17086.0
     17371.0
     18089.9
     18090.4
     18162.0
     17281.1
     18210.4
     17475.4
     17463.4
     17522.1
     18215.0
     18325.0
     18228.7
     18068.3
     17251.6
     18055.4
     17259.5
     18212.7
     18231.5
     18210.9
     17390.6
     18034.3
     18234.9
     18252.8
     18289.6
     17294.8
     17712.5
     18245.5
     17536.6
     18217.0
     17180.8
     18119.3
     17493.7
     17317.2
     16827.8
     18224.3
     17389.6
     18178.9
     17350.1
     17268.8
     17396.1
     18202.4
     18260.4
     17163.5
     17332.7
     18261.7
     17465.2
     17497.3
     17315.1
     18095.9
     17475.8
     18232.5
     17482.8
     17624.5
     17382.5
     18049.7
     18220.9
     18193.5
     18245.7
     18245.1
     17567.0
     18213.1
     17716.1
     17329.0
     16740.2
     17449.6
     17709.3
     17291.3
     17242.1
     17566.5
     18220.4
     18190.5
     18218.3
     17174.4
     18195.2
     17303.5
     18273.6
     18196.5
     17359.0
     17226.2
     18036.2
     18245.6
     17473.7
     18168.7
     17345.6
     16804.3
     18228.1
     17540.8
     17650.6
     18204.8
     18219.7
     17781.1
     18222.7
     18066.0
     17574.8
     18163.4
     17473.4
     18026.1
     18221.0
     18124.2
     17575.4
     18073.9
     17201.0
     18229.9
     17550.2
     17728.1
     17484.6
     18152.2
     17840.7
     17488.8
     17333.5
     18217.8
     17561.4
     17278.7
     17339.6
     18268.5
     17306.4
     17575.2
     18178.8
     18122.7
     18023.5
     17343.7
     18262.3
     18247.9
     18210.1
     17892.4
     18226.5
     18282.4
     18073.8
     17611.9
     18099.9
     18022.4
     17735.5
     17545.4
     18270.9
     17079.8
     17477.1
     18205.0
     17543.0
     18254.0
     18248.4
     17400.9
     18235.0
     17134.7
     18111.5
     17588.2
     17679.4
     17174.3
     17377.5
     18235.3
     18223.7
     18260.6
     17248.8
     18287.8
     18234.6
     17401.8
     18211.6
     18201.8
     18238.6
     17288.4
     17213.6
     18064.4
     18091.6
     18207.9
     18180.6
     17294.2
     18246.2
     18242.1
     18184.1
     17983.1
     18145.9
     17532.0
     18170.8
     18159.3
     18129.8
     18044.2
     18257.0
     18235.5
     18186.6
     18189.4
     18217.1
     18218.0
     17652.1
     18006.1
     18240.5
     18167.3
     17632.9
     18171.6
     17413.1
     17895.5
     18099.4
     18070.9
     17385.6
     17637.5
     18232.4
     17269.8
     18268.3
     18267.4
     18079.6
     17661.4
     17389.1
     18204.2
     18194.1
     17434.0
     18194.3
     18197.7
     17414.5
     17729.4
     18226.2
     17269.4
     17245.8
     17239.9
     17581.3
     18210.7
     18284.0
     18148.0
     17860.9
     17511.9
     18200.2
     17336.4
     18255.7
     18189.6
     17468.5
     18218.9
     18179.5
     18042.4
     17382.2
     17964.5
     18080.2
     17395.9
     17182.0
     17380.0
     18147.4
     18154.0
     18249.2
     17331.0
     18245.0
     17267.3
     18059.7
     17990.3
     18279.6
     18227.1
     18155.6
     17442.5
     18119.2
     18255.5
     18205.8
     17080.5
     17694.3
     17335.9
     18194.8
     18179.6
     18101.7
     18234.2
     17236.9
     17356.4
     17322.4
     18218.3
     18244.0
     17474.8
     17865.8
     18199.2
     18236.4
     18058.7
     18124.5
     17550.8
     17400.6
     17359.0
     18233.0
     17386.0
     17183.9
     17487.9
     17374.2
     17486.9
     16892.3
     18239.2
     17466.0
     17412.7
     18055.9
     18287.4
     17282.6
     17384.1
     18218.2
     18323.4
     18121.2
     17198.1
     17511.1
     17307.1
     18189.2
     17331.6
     18273.7
     17455.6
     17488.5
     18212.4
     17297.8
     17549.2
     18147.8
     16837.2
     17381.9
     17360.8
     18182.2
     18028.7
     18067.0
     18279.8
     17626.9
     18196.4
     18259.0
     18132.7
     18145.1
     17493.8
     17400.3
     17383.2
     17562.7
     17573.8
     18283.6
     18198.6
     18232.6
     18121.6
     18203.2
     18236.4
     18149.8
     16732.3
     18285.7
     17219.8
     18167.3
     18198.5
     18239.8
     17676.0
     18193.3
     18085.0
     18213.2
     18059.7
     18092.5
     18126.5
     18169.8
     18153.7
     17628.1
     18251.4
     17263.1
     17998.1
     17216.7
     18227.5
     17304.8
     18244.4
     17579.1
     18197.8
     18105.6
     17371.6
     17343.6
     17634.2
     17259.1
     16749.8
     17229.5
     17315.5
     18011.7
     17708.6
     18271.4
     18140.9
     18248.6
     17214.3
     18267.6
     18167.3
     18189.9
     18231.9
     18312.1
     18236.3
     17477.2
     18013.9
     17570.2
     17625.9
     17567.2
     18222.3
     17292.6
     18205.9
     18222.4
     18281.5
     18191.6
     17541.8
     18248.8
     17813.7
     18249.1
     18235.6
     17372.9
     18242.7
     17642.9
     17515.1
     18297.0
     18208.5
     18132.0
     18208.1
     18245.0
     18146.9
     18223.2
     17474.6
     18235.4
     18158.2
     18215.7
     17499.5
     18199.9
     18161.3
     18194.8
     17939.9
     18060.6
     17272.2
     18242.5
     18135.7
     18219.5
     18121.1
     17820.2
     18206.0
     17409.7
     18200.1
     18205.9
     18003.9
     18151.9
     17519.1
     18231.3
     18159.0
     17609.3
     18205.3
     18123.0
     17239.8
     17358.5
     18102.6
     18048.4
     17414.4
     18085.5
     17506.2
     18144.1
     18139.1
     18255.6
     17212.5
     17715.3
     18201.2
     17389.4
     17148.9
     17584.3
     17420.4
     18137.6
     17141.2
     18120.0
     18144.2
     17924.9
     18234.0
     18047.6
     18209.5
     18134.9
     18076.0
     18176.5
     18131.5
     18165.1
     18230.2
     18247.1
     18251.4
     18119.3
     18064.7
     18215.9
     18228.8
     18272.6
     18194.5
     18156.9
     18274.8
     17555.5
     17347.5
     18051.4
     17275.5
     18201.9
     18256.3
     18240.4
     18210.4
     18151.6
     18087.0
     17709.5
     17458.1
     18174.8
     18231.5
     17260.3
     17330.3
     17186.3
     18029.1
     18256.3
     17971.7
     17560.8
     18290.9
     18156.3
     17607.8
     18185.9
     17449.5
     18147.1
     18195.2
     18231.4
     18265.0
     18188.7
     18114.4
     17322.8
     17396.9
     18250.2
     17311.5
     18240.4
     18186.6
     18150.8
     18221.5
     18204.9
     18232.6
     18227.7
     18252.4
     18187.5
     17601.6
     17100.0
     17359.3
     18064.1
     18158.9
     18077.5
     18054.1
     18260.9
     16901.9
     17360.9
     18063.9
     18177.9
     18188.3
     18174.9
     18242.3
     17549.0
     18160.6
     18242.3
     18245.3
     18101.9
     17129.7
     18167.7
     18185.5
     18123.5
     18165.2
     18274.4
     17545.0
     18218.8
     17724.8
     18158.5
     18235.3
     18227.9
     18227.7
     18206.5
     18173.1
     18244.5
     17482.0
     18215.6
     17479.0
     17214.7
     18235.1
     18192.3
     18154.1
     17364.4
     18141.4
     17422.8
     18225.3
     17421.5
     18157.6
     18279.9
     18139.9
     17477.3
     17380.5
     18187.6
     17358.2
     17403.0
     18165.0
     18248.6
     18222.0
     18001.9
     17705.7
     18200.7
     18165.4
     17496.4
     18172.9
     18154.1
     18176.1
     17642.6
     18157.9
     17375.1
     17899.2
     17404.6
     18174.3
     18194.2
     18279.9
     18131.0
     18099.2
     18216.6
     18149.8
     18084.7
     17497.6
     18226.5
     17910.0
     17989.7
     17213.8
     18053.1
     17335.6
     18182.0
     18206.4
     18205.5
     18170.9
     18209.1
     17294.6
     17226.0
     18170.2
     17549.4
     17424.6
     18264.0
     17264.6
     18197.9
     17276.7
     17201.1
     16874.6
     17449.7
     18190.2
     18295.7
     17230.7
     18163.6
     18166.0
     17449.0
     17763.8
     17338.5
     18228.9
     18126.0
     17750.4
     17465.6
     18286.0
     18037.6
     17540.0
     17313.0
     18273.2
     18238.7
     18235.2
     17307.3
     18108.8
     18182.6
     18099.9
     16893.7
     18142.7
     17033.8
     17356.4
     18226.6
     18199.3
     18211.9
     18111.0
     17738.0
     17270.8
     18029.1
     18150.1
     17310.0
     17452.0
     18168.3
     18302.9
     18269.9
     17361.3
     18251.0
     18293.7
     17344.9
     17356.4
     18087.7
     18083.3
     17623.7
     17475.6
     17523.1
     18256.9
     18035.5
     18288.5
     18198.2
     17540.7
     17690.1
     17578.0
     17796.5
     17686.8
     18261.2
     18009.1
     17614.7
     18224.7
     16985.2
     18239.2
     17569.6
     17143.8
     18245.5
     18191.4
     17248.3
     17301.7
     18178.6
     18236.5
     18223.6
     17479.1
     18056.2
     17516.8
     17495.1
     18149.1
     18115.4
     17316.0
     17607.8
     18230.2
     18234.9
     17252.6
     17251.5
     18180.9
     17564.8
     18321.5
     18202.8
     17558.3
     18015.5
     17268.7
     17569.7
     17477.5
     18179.0
     17138.1
     18237.7
     18274.4
     17802.2
     17898.7
     17730.9
     18177.4
     18117.5
     17330.1
     18322.2
     17269.7
     17512.8
     17687.2
     18103.1
     18180.8
     17338.6
     18205.2
     18138.1
     17990.9
     18127.7
     18107.0
     18107.6
     17652.0
     18231.8
     18225.6
     17181.7
     18127.6
     18088.8
     18123.8
     18097.5
     18272.4
     18221.4
     18232.6
     18210.3
     17279.7
     18241.4
     18159.8
     18136.6
     18233.9
     18203.1
     18162.4
     18216.2
     17407.7
     18126.3
     18183.5
     18223.0
     17325.7
     17316.9
     18210.4
     17638.5
     17220.5
     17189.4
     18132.7
     17527.7
     18069.8
     18127.4
     18174.1
     18221.0
     17518.6
     17258.0
     17663.4
     18172.5
     18209.9
     18221.9
     18161.6
     18089.8
     18170.9
     18056.9
     17290.5
     17818.4
     17692.1
     17232.1
     17436.3
     18048.9
     18098.6
     18263.5
     18220.3
     18223.3
     18041.3
     17378.2
     17367.2
     18141.8
     18217.7
     17575.0
     17518.2
     18155.8
     18276.0
     17253.2
     18227.1
     18235.7
     17616.2
     17279.3
     18136.3
     18142.7
     18290.6
     18241.4
     18161.0
     18315.4
     17301.8
     17479.3
     17000.1
     18051.6
     17416.7
     17474.7
     18151.8
     18313.6
     17302.8
     18239.6
     17570.9
     17065.0
     16912.3
     18186.8
     18114.0
     17985.4
     17495.2
     18225.8
     17559.6
     18230.1
     17687.9
     17540.2
     17477.2
     18121.1
     17933.3
     17527.9
     17982.6
     17869.1
     18019.5
     17235.9
     17582.1
     17502.1
     18235.5
     17209.0
     18232.5
     17321.7
     18122.1
     18156.2
     17431.7
     18164.0
     18192.2
     18020.8
     18172.7
     17668.2
     17365.4
     18171.6
     18233.9
     17450.9
     17475.8
     18162.1
     17768.4
     18259.6
     18187.5
     17317.4
     18183.5
     18022.6
     17499.0
     18295.1
     18143.9
     17373.1
     18179.9
     18301.5
     18061.7
     17541.8
     17628.6
     18197.1
     17377.6
     18071.7
     18185.4
     18227.9
     18247.4
     18177.5
     18092.6
     17523.3
     18184.0
     18267.9
     18138.1
     18174.3
     17877.1
     18182.4
     18219.7
     17648.6
     18078.1
     18199.4
     18156.6
     17506.2
     17523.5
     17200.8
     18181.1
     18155.4
     17497.4
     18219.4
     17171.8
     17568.7
     18123.9
     17276.6
     18076.0
     18166.8
     18179.6
     17135.9
     18185.7
     18324.0
     18250.8
     17399.2
     17405.8
     18189.9
