9548.8 
9537.4 
9539.8 
9618.1 
9430.4 
9642.3 
9517.7 
9537.2 
9647.2 
9534.8 
9563.1 
9464.2 
9505.2 
9351.6 
9533.9 
9538.5 
9538.5 
9575.6 
9477.9 
9593.4 
9437.3 
9652.5 
9431.4 
9598.2 
9535.3 
9432.1 
9508.3 
9624.8 
9496.9 
9656.3 
9517.4 
9607.7 
9485.5 
9553.1 
9599.9 
9524.9 
9574.0 
9605.3 
9462.2 
9566.9 
9503.1 
9573.0 
9542.6 
9532.7 
9448.7 
9564.1 
9469.1 
9496.4 
9551.8 
9514.2 
9613.1 
9489.2 
9646.8 
9586.2 
9603.4 
9652.9 
9609.5 
9515.7 
9529.5 
9626.0 
9595.5 
9686.5 
9536.6 
9455.3 
9536.2 
9554.1 
9473.8 
9667.6 
9426.7 
9591.4 
9553.6 
9579.1 
9576.0 
9550.4 
9457.0 
9570.0 
9442.5 
9534.1 
9578.3 
9486.7 
9672.0 
9483.9 
9494.5 
9417.5 
9563.5 
9540.7 
9439.9 
9515.9 
9536.3 
9555.5 
9535.1 
9602.2 
9461.0 
9556.2 
9483.0 
9691.6 
9670.3 
9452.4 
9614.3 
9588.9 
9505.3 
9515.1 
9542.2 
9505.6 
9438.9 
9519.3 
9558.2 
9599.6 
9612.6 
9596.8 
9576.5 
9701.4 
9596.4 
9373.3 
9663.2 
9481.9 
9635.3 
9532.7 
9575.2 
9522.0 
9508.8 
9588.9 
9603.2 
9506.5 
9528.9 
9568.3 
9582.0 
9575.1 
9576.3 
9587.8 
9601.7 
9440.0 
9517.9 
9430.5 
9617.7 
9660.3 
9490.5 
9603.7 
9296.6 
9431.7 
9516.7 
9588.5 
9579.2 
9480.8 
9505.3 
9489.8 
9629.1 
9635.7 
9572.8 
9508.1 
9556.9 
9600.1 
9438.6 
9629.8 
9519.1 
9561.8 
9531.5 
9362.7 
9592.3 
9552.2 
9462.0 
9614.1 
9624.5 
9503.3 
9514.7 
9515.1 
9434.8 
9603.6 
9457.6 
9549.9 
9604.3 
9550.3 
9579.3 
9583.4 
9642.8 
9468.6 
9515.8 
9589.0 
9554.5 
9569.6 
9594.2 
9594.4 
9427.7 
9568.8 
9581.2 
9588.1 
9588.6 
9539.3 
9523.3 
9391.5 
9481.5 
9406.5 
9537.3 
9618.9 
9467.4 
9502.4 
9584.2 
9429.1 
9541.1 
9558.9 
9591.2 
9461.4 
9474.2 
9589.6 
9568.0 
9571.5 
9605.7 
9380.5 
9611.9 
9551.4 
9501.0 
9643.6 
9585.2 
9544.2 
9550.6 
9479.0 
9636.2 
9564.0 
9431.0 
9594.5 
9466.7 
9687.9 
9399.9 
9560.8 
9474.1 
9539.9 
9617.5 
9422.7 
9561.6 
9564.1 
9500.4 
9456.4 
9543.2 
9482.5 
9423.5 
9607.5 
9573.8 
9587.0 
9562.4 
9563.6 
9580.0 
9585.4 
9683.5 
9372.6 
9328.2 
9574.7 
9538.9 
9585.5 
9565.9 
9478.9 
9598.6 
9492.2 
9612.6 
9510.4 
9433.4 
9467.0 
9523.8 
9559.7 
9504.6 
9529.1 
9523.8 
9597.0 
9590.7 
9533.8 
9482.4 
9588.9 
9576.4 
9611.3 
9559.2 
9569.5 
9593.8 
9552.3 
9615.6 
9571.1 
9627.1 
9698.3 
9538.6 
9552.2 
9551.2 
9617.9 
9692.5 
9556.5 
9396.1 
9562.3 
9581.9 
9622.6 
9532.4 
9306.0 
9543.2 
9600.2 
9550.1 
9581.4 
9523.7 
9572.5 
9436.5 
9595.9 
9667.1 
9608.9 
9529.3 
9474.1 
9586.6 
9714.8 
9612.1 
9515.5 
9589.5 
9507.8 
9552.8 
9603.5 
9552.1 
9616.3 
9556.3 
9530.7 
9583.7 
9517.7 
9536.0 
9421.0 
9482.4 
9452.9 
9596.6 
9542.1 
9538.9 
9611.8 
9568.5 
9505.9 
9656.3 
9532.9 
9555.4 
9547.9 
9584.2 
9447.6 
9562.7 
9612.4 
9483.5 
9425.3 
9553.7 
9503.8 
9606.4 
9725.0 
9520.7 
9397.7 
9557.8 
9567.8 
9644.7 
9562.6 
9460.3 
9477.9 
9515.9 
9585.3 
9450.3 
9364.9 
9621.3 
9451.6 
9581.9 
9666.3 
9544.7 
9565.3 
9480.7 
9540.7 
9613.3 
9497.6 
9562.0 
9599.2 
9472.4 
9600.8 
9663.5 
9589.0 
9657.2 
9655.3 
9688.5 
9435.8 
9599.2 
9539.6 
9534.5 
9526.6 
9514.5 
9587.9 
9571.6 
9606.4 
9467.8 
9300.5 
9502.7 
9658.8 
9613.9 
9460.0 
9626.2 
9431.8 
9592.2 
9510.1 
9399.7 
9535.9 
9555.0 
9564.3 
9533.9 
9670.8 
9515.3 
9521.3 
9426.2 
9406.8 
9516.2 
9523.2 
9340.1 
9471.4 
9513.7 
9569.2 
9471.8 
9661.8 
9544.7 
9549.8 
9621.1 
9575.4 
9431.8 
9449.3 
9576.4 
9519.2 
9564.5 
9543.5 
9598.5 
9725.6 
9553.4 
9517.3 
9421.4 
9366.7 
9550.5 
9390.6 
9503.2 
9514.6 
9581.9 
9434.2 
9744.8 
9473.1 
9647.0 
9614.5 
9568.4 
9497.5 
9569.1 
9356.0 
9581.4 
9623.0 
9533.2 
9501.6 
9564.8 
9567.8 
9583.6 
9467.2 
9395.4 
9549.2 
9618.8 
9585.5 
9522.8 
9570.5 
9605.4 
9546.3 
9452.6 
9479.3 
9601.6 
9574.8 
9564.8 
9564.6 
9560.4 
9369.3 
9585.6 
9424.5 
9499.9 
9580.3 
9680.6 
9510.5 
9542.2 
9557.7 
9581.5 
9492.6 
9503.4 
9642.2 
9499.7 
9473.9 
9548.4 
9499.7 
9581.6 
9368.6 
9447.9 
9506.7 
9562.9 
9491.8 
9456.5 
9602.8 
9528.3 
9583.3 
9416.5 
9580.7 
9442.0 
9448.9 
9638.5 
9407.6 
9570.5 
9570.2 
9647.6 
9592.0 
9539.1 
9568.9 
9577.5 
9563.1 
9519.7 
9529.3 
9680.3 
9532.0 
9472.8 
9469.1 
9545.0 
9601.9 
9617.2 
9556.7 
9512.9 
9544.2 
9510.8 
9563.6 
9619.0 
9510.1 
9313.0 
9452.4 
9509.4 
9665.5 
9598.2 
9544.5 
9529.9 
9567.0 
9494.8 
9471.1 
9656.9 
9555.3 
9590.9 
9624.6 
9557.0 
9574.0 
9569.9 
9576.0 
9538.3 
9563.2 
9581.2 
9754.1 
9628.5 
9558.5 
9560.9 
9593.2 
9517.1 
9560.9 
9488.3 
9545.9 
9588.8 
9513.4 
9547.8 
9470.8 
9578.8 
9452.4 
9527.2 
9558.3 
9487.7 
9506.8 
9388.3 
9536.4 
9534.2 
9560.0 
9574.5 
9671.8 
9566.3 
9600.6 
9541.0 
9539.6 
9588.5 
9537.7 
9529.6 
9574.3 
9525.0 
9455.9 
9369.5 
9595.8 
9572.5 
9477.5 
9627.8 
9407.6 
9559.7 
9543.1 
9559.3 
9532.0 
9503.6 
9481.1 
9586.4 
9614.0 
9559.4 
9592.6 
9618.9 
9531.3 
9498.2 
9528.6 
9597.6 
9391.6 
9571.2 
9654.1 
9556.9 
9448.8 
9549.8 
9509.2 
9545.4 
9576.3 
9573.1 
9560.7 
9681.1 
9660.7 
9612.9 
9508.0 
9479.9 
9626.2 
9530.2 
9565.5 
9574.6 
9614.8 
9489.6 
9528.4 
9473.1 
9523.1 
9589.6 
9654.3 
9594.8 
9589.9 
9531.9 
9591.9 
9567.3 
9542.9 
9478.0 
9559.6 
9533.8 
9525.8 
9569.4 
9691.4 
9629.4 
9571.2 
9561.3 
9510.6 
9636.3 
9487.3 
9521.1 
9319.1 
9459.8 
9424.6 
9558.5 
9563.8 
9581.4 
9650.8 
9429.7 
9576.9 
9505.7 
9535.5 
9633.5 
9573.4 
9520.3 
9536.2 
9534.9 
9516.1 
9525.7 
9530.6 
9464.2 
9612.5 
9491.7 
9574.2 
9536.3 
9557.8 
9697.6 
9560.0 
9627.5 
9574.3 
9536.5 
9597.2 
9560.1 
9548.6 
9604.6 
9512.2 
9464.9 
9480.2 
9530.1 
9593.7 
9611.4 
9423.3 
9555.8 
9574.3 
9524.2 
9459.2 
9655.8 
9527.5 
9432.2 
9590.5 
9660.7 
9634.4 
9519.0 
9681.0 
9655.8 
9505.7 
9683.0 
9600.0 
9594.3 
9535.8 
9465.2 
9567.8 
9604.2 
9578.9 
9604.9 
9443.0 
9577.3 
9582.4 
9562.0 
9533.6 
9682.1 
9563.3 
9498.8 
9636.3 
9657.7 
9576.1 
9400.3 
9477.8 
9506.4 
9548.6 
9582.7 
9610.1 
9568.7 
9545.3 
9588.5 
9535.8 
9555.8 
9532.0 
9421.5 
9471.3 
9484.1 
9591.6 
9455.6 
9471.4 
9589.6 
9550.0 
9531.4 
9583.7 
9494.9 
9597.0 
9559.5 
9474.9 
9562.0 
9607.3 
9570.4 
9623.7 
9662.3 
9658.5 
9541.2 
9482.0 
9576.5 
9602.9 
9481.6 
9573.6 
9457.8 
9547.2 
9462.2 
9527.4 
9519.0 
9531.9 
9496.0 
9458.0 
9592.9 
9492.5 
9513.6 
9511.9 
9586.5 
9508.5 
9590.4 
9520.3 
9444.9 
9568.7 
9544.3 
9484.8 
9573.5 
9739.3 
9556.1 
9518.6 
9552.1 
9692.7 
9586.0 
9407.9 
9631.4 
9551.4 
9575.6 
9581.3 
9634.1 
9583.2 
9575.8 
9463.2 
9587.8 
9540.2 
9523.3 
9496.2 
9406.2 
9666.3 
9442.0 
9600.1 
9699.1 
9536.2 
9618.9 
9575.3 
9563.2 
9402.5 
9456.4 
9526.8 
9600.3 
9503.0 
9527.0 
9406.8 
9447.4 
9572.9 
9506.8 
9604.7 
9509.3 
9556.7 
9556.7 
9386.5 
9560.5 
9640.8 
9439.2 
9596.9 
9660.7 
9541.2 
9550.0 
9566.1 
9603.9 
9576.7 
9558.6 
9388.7 
9523.4 
9448.3 
9623.7 
9582.2 
9534.0 
9532.0 
9563.6 
9609.8 
9603.8 
9413.6 
9555.3 
9723.5 
9508.4 
9600.0 
9680.9 
9520.3 
9453.3 
9438.7 
9686.3 
9558.8 
9471.1 
9514.3 
9539.1 
9625.7 
9429.7 
9677.8 
9511.5 
9527.7 
9480.9 
9507.7 
9407.6 
9567.7 
9426.0 
9567.2 
9556.6 
9467.6 
9541.1 
9417.4 
9439.2 
9585.0 
9581.3 
9345.8 
9584.3 
9439.6 
9550.2 
9408.9 
9582.6 
9498.9 
9438.1 
9607.6 
9502.0 
9512.0 
9567.0 
9507.7 
9543.4 
9565.4 
9540.3 
9458.3 
9514.9 
9558.9 
9570.6 
9525.2 
9649.3 
9413.1 
9527.9 
9570.4 
9608.7 
9587.1 
9531.3 
9505.7 
9610.6 
9574.5 
9502.4 
9563.1 
9468.1 
9637.1 
9615.8 
9537.5 
9472.0 
9603.6 
9425.6 
9595.9 
9508.4 
9572.0 
9520.9 
9544.6 
9574.0 
9548.0 
9548.7 
9555.6 
9573.7 
9543.6 
9530.2 
9474.0 
9588.2 
9506.2 
9743.2 
9511.2 
9594.1 
9458.7 
9526.9 
9592.0 
9591.9 
9689.7 
9680.1 
9499.5 
9584.8 
9597.0 
9565.3 
9609.2 
9596.3 
9467.3 
9604.9 
9652.4 
9650.5 
9526.9 
9448.1 
9637.5 
9479.5 
9376.4 
9551.9 
9657.6 
9606.1 
9541.6 
9558.6 
9572.5 
9548.7 
9392.1 
9634.6 
9551.2 
9516.6 
9558.0 
9487.6 
9556.4 
9624.2 
9550.2 
9528.2 
9482.2 
9535.9 
9468.1 
9601.1 
9541.9 
9398.8 
9561.8 
9510.3 
9448.1 
9640.4 
9557.4 
9554.5 
9537.1 
9595.9 
9578.8 
9508.2 
9630.1 
9562.9 
9498.3 
9542.5 
9636.1 
9500.0 
9567.7 
9545.1 
9712.5 
9508.3 
9451.9 
9629.0 
9561.7 
9466.4 
9609.4 
9423.6 
9649.2 
9587.9 
9612.8 
9430.4 
9556.4 
9382.9 
9614.5 
9620.3 
9466.1 
9433.1 
9543.0 
9423.5 
9548.3 
9507.1 
9465.3 
9474.4 
9565.8 
9594.4 
9509.9 
9667.9 
9579.0 
9415.6 
9567.6 
9496.4 
9682.8 
9589.5 
9467.2 
9594.9 
9532.8 
9446.9 
9502.6 
9357.5 
9562.6 
9638.5 
9498.2 
9599.5 
9560.7 
9605.7 
9497.9 
9532.3 
9594.6 
9541.0 
9514.9 
9426.4 
9575.3 
9500.8 
9569.6 
9616.7 
9567.8 
9580.0 
9469.0 
9570.4 
9548.9 
9737.1 
9511.6 
9569.1 
9529.7 
9535.4 
9557.4 
9515.4 
9707.4 
9586.4 
9528.3 
9440.2 
9566.2 
9524.8 
9561.6 
9458.6 
9579.5 
9411.1 
9521.4 
9653.2 
9572.6 
9552.1 
9574.9 
9544.7 
9629.1 
9555.9 
9451.0 
9498.2 
9717.3 
9567.5 
9429.2 
9504.7 
9623.8 
9509.1 
9605.6 
9519.6 
9586.9 
9600.3 
9333.6 
9639.1 
9533.1 
9497.7 
9403.3 
9480.9 
9593.3 
9625.7 
9558.0 
9680.9 
9464.9 
9660.0 
9463.4 
9563.2 
9478.2 
9413.4 
9504.3 
9348.9 
9627.2 
9587.1 
9561.4 
9541.1 
9537.2 
9436.1 
9515.1 
9476.9 
9597.8 
9716.6 
9511.2 
9539.1 
9602.2 
9518.3 
9621.0 
9577.0 
9556.3 
9503.2 
9552.8 
9589.2 
9466.5 
9536.6 
9632.7 
9751.8 
9676.5 
9531.1 
9562.2 
9609.4 
9539.6 
9594.2 
9446.9 
9532.1 
9614.7 
9576.0 
9600.3 
9590.6 
9625.0 
9500.4 
9678.9 
9619.1 
9593.2 
9510.3 
9579.2 
9630.2 
9545.1 
9496.5 
9606.1 
9654.6 
9446.2 
9425.9 
9518.6 
9565.4 
9682.2 
9551.4 
9554.2 
9536.3 
9592.7 
9604.3 
9597.6 
9533.7 
9613.4 
9515.0 
9590.8 
9609.3 
9400.0 
9557.4 
9680.3 
9627.7 
9393.7 
9454.9 
9550.3 
9435.5 
9524.5 
9521.4 
9523.4 
9492.6 
9538.7 
9372.9 
9556.8 
9502.0 
9742.7 
9531.5 
9550.6 
9546.7 
9586.3 
9413.9 
9505.2 
9486.7 
9543.2 
9543.9 
9560.7 
9557.0 
9541.9 
9445.2 
9652.4 
9555.4 
9560.2 
9603.6 
9611.0 
9529.0 
9621.8 
9585.6 
9472.9 
9374.5 
9374.4 
9709.4 
9552.0 
9574.5 
9545.4 
9510.8 
9570.4 
9513.8 
9504.2 
9455.9 
9455.8 
9440.0 
9515.1 
9529.4 
9628.6 
9522.8 
9713.7 
9468.3 
9591.9 
9492.1 
9588.0 
9692.7 
9503.6 
9528.8 
9486.7 
9461.4 
9622.1 
9516.9 
9582.2 
9596.5 
9554.0 
9600.8 
9591.3 
9594.2 
9494.4 
9682.0 
9544.0 
9551.7 
9595.8 
9734.7 
9561.1 
9604.7 
9432.6 
9542.0 
9580.6 
9704.2 
9540.3 
9590.9 
9566.9 
9447.4 
9424.8 
9721.7 
9566.8 
9497.2 
9579.9 
9360.2 
9590.9 
9537.1 
9532.8 
9602.0 
9567.8 
9502.3 
9623.2 
9462.1 
9483.9 
9511.1 
9543.9 
9572.5 
9446.9 
9582.3 
9424.5 
9463.4 
9531.7 
9515.6 
9545.4 
9619.9 
9528.9 
9481.7 
9471.9 
9433.8 
9528.3 
9535.6 
9586.7 
9302.2 
9492.0 
9561.3 
9605.3 
9561.6 
9547.0 
9627.4 
9600.2 
9543.9 
9511.5 
9596.6 
9570.0 
9501.5 
9642.6 
9589.4 
9559.2 
9545.2 
9511.8 
9464.2 
9692.0 
9659.1 
9560.6 
9477.7 
9657.6 
9524.1 
9405.7 
9600.8 
9532.0 
9621.5 
9613.2 
9470.3 
9541.0 
9702.2 
9601.5 
9683.5 
9406.9 
9636.5 
9555.6 
9579.2 
9608.5 
9503.7 
9463.1 
9531.4 
9491.8 
9422.1 
9615.0 
9652.8 
9294.9 
9546.2 
9462.6 
9570.7 
9663.1 
9731.2 
9485.9 
9609.2 
9490.5 
9659.8 
9445.8 
9504.8 
9507.2 
9384.8 
9564.8 
9556.9 
9567.5 
9652.6 
9557.5 
9432.7 
9550.0 
9517.0 
9489.9 
9541.6 
9503.2 
9588.1 
9466.2 
9440.1 
9417.8 
9593.2 
9680.1 
9521.0 
9543.2 
9452.0 
9448.7 
9590.4 
9583.2 
9612.6 
9544.9 
9576.2 
9595.5 
9514.1 
9746.6 
9567.2 
9629.9 
9484.0 
9621.8 
9433.5 
9655.1 
9735.3 
9504.2 
9415.6 
9411.8 
9546.3 
9545.5 
9588.8 
9655.8 
9502.0 
9448.7 
9571.0 
9721.9 
9665.2 
9567.5 
9613.3 
9492.4 
9462.4 
9585.6 
9456.9 
9524.1 
9583.7 
9520.8 
9431.2 
9541.5 
9604.7 
9584.7 
9578.8 
9467.3 
9571.7 
9556.5 
9535.1 
9522.2 
9468.5 
9583.9 
9508.4 
9494.6 
9477.7 
9542.5 
9554.1 
9684.1 
9530.3 
9574.4 
9510.2 
9663.8 
9566.4 
9580.0 
9583.4 
9581.3 
9688.5 
9569.5 
9565.5 
9521.3 
9413.0 
9656.1 
9713.4 
9430.6 
9629.5 
9607.3 
9476.4 
9561.6 
9517.0 
9550.5 
9459.0 
9544.0 
9557.1 
9439.9 
9521.8 
9458.5 
9505.5 
9618.4 
9505.8 
9648.3 
9445.8 
9449.9 
9561.8 
9608.5 
9614.7 
9549.2 
9463.5 
9575.8 
9476.7 
9598.1 
9531.3 
9575.7 
9558.5 
9360.1 
9490.2 
9542.5 
9549.1 
9355.7 
9550.2 
9539.4 
9507.8 
9559.3 
9494.4 
9572.5 
9556.5 
9552.7 
9384.7 
9610.0 
9587.8 
9567.9 
9403.8 
9572.5 
9535.2 
9606.5 
9434.7 
9561.9 
9477.2 
9435.6 
9544.2 
9584.1 
9560.1 
9480.2 
9549.2 
9585.8 
9717.1 
9539.6 
9597.1 
9568.0 
9587.1 
9443.6 
9713.3 
9518.1 
9446.0 
9456.0 
9633.1 
9442.8 
9653.0 
9500.5 
9397.0 
9423.3 
9628.0 
9471.1 
9512.9 
9511.4 
9472.7 
9467.1 
9697.3 
9419.7 
9464.6 
9515.4 
9549.3 
9437.3 
9638.5 
9523.2 
9513.6 
9495.9 
9494.5 
9699.2 
9460.2 
9613.6 
9569.4 
9557.0 
9622.5 
9507.9 
9495.1 
9541.0 
9515.6 
9507.9 
9534.3 
9429.4 
9443.4 
9438.6 
9581.2 
9541.0 
9540.3 
9509.4 
9562.6 
9594.3 
9519.8 
9483.9 
9522.0 
9517.4 
9682.6 
9633.4 
9586.1 
9534.3 
9640.6 
9538.7 
9420.1 
9591.6 
9583.5 
9581.9 
9607.5 
9533.7 
9475.2 
9567.7 
9525.2 
9411.2 
9470.8 
9546.6 
9601.1 
9640.8 
9498.4 
9618.9 
9615.7 
9637.5 
9630.5 
9570.0 
9563.2 
9425.9 
9591.4 
9553.0 
9536.4 
9585.3 
9506.5 
9574.1 
9544.9 
9521.6 
9502.6 
9479.1 
9482.9 
9457.2 
9369.7 
9533.9 
9588.2 
9565.6 
9442.3 
9583.1 
9422.2 
9553.7 
9553.9 
9587.0 
9507.4 
9558.5 
9593.9 
9436.3 
9483.5 
9475.0 
9534.8 
9600.4 
9531.2 
9621.0 
9596.1 
9589.1 
9651.9 
9550.7 
9442.2 
9504.3 
9596.3 
9495.5 
9536.3 
9600.1 
9582.8 
9501.0 
9542.3 
9476.3 
9559.6 
9470.8 
9545.5 
9629.1 
9481.8 
9635.4 
9594.2 
9450.6 
9560.1 
9497.8 
9464.8 
9510.3 
9501.9 
9548.7 
9515.6 
9693.4 
9518.3 
9607.2 
9562.0 
9386.9 
9375.3 
9526.7 
9668.5 
9578.6 
9569.8 
9416.1 
9556.6 
9472.3 
9602.4 
9696.1 
9557.0 
9676.1 
9550.3 
9530.0 
9539.3 
9489.1 
9424.9 
9547.5 
9461.7 
9573.7 
9674.4 
9580.5 
9398.5 
9392.7 
9670.4 
9449.7 
9563.7 
9522.8 
9644.6 
9549.6 
9422.8 
9584.0 
9556.8 
9525.4 
9605.1 
9480.7 
9468.7 
9536.4 
9728.6 
9587.1 
9560.0 
9644.8 
9537.4 
9563.2 
9518.8 
9543.2 
9640.3 
9459.9 
9450.6 
9571.1 
9482.7 
9490.3 
9508.8 
9557.5 
9556.6 
9449.4 
9490.2 
9464.0 
9598.4 
9674.9 
9567.2 
9569.2 
9596.6 
9647.4 
9376.0 
9564.1 
9426.8 
9358.7 
9614.6 
9515.8 
9602.6 
9560.9 
9558.5 
9541.1 
9502.5 
9460.2 
9677.6 
9457.3 
9454.5 
9530.2 
9563.2 
9564.8 
9627.3 
9504.9 
9706.1 
9568.6 
9588.4 
9624.7 
9712.1 
9550.9 
9504.1 
9641.1 
9579.9 
9560.7 
9579.2 
9339.6 
9556.5 
9530.1 
9549.8 
9591.1 
9550.3 
9478.4 
9558.0 
9637.3 
9563.3 
9619.1 
9587.3 
9694.3 
9578.2 
9526.0 
9636.1 
9508.9 
9564.5 
9650.7 
9536.5 
9559.0 
9587.7 
9492.6 
9736.4 
9419.4 
9439.3 
9533.1 
9527.1 
9502.3 
9655.3 
9462.5 
9508.9 
9587.0 
9639.1 
9643.5 
9567.1 
9554.5 
9582.5 
9555.6 
9575.1 
9470.5 
9580.2 
9609.0 
9708.4 
9536.4 
9496.3 
9557.5 
9517.0 
9407.3 
9416.9 
9513.0 
9511.6 
9513.9 
9657.3 
9543.4 
9686.7 
9667.1 
9668.5 
9520.3 
9590.6 
9470.1 
9561.2 
9459.4 
9442.4 
9513.3 
9350.7 
9522.3 
9541.9 
9561.0 
9569.3 
9687.1 
9624.7 
9429.6 
9447.3 
9426.5 
9538.6 
9560.8 
9569.7 
9576.8 
9575.9 
9472.6 
9416.1 
9507.1 
9535.2 
9630.1 
9575.8 
9541.3 
9450.3 
9516.4 
9592.1 
9572.6 
9700.3 
9619.2 
9464.3 
9546.4 
9302.6 
9590.0 
9465.2 
9685.7 
9422.8 
9494.4 
9535.9 
9571.7 
9576.6 
9420.7 
9397.8 
9500.7 
9506.3 
9570.2 
9516.4 
9433.9 
9494.7 
9556.6 
9590.3 
9510.1 
9504.0 
9600.6 
9514.4 
9494.8 
9412.4 
9558.3 
9532.8 
9562.3 
9468.0 
9672.1 
9467.9 
9483.5 
9508.8 
9731.0 
9448.9 
9476.3 
9589.8 
9621.6 
9530.0 
9573.7 
9465.8 
9723.6 
9448.5 
9614.8 
9586.9 
9542.6 
9613.8 
9523.0 
9539.9 
9699.4 
9510.2 
9406.7 
9472.5 
9609.4 
9468.3 
9387.4 
9683.4 
9581.2 
9652.3 
9536.4 
9579.9 
9474.6 
9431.3 
9611.5 
9586.4 
9569.9 
9539.3 
9613.1 
9512.8 
9572.6 
9665.6 
9493.8 
9472.6 
9524.3 
9469.4 
9610.8 
9520.3 
9631.3 
9656.4 
9600.1 
9607.2 
9544.9 
9590.9 
9587.4 
9538.7 
9588.1 
9714.2 
9363.6 
9538.0 
9495.3 
9528.0 
9441.8 
9659.6 
9469.0 
9578.4 
9456.1 
9607.7 
9626.9 
9568.5 
9518.6 
9553.2 
9649.3 
9610.1 
9458.2 
9501.1 
9461.2 
9383.7 
9478.7 
9562.6 
9586.7 
9406.4 
9573.2 
9585.2 
9434.0 
9504.4 
9439.6 
9632.3 
9670.8 
9689.0 
9437.9 
9353.4 
9574.1 
9501.2 
9536.8 
9550.3 
9509.5 
9535.5 
9536.8 
9562.5 
9566.7 
9436.8 
9612.7 
9521.5 
9572.4 
9560.9 
9553.0 
9510.9 
9507.3 
9630.0 
9484.1 
9613.2 
9555.3 
9587.6 
9557.1 
9477.4 
9573.2 
9554.3 
9588.1 
9633.6 
9557.5 
9567.7 
9521.2 
9687.9 
9528.3 
