0 3.507634
1 3.615372
2 3.587606
3 3.390073
4 3.234873
5 4.833198
6 7.053154
7 5.632408
8 7.183578
9 6.441151
10 9.005627
11 8.357209
12 5.235770
13 7.086730
14 7.014292
15 6.616000
16 9.924564
17 9.142525
18 9.330070
19 9.059054
20 9.456841
21 11.752425
22 11.814106
23 12.273667
24 11.735192
25 12.729890
26 15.138692
27 16.433441
28 15.997501
29 15.989153
30 17.714853
31 16.207066
32 17.936306
33 14.574762
34 13.067895
35 14.611621
36 13.082962
37 13.696206
38 14.913245
39 15.760254
40 13.925077
41 16.305967
42 14.902472
43 10.884674
44 16.690552
45 17.225311
46 17.006004
47 16.278687
48 15.589128
49 14.219557
50 14.777917
51 14.426010
52 14.659233
53 12.484276
54 17.809069
55 13.355157
56 15.625014
57 17.640697
58 18.382164
59 17.515804
60 16.891338
61 17.962502
62 20.186478
63 18.672251
64 16.043236
65 15.272238
66 15.585543
67 15.382022
68 15.692594
69 14.708576
70 14.766159
71 15.821771
72 13.299325
73 15.260189
74 14.553941
75 12.298244
76 15.353503
77 17.524261
78 16.597071
79 18.371437
80 19.186964
81 19.157755
82 15.265582
83 18.024824
84 16.311008
85 14.675813
86 15.397413
87 15.495194
88 15.262450
89 14.385673
90 18.536465
91 17.624228
92 17.344421
93 17.782087
94 16.040127
95 15.677214
96 15.341623
97 15.408166
98 14.384922
99 13.514689
100 13.185351
101 14.780252
102 15.462194
103 16.579702
104 11.932043
105 14.056349
106 15.640776
107 15.734106
108 16.216635
109 15.902138
110 16.456949
111 14.606673
112 16.050686
113 16.769192
114 17.375786
115 16.064178
116 12.595547
117 15.846844
118 16.459919
119 16.041880
120 16.679956
121 17.499020
122 17.261602
123 17.093979
124 16.278196
125 16.796635
126 17.388773
127 16.340630
128 15.352644
129 16.669359
130 15.953509
131 15.891867
132 17.919964
133 15.883662
134 19.029711
135 18.188747
136 17.067682
137 16.478390
138 18.185089
139 15.161800
140 16.347731
141 18.481588
142 17.748119
143 17.861538
144 18.056244
145 16.098637
146 15.615211
147 17.313471
148 18.312023
149 17.733755
150 16.288504
151 17.460615
152 18.994171
153 19.510033
154 17.550671
155 16.625929
156 17.209694
157 16.955559
158 14.831788
159 16.825186
160 16.417557
161 17.334858
162 16.312677
163 14.866081
164 16.814539
165 16.962484
166 18.563387
167 18.827093
168 16.520588
169 18.702795
170 19.742592
171 18.684555
172 18.215143
173 19.293793
174 15.597404
175 18.226110
176 15.624104
177 16.294224
178 15.375874
179 16.662716
180 16.502155
181 17.383909
182 16.770090
183 18.705080
184 16.491693
185 15.664522
186 16.824236
187 18.542273
188 20.107508
189 21.069351
190 22.180700
191 19.512774
192 21.023561
193 21.371582
194 19.203102
195 20.742783
196 22.731321
197 18.080103
198 17.299282
199 17.318964
200 17.436806
201 17.098436
202 15.670550
203 15.055182
204 13.954071
205 14.592022
206 16.617479
207 14.751939
208 12.814516
209 13.283108
210 14.711039
211 13.805658
212 15.959442
213 15.252259
214 11.735354
215 13.815720
216 13.657767
217 12.443854
218 10.767721
219 14.427707
220 14.634705
221 13.351156
222 11.943909
223 11.931127
224 11.485401
225 12.109106
226 13.593214
227 11.998426
228 13.543653
229 12.712979
230 12.786704
231 13.763540
232 14.072064
233 13.307497
234 13.021840
235 13.869268
236 12.153231
237 13.751617
238 10.868346
239 11.795932
240 14.608302
241 15.097767
242 18.399872
243 18.696054
244 18.459484
245 17.949579
246 17.078770
247 16.595436
248 17.648588
249 17.581295
250 12.974571
251 15.674600
252 16.166639
253 17.698160
254 16.813383
255 16.114857
256 18.396816
257 15.872013
258 14.947117
259 16.044130
260 16.700253
261 16.488098
262 15.414078
263 15.411036
264 12.800453
265 15.275544
266 15.097397
267 13.213875
268 16.102129
269 16.900272
270 16.456135
271 13.824924
272 13.937610
273 18.195324
274 17.110313
275 17.535053
276 17.313938
277 17.672598
278 14.679683
279 18.312962
280 16.017277
281 14.729628
282 12.217050
283 17.285103
284 12.638167
285 15.317147
286 16.629400
287 15.333293
288 15.757121
289 16.354038
290 16.390936
291 15.382548
292 17.851036
293 17.072113
294 14.960792
295 16.351988
296 11.276049
297 12.877067
298 17.670200
299 14.065343
300 15.874137
301 14.296173
302 14.229368
303 14.856785
304 15.206321
305 15.910784
306 13.705337
307 17.000427
308 17.446861
309 16.518534
310 15.123672
311 16.223059
312 16.681072
313 13.928289
314 15.759145
315 15.827757
316 13.781965
317 12.427242
318 13.892901
319 12.005670
320 11.763404
321 12.887070
322 14.612466
323 16.258865
324 16.021391
325 17.043217
326 16.671383
327 16.868029
328 17.123569
329 19.583025
330 19.059370
331 16.487806
332 16.766344
333 18.885155
334 17.516283
335 17.131929
336 20.131302
337 18.802822
338 16.460300
339 14.883729
340 14.085794
341 15.714167
342 14.523888
343 16.617186
344 15.667758
345 12.293929
346 13.637785
347 12.463778
348 14.845737
349 15.781965
350 15.654843
351 17.542812
352 16.080986
353 16.394005
354 14.822515
355 14.675246
356 16.498596
357 17.920193
358 17.621449
359 17.022726
360 18.853479
361 18.185204
362 19.305859
363 18.831224
364 16.579397
365 19.227575
366 18.017395
367 15.939163
368 20.002611
369 19.015936
370 18.764103
371 18.264399
372 17.776402
373 19.205967
374 19.382872
375 19.438074
376 17.390171
377 16.903555
378 19.041800
379 17.040133
380 15.797167
381 19.058228
382 17.441305
383 18.362761
384 17.904596
385 18.714872
386 16.052679
387 15.589895
388 13.019033
389 16.335342
390 14.643144
391 16.386169
392 16.835438
393 14.383833
394 13.981812
395 14.192698
396 13.966720
397 14.246544
398 15.500925
399 13.518550
400 15.036960
401 14.051604
402 15.788625
403 16.417063
404 15.888930
405 15.231270
406 15.936344
407 14.408494
408 14.721460
409 16.764565
410 18.133915
411 18.865808
412 18.489920
413 18.146484
414 18.330952
415 18.164747
416 19.750637
417 16.448277
418 16.549902
419 15.164725
420 17.113644
421 17.394295
422 18.590029
423 18.832844
424 18.172800
425 18.545107
426 17.638130
427 17.828999
428 19.579647
429 17.889845
430 17.156685
431 18.384422
432 20.098085
433 19.206732
434 19.386627
435 18.730665
436 17.380426
437 18.421080
438 17.824945
439 20.144205
440 19.197018
441 20.621674
442 18.666128
443 18.554354
444 16.826653
445 17.127392
446 16.848639
447 16.681950
448 19.671003
449 19.886473
450 18.568630
451 17.487783
452 18.630779
453 20.160185
454 22.672277
455 22.774717
456 21.691254
457 23.096523
458 19.521341
459 19.545406
460 16.934643
461 17.445015
462 15.165864
463 15.842512
464 13.034519
465 14.073334
466 17.240841
467 19.789362
468 18.694447
469 21.854969
470 21.111458
471 19.613401
472 16.698545
473 17.720692
474 15.277699
475 17.484236
476 19.272377
477 19.629097
478 20.030636
479 18.166967
480 15.794519
481 15.574526
482 16.224747
483 17.775999
484 16.374767
485 16.676626
486 16.071505
487 17.846033
488 17.477552
489 17.523651
490 15.091040
491 16.311176
492 16.016703
493 16.450268
494 16.624910
495 17.792952
496 14.751839
497 13.059931
498 14.532839
499 20.277660
500 18.099911
501 18.520063
502 19.061718
503 20.069660
504 19.117796
505 19.225199
506 19.887526
507 18.003527
508 17.146656
509 17.488468
510 17.173122
511 17.075573
512 19.641346
513 21.318054
514 17.713358
515 18.298235
516 19.837379
517 21.639463
518 21.400312
519 18.329939
520 19.051247
521 20.159470
522 17.831436
523 16.364883
524 18.429903
525 20.278009
526 17.195738
527 18.082579
528 17.819574
529 19.746578
530 19.154531
531 21.934349
532 16.124380
533 15.036709
534 16.402517
535 18.800819
536 16.512486
537 15.653554
538 17.567671
539 17.848131
540 19.317711
541 16.621004
542 19.462610
543 18.001240
544 18.423597
545 18.174505
546 19.139841
547 18.789919
548 17.353222
549 18.672613
550 17.855793
551 18.135073
552 16.718903
553 18.044210
554 19.875702
555 18.853567
556 17.758249
557 17.320757
558 18.555586
559 17.876719
560 18.919081
561 17.272251
562 17.907274
563 18.274014
564 18.818655
565 18.905096
566 21.194729
567 19.468447
568 18.773050
569 19.819809
570 20.194691
571 20.258698
572 18.900564
573 16.203560
574 17.623335
575 16.651169
576 16.928558
577 17.505568
578 14.629057
579 12.962210
580 13.178744
581 13.910654
582 14.930927
583 13.769323
584 14.412459
585 14.595448
586 13.813286
587 14.359515
588 16.893501
589 16.738729
590 15.640838
591 19.820129
592 15.266316
593 12.947875
594 12.481337
595 16.790249
596 16.533121
597 18.258532
598 21.196611
599 17.517994
600 16.832888
601 17.250031
602 18.125145
603 15.806483
604 17.324011
605 16.646383
606 16.260536
607 16.454947
608 16.910315
609 17.952986
610 17.728195
611 16.519629
612 19.228107
613 21.623564
614 18.333689
615 19.182978
616 17.431993
617 17.286579
618 19.012133
619 18.973480
620 17.618589
621 19.219910
622 19.370485
623 17.126177
624 16.198488
625 15.877918
626 14.744569
627 12.914261
628 17.265200
629 17.786983
630 17.656483
631 17.524031
632 16.727812
633 15.805664
634 17.044168
635 15.920185
636 17.923788
637 20.063910
638 21.020264
639 21.512951
640 20.031908
641 20.979479
642 22.571671
643 22.140535
644 18.205275
645 20.904846
646 17.407398
647 17.949011
648 16.457430
649 15.812028
650 15.464601
651 20.398867
652 17.951475
653 22.239159
654 21.400978
655 20.605444
656 20.743929
657 20.756481
658 20.127199
659 21.698336
660 22.290655
661 21.757940
662 20.875271
663 21.819613
664 19.798410
665 20.663229
666 19.761938
667 22.283661
668 20.096075
669 17.516066
670 18.225094
671 19.286730
672 20.895842
673 18.042835
674 15.024625
675 20.012756
676 17.237072
677 15.572360
678 13.944129
679 15.030216
680 17.949430
681 15.259915
682 15.452423
683 14.864758
684 13.653267
685 15.387262
686 14.969850
687 14.167951
688 14.800075
689 14.932539
690 16.095116
691 16.539227
692 18.684286
693 14.587054
694 16.858116
695 17.440302
696 20.830658
697 17.778694
698 18.079344
699 19.348585
700 21.149963
701 18.963594
702 21.892084
703 20.135763
704 21.793627
705 20.926886
706 22.063145
707 22.723919
708 20.703220
709 20.173588
710 17.399044
711 18.917253
712 20.523960
713 19.623144
714 20.484316
715 21.854399
716 21.659695
717 21.818008
718 22.204094
719 22.139019
720 22.630117
721 22.300741
722 22.841558
723 24.109440
724 21.555609
725 20.876965
726 20.880857
727 20.168159
728 20.105862
729 23.368124
730 21.460541
731 22.245922
732 21.293671
733 19.520655
734 18.758696
735 18.435261
736 17.396029
737 17.990700
738 17.882652
739 20.689655
740 16.669157
741 15.348063
742 12.746630
743 18.022072
744 16.878443
745 13.401520
746 15.752679
747 14.434413
748 12.669353
749 15.439152
750 17.068785
751 16.235168
752 17.202295
753 16.606520
754 17.537649
755 16.429188
756 13.611947
757 11.994482
758 11.853947
759 14.031161
760 9.572734
761 12.785736
762 12.853843
763 11.099887
764 11.349508
765 13.085702
766 15.096628
767 14.440516
768 16.666069
769 16.704657
770 20.298092
771 19.647047
772 19.701553
773 18.901896
774 22.005489
775 19.016947
776 20.653040
777 21.325415
778 18.475470
779 20.383429
780 21.023615
781 21.595861
782 19.966240
783 19.177643
784 20.152950
785 20.071222
786 19.619432
787 20.036543
788 19.900183
789 20.527527
790 18.247189
791 18.464119
792 16.968094
793 17.342482
794 19.951593
795 18.498096
796 18.112501
797 19.271950
798 19.636473
799 16.415848
800 15.806034
801 20.587475
802 19.893045
803 18.617985
804 20.018732
805 21.151701
806 18.534580
807 21.149651
808 19.068371
809 19.088364
810 20.148464
811 21.541853
812 18.187178
813 21.608265
814 20.459501
815 22.806517
816 22.158476
817 21.286512
818 20.785007
819 21.880644
820 22.430876
821 20.658924
822 20.594843
823 22.056932
824 23.999102
825 21.230625
826 23.659159
827 23.709867
828 22.655025
829 24.587885
830 22.304686
831 22.080097
832 23.549557
833 22.669195
834 20.429255
835 23.286772
836 22.292545
837 23.279430
838 21.450062
839 20.813347
840 20.529005
841 21.485376
842 22.627634
843 22.054741
844 22.664167
845 23.718643
846 23.021330
847 24.096693
848 22.950422
849 20.478251
850 23.942471
851 23.871275
852 23.672409
853 24.184772
854 21.897705
855 25.061607
856 23.099485
857 24.672441
858 23.263065
859 22.853987
860 24.204109
861 22.663757
862 26.117825
863 27.378485
864 24.469866
865 22.447348
866 25.198816
867 24.274176
868 24.585518
869 24.051319
870 25.224134
871 23.342602
872 22.672596
873 22.528612
874 22.309757
875 24.262053
876 25.309345
877 25.595449
878 21.915131
879 24.221022
880 23.966906
881 21.325415
882 25.129200
883 24.197454
884 22.505138
885 21.930506
886 22.089746
887 20.921032
888 20.362293
889 21.990345
890 21.378187
891 22.246614
892 19.809975
893 21.087852
894 19.664595
895 19.249674
896 20.149315
897 20.963329
898 21.726439
899 21.489695
900 21.475258
901 20.962414
902 21.188356
903 21.371603
904 19.991919
905 20.635139
906 22.390432
907 18.796209
908 18.908529
909 21.422951
910 19.675236
911 21.980618
912 22.165491
913 21.265717
914 19.185181
915 20.299185
916 19.167120
917 20.922453
918 17.145107
919 19.039503
920 18.630596
921 18.291428
922 19.113541
923 19.503073
924 16.197691
925 16.844021
926 19.431040
927 18.572403
928 18.673668
929 22.398767
930 21.052975
931 20.646830
932 21.424618
933 22.369713
934 22.391035
935 20.545486
936 21.247509
937 23.900782
938 21.347879
939 20.042126
940 20.936697
941 20.934309
942 21.714680
943 19.360743
944 19.294640
945 17.837576
946 20.179518
947 18.191868
948 19.882744
949 20.796951
950 19.210035
951 19.186138
952 17.236780
953 18.811123
954 18.980215
955 18.892391
956 16.820150
957 18.636257
958 19.135565
959 20.881615
960 19.864006
961 19.947725
962 19.063555
963 20.737965
964 21.002302
965 21.919245
966 21.507679
967 20.098608
968 21.048046
969 22.274630
970 22.685112
971 21.290089
972 20.853476
973 21.764320
974 23.027824
975 20.754816
976 22.016052
977 23.508911
978 22.172869
979 22.824886
980 21.491634
981 21.347845
982 19.741154
983 18.991556
984 18.198774
985 19.319672
986 19.085073
987 18.588898
988 19.389910
989 22.840130
990 21.783941
991 21.775867
992 22.362484
993 21.882879
994 21.440184
995 22.205502
996 20.863976
997 20.536068
998 20.162783
999 22.846006
1000 23.422695
1001 23.624449
1002 20.010225
1003 16.070486
1004 17.326582
1005 19.057877
1006 16.406469
1007 16.270895
1008 17.102861
1009 18.297676
1010 15.339585
1011 15.184425
1012 14.780671
1013 14.738912
1014 15.404804
1015 17.741901
1016 17.482061
1017 16.922935
1018 15.563312
1019 17.270603
1020 15.999311
1021 15.580038
1022 15.858415
1023 16.302206
1024 17.784525
1025 18.728786
1026 17.478003
1027 17.573191
1028 18.895403
1029 18.112078
1030 15.315946
1031 16.160702
1032 15.046244
1033 16.467094
1034 15.288935
1035 18.652081
1036 15.430296
1037 16.507948
1038 18.444376
1039 19.375338
1040 19.199234
1041 17.361259
1042 17.632145
1043 21.334017
1044 19.615849
1045 20.690098
1046 20.406029
1047 20.373089
1048 22.481068
1049 21.079737
1050 20.328959
1051 20.995567
1052 17.531298
1053 19.377394
1054 17.772028
1055 17.275845
1056 18.751711
1057 18.962770
1058 19.695127
1059 18.581976
1060 18.165869
1061 19.530626
1062 18.392202
1063 20.043816
1064 20.170101
1065 19.470331
1066 21.064457
1067 19.109138
1068 19.288223
1069 14.135433
1070 13.083128
1071 13.657133
1072 17.254951
1073 19.245012
1074 18.189533
1075 20.136974
1076 19.126286
1077 18.324230
1078 18.788900
1079 16.082073
1080 18.739031
1081 17.567411
1082 19.731661
1083 19.136276
1084 18.396095
1085 18.905704
1086 19.731361
1087 20.760317
1088 20.842304
1089 20.970091
1090 21.959454
1091 22.368521
1092 21.069471
1093 20.289093
1094 20.923779
1095 19.855059
1096 19.296772
1097 19.150127
1098 19.331602
1099 15.019103
1100 15.365888
1101 13.801900
1102 15.010300
1103 16.236885
1104 16.734602
1105 16.208193
1106 17.153263
1107 17.901949
1108 18.376289
1109 19.053196
1110 18.653370
1111 20.140682
1112 18.167835
1113 18.959743
1114 18.787601
1115 18.122311
1116 17.915173
1117 18.135857
1118 18.903791
1119 18.421659
1120 17.979879
1121 18.807121
1122 16.479019
1123 17.842615
1124 18.403332
1125 18.359989
1126 18.740667
1127 17.969780
1128 16.419123
1129 18.513830
1130 17.059095
1131 16.148514
1132 18.616926
1133 19.201498
1134 19.916613
1135 17.499901
1136 17.802763
1137 17.785542
1138 18.439375
1139 18.458570
1140 18.345690
1141 17.278517
1142 17.736282
1143 16.860237
1144 15.828296
1145 16.187664
1146 15.920959
1147 17.252695
1148 17.489487
1149 19.144474
1150 18.655140
1151 18.871353
1152 18.083103
1153 18.976868
1154 18.683189
1155 17.377901
1156 18.771402
1157 18.655811
1158 17.758713
1159 18.180935
1160 16.605469
1161 18.761559
1162 18.245455
1163 19.463675
1164 18.611626
1165 20.221579
1166 17.202835
1167 17.808868
1168 18.663721
1169 19.628025
1170 19.421776
1171 20.110844
1172 18.876820
1173 17.048677
1174 17.019499
1175 15.638368
1176 16.005232
1177 15.709168
1178 16.077221
1179 17.303816
1180 16.631622
1181 18.119637
1182 17.070189
1183 17.002617
1184 15.232090
1185 16.319098
1186 14.964080
1187 16.120192
1188 17.862947
1189 17.616177
1190 16.751413
1191 18.251394
1192 17.582764
1193 16.743767
1194 16.739580
1195 16.198605
1196 17.162539
1197 18.530073
1198 17.400063
1199 19.147749
1200 19.702431
1201 16.049393
1202 18.987167
1203 18.551834
1204 16.495466
1205 16.297974
1206 18.968004
1207 17.378349
1208 16.688116
1209 15.197565
1210 17.129877
1211 16.737896
1212 17.279659
1213 17.554062
1214 18.526569
1215 16.640871
1216 15.573271
1217 16.770657
1218 17.252365
1219 16.142220
1220 16.781872
1221 16.633015
1222 17.032938
1223 17.780909
1224 17.829617
1225 18.272594
1226 18.764439
1227 17.239134
1228 17.867781
1229 15.137384
1230 14.581944
1231 15.606753
1232 16.460459
1233 17.575459
1234 17.511852
1235 15.419616
1236 18.111341
1237 19.695517
1238 17.782839
1239 17.406544
1240 16.873268
1241 16.006231
1242 16.846485
1243 18.178177
1244 18.594585
1245 18.595995
1246 17.939661
1247 17.092260
1248 18.121794
1249 17.322905
1250 17.881048
1251 18.058779
1252 17.956654
1253 16.911810
1254 19.095430
1255 17.570070
1256 19.062454
1257 18.672821
1258 19.593399
1259 19.289513
1260 19.276428
1261 20.000307
1262 19.328703
1263 18.540953
1264 19.311119
1265 19.251333
1266 19.825083
1267 20.337688
1268 20.030930
1269 18.849649
1270 18.429035
1271 18.386936
1272 17.597387
1273 17.120207
1274 19.519625
1275 19.797798
1276 18.756996
1277 19.140625
1278 20.461197
1279 20.054289
1280 20.696474
1281 20.143953
1282 20.046476
1283 20.178520
1284 19.550907
1285 18.879499
1286 18.961420
1287 19.306940
1288 20.030897
1289 18.835871
1290 16.993059
1291 17.937962
1292 17.196491
1293 18.163906
1294 17.627142
1295 17.795408
1296 17.012085
1297 15.858798
1298 16.937878
1299 16.465229
1300 17.292601
1301 14.786412
1302 16.460598
1303 14.218530
1304 16.382999
1305 16.260101
1306 19.003487
1307 14.886867
1308 14.065350
1309 17.683691
1310 16.601410
1311 17.643520
1312 18.737377
1313 16.394791
1314 15.456445
1315 18.926041
1316 16.275654
1317 16.624947
1318 19.022171
1319 15.479929
1320 13.775910
1321 15.998769
1322 16.187014
1323 17.038269
1324 16.754145
1325 14.554691
1326 12.668034
1327 12.115815
1328 12.979472
1329 15.977244
1330 13.733996
1331 15.626151
1332 14.435629
1333 13.677785
1334 12.586349
1335 18.379784
1336 19.619980
1337 18.307325
1338 18.114548
1339 19.607031
1340 17.840548
1341 17.961836
1342 18.653816
1343 18.355404
1344 19.403305
1345 19.261087
1346 19.032406
1347 18.605114
1348 18.187759
1349 17.721804
1350 17.644232
1351 18.382393
1352 18.344551
1353 16.838861
1354 18.031090
1355 15.756755
1356 13.157092
1357 15.160149
1358 17.875305
1359 16.747551
1360 14.276095
1361 14.774477
1362 17.059221
1363 15.805935
1364 16.525330
1365 18.044989
1366 18.117197
1367 19.170214
1368 16.265766
1369 15.877123
1370 15.650105
1371 15.696405
1372 15.904059
1373 15.858202
1374 15.943018
1375 14.617242
1376 15.542090
1377 13.981709
1378 14.874267
1379 15.478764
1380 14.140562
1381 15.753655
1382 16.621830
1383 16.252493
1384 14.523332
1385 17.369808
1386 18.101213
1387 18.110518
1388 18.304762
1389 17.201963
1390 16.360836
1391 14.889011
1392 16.956831
1393 17.660751
1394 16.328026
1395 18.626125
1396 17.963104
1397 16.712835
1398 15.290829
1399 16.762403
1400 15.811247
1401 19.146389
1402 17.491434
1403 18.717716
1404 18.335161
1405 18.675566
1406 19.070070
1407 18.306021
1408 17.885916
1409 15.134733
1410 13.623610
1411 15.775268
1412 19.002670
1413 18.203566
1414 19.271856
1415 19.492317
1416 18.385073
1417 18.529011
1418 17.707100
1419 18.414875
1420 19.788164
1421 18.291550
1422 17.619902
1423 16.222782
1424 17.069170
1425 16.540258
1426 18.905104
1427 19.236916
1428 18.642620
1429 19.462191
1430 17.444002
1431 18.932306
1432 14.777598
1433 16.446215
1434 16.573797
1435 15.697668
1436 15.763191
1437 15.765999
1438 19.171272
1439 19.468771
1440 19.130732
1441 17.960463
1442 18.827734
1443 19.216864
1444 20.667128
1445 16.269787
1446 15.813164
1447 16.422709
1448 17.006451
1449 18.757561
1450 17.330959
1451 16.906118
1452 18.216356
1453 16.869274
1454 15.608878
1455 17.405493
1456 16.529398
1457 16.628391
1458 15.347850
1459 17.601084
1460 17.051268
1461 16.948790
1462 17.051474
1463 17.975660
1464 17.291574
1465 18.026560
1466 18.208469
1467 18.285524
1468 16.869852
1469 18.479013
1470 16.026117
1471 15.997578
1472 16.153294
1473 15.500985
1474 16.767614
1475 18.104473
1476 18.631968
1477 17.669695
1478 17.484100
1479 18.229000
1480 16.472727
1481 17.981272
1482 19.098940
1483 20.108501
1484 18.948811
1485 19.413904
1486 19.279202
1487 18.629566
1488 18.867233
1489 17.890228
1490 18.155996
1491 18.963650
1492 19.577520
1493 18.316259
1494 17.120668
1495 18.192217
1496 17.088947
1497 13.705865
1498 15.248872
1499 15.161954
1500 12.732977
1501 13.260844
1502 14.916333
1503 15.207242
1504 17.711720
1505 16.361374
1506 17.951078
1507 14.163110
1508 13.815193
1509 14.602417
1510 17.113640
1511 17.547575
1512 15.270685
1513 12.535319
1514 14.765513
1515 15.589143
1516 14.567110
1517 16.117592
1518 15.095847
1519 13.485462
1520 15.533890
1521 15.431649
1522 11.700614
1523 18.847757
1524 14.838802
1525 14.444497
1526 18.188025
1527 17.030342
1528 15.984406
1529 17.351677
1530 17.374493
1531 15.547915
1532 18.411633
1533 17.214115
1534 18.644909
1535 16.975906
1536 16.616480
1537 14.362842
1538 19.130781
1539 15.607478
1540 14.312289
1541 18.967524
1542 17.469419
1543 21.137857
1544 20.021147
1545 18.711744
1546 21.451866
1547 20.210449
1548 19.971333
1549 22.111811
1550 19.141140
1551 21.064650
1552 20.165545
1553 19.669212
1554 20.048365
1555 18.158142
1556 17.729412
1557 18.716757
1558 18.678139
1559 19.637726
1560 21.357983
1561 20.901583
1562 19.910633
1563 20.596058
1564 21.121382
1565 20.177855
1566 17.758259
1567 17.615486
1568 19.592758
1569 18.614374
1570 16.783268
1571 15.925314
1572 19.734510
1573 17.694265
1574 20.279530
1575 20.408226
1576 20.674492
1577 21.483685
1578 21.314104
1579 20.437996
1580 21.087164
1581 20.377916
1582 21.200174
1583 21.400663
1584 21.275263
1585 19.059059
1586 21.267885
1587 20.625845
1588 21.278461
1589 21.287504
1590 19.785654
1591 19.615305
1592 19.982525
1593 18.980228
1594 20.960897
1595 21.026690
1596 20.902079
1597 19.264284
1598 18.455729
1599 19.841539
1600 18.877653
1601 18.890480
1602 19.394285
1603 18.346598
1604 16.174589
1605 16.319727
1606 18.490208
1607 17.181932
1608 18.501057
1609 13.648973
1610 14.606145
1611 17.117725
1612 16.693241
1613 15.796209
1614 16.116680
1615 17.067677
1616 15.927543
1617 16.702229
1618 14.118849
1619 15.897357
1620 13.793328
1621 14.327375
1622 15.479124
1623 16.215031
1624 15.736053
1625 16.779758
1626 14.980605
1627 12.803474
1628 17.756765
1629 15.744757
1630 17.346855
1631 14.886683
1632 16.085442
1633 15.623664
1634 16.056122
1635 16.561024
1636 17.579473
1637 18.097168
1638 18.214703
1639 17.760620
1640 18.120491
1641 17.408356
1642 15.984884
1643 14.718735
1644 15.952922
1645 15.957543
1646 16.325106
1647 18.950809
1648 14.719213
1649 18.290239
1650 16.570150
1651 19.733501
1652 19.953773
1653 19.562138
1654 20.282564
1655 19.451069
1656 19.288307
1657 17.734015
1658 18.659531
1659 16.231768
1660 17.739717
1661 17.175268
1662 16.862200
1663 15.498033
1664 15.807860
1665 16.217937
1666 16.011486
1667 16.396704
1668 13.451344
1669 15.997904
1670 12.510589
1671 11.642236
1672 12.102695
1673 16.162399
1674 16.687965
1675 15.266491
1676 16.289959
1677 16.258120
1678 17.481619
1679 18.842739
1680 18.518541
1681 19.410135
1682 17.581884
1683 19.155432
1684 19.423065
1685 19.436710
1686 20.631786
1687 17.685099
1688 17.583372
1689 20.014528
1690 17.901968
1691 18.551702
1692 17.209841
1693 17.893255
1694 17.357347
1695 17.932323
1696 17.047197
1697 18.466316
1698 16.838036
1699 17.871580
1700 18.425228
1701 17.721590
1702 17.197628
1703 18.810453
1704 17.780890
1705 17.686224
1706 18.400545
1707 17.810293
1708 19.457602
1709 19.838102
1710 18.476322
1711 20.016191
1712 23.060688
1713 17.182930
1714 18.318056
1715 19.142509
1716 18.152256
1717 16.993980
1718 19.473886
1719 19.441185
1720 18.818718
1721 18.746441
1722 18.819767
1723 18.881578
1724 20.497435
1725 19.839577
1726 20.362921
1727 21.063402
1728 20.348547
1729 20.409615
1730 20.003750
1731 17.963593
1732 20.009325
1733 18.320505
1734 17.695587
1735 19.230057
1736 19.447630
1737 19.103437
1738 19.745743
1739 20.206131
1740 20.068598
1741 19.614410
1742 18.334370
1743 18.921041
1744 19.037882
1745 16.881315
1746 15.853156
1747 18.596527
1748 18.448864
1749 16.697451
1750 17.881308
1751 18.735945
1752 16.694639
1753 17.951267
1754 16.714046
1755 18.768116
1756 19.875172
1757 18.696875
1758 18.366297
1759 16.059807
1760 16.545347
1761 14.322081
1762 15.206710
1763 17.355639
1764 17.842690
1765 16.595785
1766 17.448761
1767 15.845338
1768 17.324953
1769 19.842037
1770 15.087409
1771 13.695549
1772 17.604450
1773 18.255272
1774 19.356886
1775 19.103119
1776 20.250074
1777 20.020521
1778 19.696405
1779 19.611561
1780 19.473843
1781 18.716124
1782 19.232281
1783 19.629730
1784 19.793852
1785 19.188755
1786 17.837992
1787 17.199804
1788 19.785828
1789 17.893356
1790 16.945824
1791 17.666414
1792 19.314291
1793 20.134935
1794 19.283220
1795 20.624340
1796 18.618454
1797 19.579798
1798 20.299446
1799 20.896034
1800 21.267319
1801 20.345863
1802 18.455023
1803 18.786461
1804 16.888481
1805 16.453548
1806 18.925203
1807 19.551371
1808 18.219297
1809 19.899734
1810 17.159363
1811 19.584127
1812 19.202785
1813 17.682919
1814 17.589052
1815 19.293184
1816 19.439487
1817 17.465372
1818 16.645061
1819 18.086395
1820 19.224163
1821 16.741375
1822 14.858833
1823 15.604014
1824 16.045778
1825 16.596188
1826 16.960285
1827 15.677948
1828 16.305939
1829 15.982825
1830 17.799789
1831 16.176512
1832 13.667235
1833 15.523473
1834 14.020012
1835 14.193222
1836 17.666483
1837 16.625435
1838 17.363903
1839 15.598287
1840 15.195964
1841 18.776951
1842 18.679857
1843 17.088388
1844 18.992668
1845 19.565918
1846 18.850554
1847 18.822819
1848 19.461924
1849 19.990894
1850 17.266333
1851 18.306383
1852 16.558676
1853 16.155308
1854 14.675945
1855 17.288271
1856 15.299233
1857 13.148252
1858 14.235941
1859 15.601261
1860 13.974813
1861 15.985435
1862 17.917868
1863 15.129476
1864 15.774744
1865 15.692345
1866 15.813800
1867 14.043109
1868 13.069679
1869 12.721911
1870 14.170008
1871 18.961069
1872 18.938032
1873 18.276340
1874 18.721903
1875 16.156881
1876 18.221298
1877 17.205608
1878 18.453176
1879 19.763781
1880 19.222788
1881 19.029308
1882 18.262505
1883 17.862730
1884 20.887636
1885 15.473687
1886 14.468194
1887 16.139669
1888 15.333704
1889 11.738619
1890 11.747791
1891 14.118997
1892 13.632879
1893 15.211083
1894 14.310002
1895 15.299337
1896 14.725879
1897 14.127458
1898 14.583864
1899 11.294557
1900 13.497571
1901 15.438065
1902 17.609652
1903 17.994400
1904 18.665857
1905 18.435095
1906 18.118641
1907 17.710964
1908 18.572323
1909 17.727324
1910 17.507120
1911 17.077721
1912 15.246477
1913 16.850607
1914 19.000006
1915 18.660023
1916 19.203848
1917 19.430229
1918 18.720364
1919 19.600657
1920 19.630358
1921 17.733932
1922 19.051537
1923 17.457617
1924 19.947817
1925 16.287167
1926 15.807222
1927 16.154314
1928 17.814367
1929 18.316952
1930 18.916159
1931 16.524851
1932 17.920948
1933 19.180605
1934 18.989876
1935 18.349688
1936 19.544683
1937 16.741926
1938 18.734289
1939 19.089415
1940 18.919886
1941 16.717945
1942 16.754721
1943 18.067743
1944 18.776718
1945 14.898323
1946 20.447315
1947 20.286671
1948 20.228045
1949 18.519140
1950 18.463284
1951 20.038815
1952 19.876785
1953 20.665487
1954 20.313274
1955 19.640486
1956 20.662127
1957 20.544121
1958 18.652954
1959 16.836992
1960 20.282385
1961 17.899376
1962 21.482433
1963 18.926941
1964 18.941713
1965 18.230816
1966 16.879545
1967 18.807663
1968 17.850817
1969 18.804962
1970 19.892157
1971 17.967297
1972 18.816898
1973 18.907551
1974 20.458841
1975 20.123316
1976 18.511393
1977 20.408554
1978 19.757202
1979 18.596710
1980 16.510027
1981 19.038389
1982 20.897718
1983 19.088367
1984 17.823725
1985 18.591906
1986 17.082157
1987 14.434880
1988 16.424747
1989 16.880117
1990 16.912857
1991 19.172121
1992 17.041708
1993 15.141619
1994 17.206675
1995 17.397137
1996 16.220768
1997 16.443727
1998 17.576065
1999 14.391306
2000 14.783113
2001 14.599377
2002 17.763794
2003 18.664454
2004 18.265917
2005 18.770176
2006 19.342627
2007 20.665182
2008 20.853458
2009 20.300280
2010 20.112751
2011 19.737684
2012 18.045519
2013 16.701477
2014 17.451931
2015 15.332569
2016 17.091976
2017 16.355816
2018 19.481882
2019 19.660648
2020 16.950232
2021 15.687061
2022 17.055431
2023 19.469595
2024 15.618773
2025 16.101557
2026 15.635545
2027 16.106466
2028 15.433374
2029 16.383890
2030 16.425627
2031 17.631010
2032 17.059193
2033 18.428490
2034 16.157160
2035 14.101899
2036 15.751330
2037 17.355000
2038 16.374660
2039 16.005539
2040 16.359913
2041 15.802878
2042 15.613980
2043 17.647484
2044 19.157007
2045 18.075840
2046 18.827080
2047 17.096760
2048 16.940737
2049 17.077950
2050 19.229357
2051 17.147917
2052 16.815332
2053 16.154503
2054 17.353754
2055 17.649599
2056 18.473177
2057 16.432877
2058 16.262857
2059 18.384239
2060 16.899399
2061 17.706863
2062 17.157345
2063 17.219181
2064 14.749174
2065 15.774644
2066 15.222946
2067 16.370388
2068 16.990217
2069 17.815298
2070 15.993309
2071 13.873997
2072 12.549531
2073 11.940408
2074 15.122103
2075 13.314573
2076 16.061371
2077 16.353315
2078 14.553005
2079 16.737104
2080 17.947781
2081 19.059849
2082 18.297884
2083 18.627197
2084 18.320314
2085 17.955692
2086 20.082563
2087 17.620655
2088 17.474033
2089 17.579706
2090 20.754406
2091 19.025341
2092 16.795839
2093 16.980913
2094 17.138700
2095 17.604162
2096 19.738094
2097 19.718536
2098 18.079029
2099 19.158228
2100 20.419130
2101 19.800495
2102 20.004814
2103 20.959257
2104 21.345991
2105 18.712830
2106 20.549906
2107 19.766674
2108 19.871916
2109 18.855606
2110 19.991470
2111 15.886297
2112 15.540760
2113 15.862336
2114 18.050848
2115 19.966021
2116 20.344534
2117 21.401262
2118 20.694107
2119 20.064661
2120 20.204308
2121 19.487803
2122 17.785469
2123 19.522501
2124 19.626177
2125 21.089695
2126 19.514519
2127 18.714298
2128 18.795116
2129 21.049295
2130 20.126114
2131 19.507687
2132 18.564230
2133 20.498751
2134 19.214272
2135 19.821390
2136 19.242836
2137 18.033659
2138 19.262140
2139 18.468616
2140 18.579172
2141 19.464542
2142 17.982149
2143 17.622223
2144 16.310871
2145 16.701416
2146 19.138220
2147 17.927252
2148 19.550390
2149 18.353781
2150 19.262205
2151 20.872355
2152 19.044207
2153 19.052441
2154 20.058668
2155 18.305174
2156 20.308960
2157 20.051088
2158 21.816187
2159 18.573872
2160 19.294176
2161 18.082949
2162 17.583599
2163 18.478205
2164 17.359243
2165 17.539333
2166 17.853992
2167 16.243612
2168 17.076382
2169 17.153486
2170 19.917515
2171 18.590849
2172 20.335978
2173 17.454439
2174 13.857732
2175 17.096882
2176 14.780462
2177 17.498724
2178 17.818483
2179 18.110355
2180 16.783592
2181 15.798409
2182 17.677052
2183 17.943842
2184 16.809448
2185 18.141672
2186 16.903669
2187 19.540190
2188 19.541410
2189 18.309563
2190 20.178228
2191 17.449284
2192 18.162914
2193 17.592094
2194 18.570917
2195 17.396738
2196 18.214767
2197 17.874876
2198 16.180719
2199 16.944687
2200 18.015230
2201 17.946089
2202 16.572369
2203 17.032658
2204 17.048899
2205 17.704287
2206 16.616655
2207 16.557634
2208 17.800940
2209 15.814778
2210 17.279562
2211 15.745558
2212 14.516178
2213 17.402111
2214 17.500196
2215 18.315046
2216 18.904961
2217 18.134792
2218 18.682423
2219 17.745071
2220 18.127031
2221 18.384584
2222 19.441792
2223 19.054420
2224 19.414040
2225 19.205036
2226 20.108829
2227 19.392694
2228 21.255648
2229 21.117691
2230 20.010180
2231 18.814220
2232 17.405586
2233 20.148674
2234 19.349264
2235 19.869459
2236 16.651527
2237 15.975162
2238 15.409909
2239 14.646150
2240 14.039207
2241 13.525057
2242 14.103839
2243 13.826653
2244 12.463414
2245 16.019382
2246 18.059607
2247 18.906214
2248 19.707241
2249 20.249056
2250 18.649523
2251 18.425663
2252 19.576679
2253 19.863857
2254 19.424135
2255 18.111284
2256 17.755951
2257 17.312531
2258 18.422691
2259 17.498329
2260 16.814543
2261 19.243261
2262 18.874186
2263 17.089825
2264 17.182339
2265 16.922785
2266 17.806215
2267 16.024952
2268 15.724844
2269 16.228905
2270 17.047976
2271 16.071249
2272 16.817430
2273 16.919525
2274 15.043770
2275 15.656967
2276 11.595901
2277 13.615178
2278 14.227045
2279 13.065024
2280 16.076185
2281 16.979006
2282 16.265173
2283 16.607986
2284 13.231572
2285 14.507812
2286 11.330736
2287 12.637706
2288 13.077377
2289 12.495702
2290 16.723425
2291 18.244282
2292 17.100821
2293 15.326361
2294 16.818241
2295 13.676925
2296 14.254051
2297 15.816911
2298 16.031061
2299 16.545656
2300 18.110401
2301 14.936175
2302 17.432209
2303 16.464760
2304 14.791003
2305 15.584771
2306 13.816560
2307 15.332454
2308 15.559759
2309 15.011168
2310 13.973973
2311 15.453250
2312 16.322300
2313 16.682611
2314 16.564629
2315 16.435638
2316 16.539494
2317 17.225256
2318 15.364777
2319 16.377460
2320 15.542867
2321 14.919495
2322 16.595327
2323 16.238291
2324 15.182990
2325 18.215702
2326 16.679102
2327 16.301470
2328 17.375694
2329 16.029827
2330 17.090607
2331 15.825634
2332 16.633694
2333 14.876186
2334 16.931406
2335 15.073090
2336 13.651333
2337 16.869717
2338 17.474106
2339 17.115135
2340 15.175540
2341 16.497442
2342 18.694881
2343 16.521847
2344 15.539242
2345 14.333858
2346 14.215039
2347 15.098825
2348 16.151043
2349 17.379543
2350 16.254499
2351 15.874423
2352 16.506622
2353 16.405884
2354 15.675971
2355 15.239787
2356 15.543986
2357 15.081049
2358 15.508831
2359 16.113813
2360 16.302786
2361 16.466269
2362 17.370899
2363 16.989155
2364 19.132410
2365 18.509930
2366 14.825274
2367 16.126127
2368 16.712360
2369 14.026863
2370 15.459481
2371 16.888405
2372 15.120131
2373 15.374434
2374 16.473705
2375 14.668974
2376 15.341340
2377 15.497704
2378 17.039558
2379 15.014611
2380 15.770630
2381 15.352202
2382 14.812280
2383 16.219316
2384 18.003340
2385 14.336725
2386 15.497100
2387 14.755531
2388 14.824662
2389 16.897472
2390 15.028041
2391 17.442211
2392 16.753925
2393 16.633858
2394 16.648409
2395 15.433892
2396 16.152338
2397 17.018688
2398 16.836393
2399 15.778851
2400 16.047327
2401 19.005331
2402 19.209114
2403 16.468464
2404 17.711231
2405 16.793879
2406 16.854095
2407 18.444912
2408 19.199621
2409 17.070158
2410 15.048808
2411 17.351484
2412 15.403457
2413 14.889496
2414 16.903694
2415 17.519863
2416 13.786933
2417 15.161567
2418 16.332548
2419 18.212730
2420 18.238098
2421 18.232727
2422 19.383045
2423 17.313042
2424 18.542742
2425 15.019059
2426 19.392641
2427 16.310755
2428 16.123632
2429 16.001217
2430 17.479050
2431 18.456244
2432 16.370268
2433 17.669550
2434 14.230702
2435 15.396371
2436 15.516937
2437 14.499745
2438 14.398435
2439 15.109460
2440 16.710627
2441 18.096098
2442 18.039902
2443 18.501251
2444 18.160469
2445 15.167153
2446 13.567925
2447 15.445603
2448 15.575818
2449 15.972614
2450 14.756414
2451 13.683101
2452 14.025234
2453 12.486233
2454 13.124441
2455 14.072616
2456 16.238819
2457 13.634651
2458 17.095341
2459 14.865442
2460 15.113269
2461 16.255739
2462 14.041258
2463 14.802352
2464 14.480973
2465 13.967480
2466 17.414831
2467 12.584120
2468 15.944597
2469 17.234331
2470 15.943600
2471 16.506851
2472 17.120586
2473 18.677763
2474 16.190359
2475 15.570466
2476 17.218229
2477 14.534254
2478 14.144984
2479 16.422588
2480 18.477610
2481 17.343529
2482 18.032484
2483 18.363535
2484 18.799532
2485 19.673285
2486 19.862381
2487 18.286720
2488 15.677922
2489 17.486511
2490 18.402243
2491 19.723944
2492 20.039236
2493 18.721449
2494 15.780236
2495 17.401665
2496 17.649399
2497 17.885981
2498 16.234337
2499 17.292393
2500 19.404392
2501 19.547995
2502 18.330900
2503 18.294407
2504 18.987333
2505 18.384430
2506 18.342915
2507 19.051218
2508 19.333109
2509 19.344530
2510 17.288364
2511 19.760952
2512 19.029984
2513 19.278275
2514 19.242210
2515 19.656559
2516 19.117458
2517 19.799749
2518 19.863966
2519 18.350235
2520 18.361223
2521 18.019482
2522 19.751978
2523 19.598637
2524 18.442371
2525 16.933193
2526 17.115646
2527 18.012592
2528 19.654236
2529 20.022339
2530 20.375523
2531 19.446505
2532 20.220734
2533 19.034666
2534 20.389236
2535 18.065369
2536 18.043200
2537 19.325897
2538 18.344158
2539 18.784809
2540 18.809223
2541 18.280130
2542 17.165882
2543 17.719437
2544 18.226942
2545 15.220761
2546 15.725397
2547 17.688105
2548 14.646534
2549 19.108469
2550 17.851311
2551 17.634411
2552 14.841175
2553 17.979843
2554 14.246617
2555 12.688946
2556 13.145360
2557 13.179273
2558 17.483061
2559 17.863222
2560 17.194738
2561 17.524364
2562 17.145426
2563 17.461849
2564 19.342127
2565 17.530724
2566 17.123066
2567 17.138241
2568 18.041670
2569 17.159176
2570 16.583078
2571 16.133911
2572 16.034828
2573 15.155339
2574 15.853209
2575 14.585892
2576 14.571668
2577 13.755118
2578 16.969315
2579 16.860279
2580 15.154459
2581 13.730578
2582 11.109115
2583 14.041730
2584 10.626797
2585 13.264317
2586 10.754881
2587 12.195983
2588 13.894693
2589 16.078329
2590 16.845989
2591 16.190994
2592 12.819832
2593 13.891512
2594 14.489139
2595 15.272357
2596 15.126629
2597 14.349966
2598 14.938174
2599 14.139344
2600 15.388641
2601 16.012394
2602 16.220480
2603 17.064419
2604 17.050707
2605 15.970432
2606 17.506168
2607 18.639116
2608 17.465370
2609 17.551964
2610 18.321117
2611 17.495840
2612 16.318415
2613 16.915630
2614 13.938067
2615 16.219448
2616 18.322689
2617 17.269697
2618 18.042175
2619 16.728252
2620 17.978115
2621 19.118603
2622 16.288088
2623 17.550743
2624 17.166927
2625 16.774462
2626 17.840923
2627 17.699902
2628 17.498854
2629 17.377586
2630 17.522007
2631 16.841822
2632 16.699903
2633 16.345215
2634 17.823080
2635 16.717922
2636 17.449553
2637 18.911247
2638 17.567633
2639 15.826286
2640 16.942835
2641 17.236862
2642 17.805857
2643 14.125054
2644 17.738583
2645 16.949774
2646 17.046152
2647 15.720654
2648 16.298525
2649 16.842770
2650 17.467352
2651 16.881668
2652 17.715145
2653 16.492868
2654 16.695395
2655 15.995079
2656 14.408995
2657 15.053858
2658 15.768220
2659 16.450029
2660 15.039161
2661 15.837277
2662 14.983502
2663 15.607824
2664 16.373417
2665 18.374285
2666 17.927757
2667 18.827747
2668 18.811329
2669 19.005463
2670 14.899319
2671 17.826834
2672 18.466692
2673 16.854902
2674 17.961092
2675 17.205376
2676 17.588463
2677 17.984499
2678 15.386972
2679 16.530445
2680 16.534300
2681 17.446930
2682 17.649643
2683 16.074532
2684 18.561655
2685 17.003910
2686 17.413443
2687 16.298737
2688 14.595953
2689 18.214437
2690 17.068573
2691 16.142706
2692 15.809267
2693 17.665367
2694 17.819155
2695 18.189545
2696 17.509394
2697 15.611350
2698 17.188656
2699 17.154833
2700 18.100143
2701 17.878403
2702 19.600945
2703 17.015738
2704 19.222832
2705 18.558767
2706 17.912663
2707 17.339148
2708 19.155128
2709 18.839085
2710 18.208313
2711 17.543953
2712 18.247818
2713 17.512804
2714 17.676653
2715 16.652748
2716 18.616640
2717 17.609392
2718 15.577194
2719 16.695599
2720 16.932293
2721 17.360126
2722 18.451431
2723 17.210178
2724 17.372360
2725 17.715399
2726 16.693005
2727 16.962139
2728 18.537802
2729 18.459982
2730 17.805061
2731 15.749585
2732 16.379726
2733 18.188719
2734 18.318411
2735 19.214409
2736 18.142437
2737 14.470674
2738 15.100809
2739 15.237162
2740 15.020000
2741 15.897680
2742 16.321592
2743 16.893389
2744 15.781429
2745 17.372351
2746 17.196203
2747 16.275644
2748 17.397060
2749 17.209578
2750 16.205269
2751 15.380259
2752 16.333479
2753 16.384834
2754 16.519220
2755 16.553650
2756 18.339151
2757 16.327564
2758 17.333725
2759 16.461498
2760 15.213610
2761 14.659915
2762 16.578451
2763 16.126587
2764 15.878423
2765 16.401503
2766 16.095865
2767 17.906435
2768 17.203985
2769 16.472555
2770 17.374842
2771 15.419878
2772 17.442730
2773 15.509228
2774 16.590319
2775 17.104740
2776 17.932777
2777 19.556669
2778 18.369438
2779 17.167685
2780 17.826717
2781 16.819586
2782 20.689432
2783 17.179972
2784 18.830870
2785 19.275854
2786 18.379753
2787 17.879345
2788 16.208479
2789 17.659369
2790 17.786066
2791 17.161053
2792 18.315802
2793 17.559097
2794 16.407495
2795 17.558048
2796 15.632372
2797 16.986385
2798 16.683969
2799 17.138891
2800 17.142918
2801 18.620916
2802 16.120119
2803 16.719105
2804 17.276222
2805 17.563873
2806 15.680617
2807 16.604446
2808 15.876555
2809 16.004335
2810 16.702980
2811 17.105482
2812 17.172110
2813 15.694379
2814 17.939705
2815 17.504162
2816 16.475105
2817 16.763132
2818 14.030626
2819 14.631489
2820 16.686377
2821 17.357626
2822 17.405388
2823 16.175167
2824 17.849937
2825 18.659636
2826 15.407078
2827 16.160795
2828 15.888474
2829 14.528737
2830 16.053474
2831 14.636407
2832 14.898264
2833 16.354479
2834 15.476519
2835 16.002008
2836 17.395012
2837 17.441784
2838 16.846632
2839 15.932952
2840 17.205402
2841 18.794977
2842 16.248379
2843 16.935955
2844 18.237595
2845 18.352856
2846 18.613794
2847 15.256465
2848 15.879553
2849 14.930708
2850 15.474837
2851 15.587016
2852 15.996360
2853 16.080360
2854 15.995160
2855 17.391569
2856 16.033665
2857 16.094414
2858 17.311974
2859 16.548771
2860 14.727634
2861 17.715158
2862 16.830051
2863 16.302437
2864 17.494625
2865 16.781424
2866 15.992430
2867 17.020687
2868 19.019743
2869 15.851567
2870 15.635698
2871 13.890165
2872 14.804898
2873 11.981800
2874 15.932874
2875 15.923920
2876 16.522335
2877 17.576294
2878 16.924173
2879 16.418098
2880 16.517475
2881 16.945490
2882 18.195818
2883 19.002338
2884 20.123503
2885 18.807953
2886 19.758999
2887 18.173426
2888 16.336277
2889 17.365456
2890 17.633268
2891 16.980141
2892 16.775787
2893 16.862581
2894 17.073654
2895 16.178051
2896 16.881897
2897 16.524342
2898 17.578035
2899 17.621340
2900 16.569777
2901 15.925942
2902 18.372829
2903 17.333786
2904 16.421074
2905 16.126867
2906 16.302681
2907 16.382914
2908 17.099186
2909 16.873755
2910 18.632065
2911 16.035286
2912 17.211906
2913 16.775866
2914 16.557159
2915 17.261698
2916 17.136349
2917 17.594105
2918 16.982138
2919 17.796459
2920 17.847130
2921 17.704071
2922 16.116268
2923 16.365150
2924 16.365549
2925 18.223763
2926 16.602081
2927 17.249132
2928 17.190250
2929 17.209663
2930 16.594934
2931 17.917509
2932 15.636473
2933 17.106028
2934 17.280151
2935 16.598351
2936 17.687414
2937 17.122290
2938 17.216984
2939 17.516111
2940 17.446745
2941 17.071917
2942 16.278822
2943 17.615294
2944 15.929687
2945 17.128815
2946 17.611670
2947 18.366386
2948 17.117807
2949 17.177418
2950 17.320698
2951 17.052727
2952 17.422304
2953 17.737768
2954 17.455856
2955 16.583151
2956 17.429256
2957 19.156584
2958 19.350319
2959 18.824673
2960 18.924297
2961 19.925426
2962 18.068968
2963 16.924660
2964 18.442062
2965 16.953512
2966 17.590706
2967 18.483105
2968 16.510656
2969 15.639543
2970 17.868618
2971 17.821640
2972 18.372974
2973 18.532171
2974 18.890074
2975 17.497910
2976 18.429720
2977 18.910425
2978 16.265593
2979 18.855375
2980 16.279490
2981 16.438267
2982 16.597557
2983 16.367867
2984 17.970222
2985 17.918421
2986 17.686565
2987 18.054983
2988 15.826313
2989 17.345100
2990 17.378601
2991 17.407173
2992 16.508314
2993 17.211550
2994 17.355171
2995 17.423784
2996 19.765615
2997 18.301922
2998 18.457006
2999 18.138380
3000 19.029106
3001 20.108589
3002 17.378384
3003 16.749739
3004 20.050562
3005 16.341471
3006 18.254707
3007 20.221867
3008 18.338102
3009 18.767340
3010 17.502996
3011 16.937824
3012 16.806042
3013 15.937059
3014 17.637133
3015 16.733591
3016 17.205570
3017 16.592186
3018 16.385393
3019 18.348778
3020 17.289450
3021 16.030285
3022 17.084896
3023 17.495350
3024 15.793494
3025 16.790024
3026 17.728546
3027 16.428141
3028 17.610687
3029 17.281710
3030 17.134518
3031 17.520161
3032 18.714453
3033 16.736063
3034 16.855568
3035 16.507967
3036 15.373708
3037 15.335258
3038 13.292142
3039 16.132790
3040 13.847842
3041 15.869507
3042 16.340345
3043 15.851262
3044 16.962070
3045 18.006651
3046 16.443129
3047 17.586294
3048 18.644419
3049 18.070408
3050 18.981356
3051 18.581383
3052 18.805744
3053 19.217754
3054 16.984743
3055 18.367334
3056 16.529217
3057 17.425144
3058 16.239044
3059 17.660709
3060 15.460791
3061 16.927944
3062 18.715002
3063 16.180439
3064 15.904737
3065 15.363207
3066 16.156736
3067 17.377937
3068 18.443089
3069 19.919889
3070 19.049536
3071 17.007210
3072 18.774515
3073 18.705479
3074 16.477417
3075 17.066196
3076 18.230280
3077 16.068325
3078 15.479494
3079 17.609848
3080 17.104527
3081 17.793447
3082 17.302557
3083 16.734936
3084 15.598214
3085 16.315748
3086 15.065598
3087 17.526039
3088 18.221205
3089 17.692192
3090 19.152843
3091 19.084944
3092 19.254087
3093 18.294289
3094 19.688295
3095 19.096619
3096 19.641356
3097 18.790518
3098 18.191099
3099 17.215700
3100 18.514093
3101 17.427996
3102 19.375051
3103 17.237816
3104 17.229464
3105 19.807743
3106 18.194199
3107 19.252453
3108 19.229467
3109 18.322590
3110 17.566359
3111 15.715892
3112 15.920628
3113 15.844327
3114 16.898987
3115 15.865553
3116 16.885435
3117 17.632046
3118 17.891998
3119 14.665999
3120 17.136873
3121 17.247046
3122 16.231161
3123 16.129728
3124 14.271904
3125 15.592903
3126 18.580877
3127 17.468176
3128 15.511885
3129 15.341995
3130 16.291920
3131 16.648712
3132 16.985531
3133 15.730679
3134 17.092464
3135 18.586288
3136 18.858654
3137 18.196638
3138 16.539381
3139 16.929728
3140 18.123957
3141 16.772989
3142 16.383755
3143 17.729717
3144 19.239922
3145 18.296801
3146 18.754612
3147 17.776785
3148 18.506891
3149 18.129717
3150 18.179899
3151 18.303478
3152 19.919090
3153 19.558718
3154 18.991646
3155 18.973358
3156 20.805582
3157 20.505640
3158 18.221405
3159 16.333715
3160 16.232645
3161 16.431282
3162 16.779932
3163 17.655819
3164 16.605902
3165 17.000366
3166 18.068785
3167 18.156698
3168 16.676588
3169 16.273666
3170 17.840923
3171 16.809633
3172 17.131592
3173 16.954220
3174 17.282001
3175 16.696255
3176 16.629587
3177 15.775645
3178 15.765932
3179 13.878125
3180 15.500105
3181 14.313885
3182 14.702098
3183 16.082279
3184 14.969316
3185 15.208776
3186 16.068493
3187 14.998388
3188 15.719393
3189 15.845972
3190 13.959118
3191 14.305191
3192 16.581076
3193 15.033253
3194 15.384996
3195 12.515707
3196 13.379331
3197 14.157278
3198 11.253060
3199 11.763395
3200 12.118476
3201 11.919316
3202 11.622127
3203 12.320006
3204 16.371986
3205 15.313328
3206 13.334698
3207 15.677050
3208 17.414906
3209 18.524118
3210 17.696384
3211 18.780775
3212 16.604963
3213 16.836927
3214 16.853617
3215 16.915483
3216 16.686514
3217 17.899818
3218 17.130386
3219 16.994186
3220 15.387300
3221 16.435825
3222 18.057629
3223 17.362782
3224 16.822866
3225 12.754627
3226 13.711996
3227 13.810590
3228 13.116921
3229 15.204225
3230 14.204822
3231 14.387548
3232 14.338186
3233 13.065294
3234 13.151211
3235 17.512966
3236 17.994122
3237 15.803117
3238 14.877522
3239 17.867039
3240 16.945978
3241 17.723459
3242 17.254370
3243 16.087990
3244 16.441833
3245 15.321755
3246 16.326330
3247 15.469785
3248 15.215069
3249 15.124972
3250 15.835264
3251 12.785887
3252 14.994495
3253 12.487062
3254 15.255363
3255 14.755628
3256 17.126284
3257 14.214314
3258 16.739433
3259 14.836930
3260 15.364265
3261 16.463943
3262 15.225795
3263 15.372215
3264 16.150160
3265 14.456203
3266 15.828732
3267 15.747059
3268 15.843265
3269 16.651764
3270 17.347900
3271 16.923977
3272 18.173115
3273 14.589421
3274 15.523274
3275 17.751890
3276 13.865824
3277 14.293795
3278 15.238261
3279 14.227330
3280 17.809305
3281 17.210238
3282 13.379335
3283 16.271654
3284 17.925119
3285 18.130323
3286 17.074709
3287 17.651293
3288 17.904774
3289 18.028963
3290 17.114422
3291 17.791004
3292 17.790720
3293 16.980843
3294 17.768850
3295 17.474836
3296 18.576315
3297 18.270441
3298 18.131042
3299 16.937935
3300 16.240660
3301 16.414446
3302 17.074881
3303 17.158270
3304 17.427187
3305 17.996908
3306 17.959488
3307 17.915682
3308 16.641191
3309 17.191875
3310 16.981539
3311 17.742912
3312 16.583862
3313 18.340075
3314 15.098644
3315 18.159113
3316 18.661108
3317 16.398825
3318 17.063377
3319 16.057190
3320 14.711390
3321 14.085024
3322 15.488581
3323 14.662122
3324 15.632000
3325 15.731002
3326 17.572258
3327 17.684128
3328 17.657728
3329 18.291824
3330 16.969559
3331 16.826118
3332 16.577612
3333 16.626560
3334 20.036991
3335 19.653456
3336 16.563030
3337 17.106445
3338 17.063263
3339 17.504002
3340 16.901497
3341 16.671236
3342 15.413216
3343 16.587614
3344 15.775514
3345 16.482294
3346 17.606705
3347 17.287954
3348 17.219557
3349 16.995167
3350 16.840912
3351 17.055326
3352 15.681048
3353 14.774773
3354 15.646966
3355 16.370352
3356 14.915746
3357 14.606038
3358 16.605429
3359 16.086845
3360 16.536661
3361 16.872444
3362 17.722250
3363 14.893829
3364 16.445642
3365 17.336081
3366 17.802122
3367 17.992273
3368 17.422401
3369 19.149696
3370 19.728266
3371 18.096754
3372 17.091316
3373 15.685865
3374 15.088572
3375 15.554438
3376 14.629443
3377 16.439884
3378 16.117943
3379 14.355971
3380 16.526554
3381 16.351465
3382 14.755299
3383 16.651005
3384 15.685733
3385 17.421057
3386 16.344038
3387 16.954346
3388 17.957382
3389 17.762043
3390 16.848234
3391 16.354736
3392 15.626069
3393 15.547853
3394 16.765610
3395 16.332291
3396 17.119375
3397 17.911150
3398 15.742551
3399 16.881893
3400 16.307365
3401 15.841865
3402 16.771433
3403 17.000948
3404 17.718533
3405 17.835794
3406 15.088862
3407 18.010401
3408 15.538683
3409 15.690731
3410 18.041279
3411 15.892402
3412 18.545738
3413 18.021038
3414 17.338528
3415 17.819740
3416 16.687422
3417 19.622206
3418 17.637018
3419 16.693518
3420 18.766680
3421 17.448847
3422 15.719966
3423 16.689436
3424 15.700608
3425 16.530663
3426 15.742810
3427 13.848554
3428 15.984402
3429 14.593488
3430 15.482604
3431 18.669258
3432 19.097195
3433 18.114511
3434 18.596760
3435 17.928490
3436 19.551451
3437 18.772297
3438 17.322721
3439 17.551598
3440 19.697159
3441 20.319485
3442 19.794765
3443 18.273481
3444 19.109400
3445 19.782936
3446 19.964233
3447 16.600178
3448 18.747301
3449 19.736252
3450 19.710115
3451 18.693947
3452 17.459602
3453 18.619690
3454 18.712845
3455 18.152603
3456 16.710789
3457 16.304871
3458 17.245378
3459 18.017174
3460 16.074194
3461 16.510046
3462 16.381388
3463 18.012276
3464 15.094250
3465 17.341545
3466 18.058420
3467 16.385347
3468 15.332968
3469 16.925325
3470 17.516235
3471 17.860973
3472 14.766563
3473 12.188224
3474 12.129369
3475 11.994740
3476 11.349231
3477 13.231782
3478 15.678880
3479 16.426474
3480 14.314854
3481 14.743059
3482 15.687250
3483 12.572422
3484 10.970256
3485 12.218070
3486 10.584339
3487 15.102908
3488 13.939913
3489 12.475643
3490 13.457803
3491 13.747812
3492 14.301223
3493 12.267520
3494 12.752023
3495 11.593539
3496 12.218239
3497 12.833313
3498 15.448387
3499 14.940974
3500 18.098524
3501 17.805355
3502 17.851688
3503 17.549690
3504 16.719891
3505 17.239578
3506 16.723623
3507 16.884064
3508 16.706606
3509 17.183863
3510 16.645531
3511 14.922151
3512 16.500011
3513 17.136892
3514 15.956774
3515 17.057566
3516 16.578739
3517 16.534460
3518 17.607079
3519 15.586218
3520 17.015631
3521 16.887804
3522 13.457226
3523 15.499016
3524 14.413370
3525 15.997190
3526 15.901100
3527 14.630551
3528 14.902516
3529 12.435722
3530 10.526616
3531 13.124681
3532 16.678520
3533 16.069902
3534 16.380459
3535 14.610781
3536 14.420823
3537 17.722395
3538 17.439318
3539 17.730618
3540 17.748175
3541 16.978001
3542 17.790886
3543 18.969534
3544 17.918873
3545 17.489796
3546 16.817423
3547 17.186495
3548 17.944195
3549 18.580902
3550 18.513031
3551 16.834316
3552 16.641397
3553 16.393595
3554 16.538816
3555 15.734468
3556 16.558722
3557 18.191315
3558 17.530811
3559 15.858941
3560 15.759057
3561 15.070833
3562 15.619507
3563 13.755486
3564 13.867002
3565 12.138060
3566 13.447270
3567 15.319272
3568 15.391562
3569 14.196273
3570 15.214810
3571 15.376676
3572 15.427731
3573 16.707674
3574 16.178436
3575 16.186295
3576 15.719411
3577 13.815521
3578 12.006611
3579 9.950812
3580 14.199370
3581 15.982724
3582 13.919252
3583 14.378116
3584 11.882041
3585 12.901722
3586 15.831141
3587 17.843973
3588 17.925484
3589 20.081820
3590 20.933620
3591 19.672745
3592 18.556091
3593 17.166756
3594 17.346622
3595 18.470667
3596 18.490347
3597 16.954838
3598 18.405188
3599 19.721045
3600 19.262894
3601 18.673531
3602 18.380432
3603 18.029007
3604 19.322104
3605 19.475367
3606 19.509699
3607 15.563161
3608 16.529333
3609 18.644278
3610 17.463770
3611 18.108192
3612 19.035027
3613 18.439796
3614 18.012428
3615 18.110775
3616 16.284637
3617 16.532953
3618 18.049807
3619 18.577398
3620 19.365541
3621 17.715685
3622 18.297001
3623 17.252672
3624 16.041267
3625 17.010000
3626 17.969498
3627 16.476387
3628 16.541903
3629 16.074038
3630 17.329485
3631 14.228857
3632 13.918972
3633 13.426394
3634 16.659140
3635 17.361526
3636 13.165977
3637 13.184310
3638 17.688856
3639 13.884363
3640 18.256252
3641 18.347660
3642 17.021862
3643 18.247574
3644 20.587793
3645 17.793274
3646 19.439867
3647 18.445717
3648 17.906889
3649 18.570959
3650 17.843243
3651 17.613007
3652 18.725298
3653 17.551750
3654 17.203278
3655 17.669682
3656 17.337282
3657 17.184042
3658 16.150049
3659 15.194295
3660 16.715727
3661 18.965206
3662 18.761820
3663 19.026737
3664 18.097296
3665 20.412453
3666 17.564808
3667 18.533010
3668 17.721186
3669 18.182117
3670 18.591133
3671 17.702816
3672 17.920527
3673 17.954826
3674 15.873410
3675 16.706678
3676 18.716034
3677 18.236759
3678 17.425375
3679 17.421427
3680 17.755451
3681 18.395134
3682 16.547848
3683 16.440660
3684 16.836237
3685 16.706532
3686 18.161747
3687 18.603622
3688 16.943537
3689 18.454010
3690 19.058990
3691 18.072367
3692 17.362728
3693 18.597015
3694 18.112989
3695 20.082762
3696 14.865299
3697 13.737600
3698 17.773184
3699 16.140713
3700 14.694131
3701 15.578734
3702 14.719325
3703 16.076469
3704 16.452942
3705 17.021080
3706 16.902086
3707 15.119162
3708 16.201736
3709 17.417490
3710 16.980835
3711 14.845989
3712 20.072636
3713 18.515182
3714 17.625029
3715 18.424196
3716 20.330236
3717 19.491343
3718 17.448046
3719 18.494741
3720 19.772757
3721 17.135258
3722 14.836069
3723 14.668132
3724 14.456697
3725 16.759827
3726 17.583282
3727 19.126156
3728 17.420118
3729 18.930584
3730 19.697065
3731 17.353125
3732 14.905047
3733 13.844497
3734 14.622906
3735 15.166126
3736 15.803855
3737 16.444311
3738 14.937169
3739 15.625832
3740 14.470473
3741 15.073479
3742 15.314037
3743 17.395161
3744 15.301658
3745 18.130356
3746 18.316250
3747 19.120089
3748 16.054857
3749 18.303009
3750 17.778923
3751 19.041172
3752 17.265238
3753 16.007830
3754 17.389633
3755 19.100584
3756 17.581745
3757 19.870424
3758 20.418243
3759 20.191719
3760 19.204731
3761 19.680082
3762 20.135847
3763 18.438959
3764 17.693682
3765 16.570082
3766 17.689526
3767 18.931757
3768 19.637764
3769 18.998554
3770 17.934708
3771 18.220875
3772 19.030075
3773 19.369312
3774 20.237698
3775 19.533222
3776 19.346977
3777 19.889143
3778 19.293213
3779 18.922045
3780 19.372156
3781 18.483053
3782 17.183680
3783 19.039377
3784 18.820385
3785 20.132816
3786 19.951027
3787 15.672354
3788 18.990458
3789 18.026190
3790 19.246912
3791 19.052464
3792 18.078878
3793 16.642010
3794 19.608122
3795 18.852942
3796 19.417316
3797 18.776928
3798 18.228960
3799 16.687235
3800 16.833717
3801 19.648569
3802 17.627291
3803 17.201160
3804 17.174368
3805 18.562263
3806 17.463285
3807 19.142994
3808 15.867331
3809 16.209496
3810 16.863363
3811 13.553078
3812 13.937035
3813 10.696060
3814 13.525558
3815 14.673903
3816 16.804102
3817 11.735391
3818 12.948239
3819 9.806924
3820 13.850060
3821 17.336321
3822 16.576628
3823 14.378254
3824 13.157936
3825 15.052895
3826 15.632565
3827 14.731391
3828 16.938017
3829 14.180502
3830 14.111211
3831 17.059225
3832 16.898628
3833 16.748398
3834 17.207321
3835 17.017551
3836 17.577568
3837 15.870907
3838 17.831959
3839 18.352678
3840 17.584921
3841 19.391884
3842 19.221416
3843 19.261520
3844 17.344439
3845 20.164984
3846 17.943935
3847 18.730995
3848 18.577095
3849 17.267244
3850 19.330734
3851 18.659033
3852 18.001074
3853 17.947906
3854 18.058121
3855 19.559145
3856 18.018797
3857 17.635384
3858 18.880186
3859 19.072098
3860 17.512613
3861 18.684685
3862 19.182348
3863 18.811686
3864 18.870502
3865 20.617054
3866 17.311096
3867 18.039579
3868 18.542437
3869 20.357311
3870 18.856972
3871 19.692856
3872 18.862545
3873 17.249355
3874 17.533438
3875 17.584322
3876 16.858740
3877 16.750729
3878 16.012335
3879 17.698193
3880 16.417402
3881 17.478336
3882 17.159376
3883 19.818489
3884 17.315264
3885 16.513430
3886 16.716009
3887 14.362825
3888 16.960930
3889 15.596621
3890 13.422205
3891 16.186613
3892 17.270744
3893 15.492469
3894 16.742420
3895 16.628237
3896 15.755978
3897 13.822154
3898 16.635376
3899 16.180309
3900 18.103045
3901 14.470272
3902 17.863388
3903 17.330004
3904 17.155146
3905 16.355881
3906 15.422062
3907 14.395634
3908 14.401096
3909 14.719924
3910 16.182371
3911 15.789068
3912 14.905790
3913 17.562456
3914 15.694588
3915 13.937715
3916 19.453722
3917 20.015253
3918 16.275469
3919 18.434658
3920 14.648865
3921 15.370259
3922 15.616191
3923 15.678615
3924 14.038624
3925 17.301954
3926 16.208939
3927 17.679501
3928 15.883718
3929 15.147623
3930 15.259050
3931 15.063788
3932 16.545748
3933 16.621124
3934 15.331814
3935 14.257432
3936 15.071444
3937 15.494472
3938 17.104830
3939 16.529577
3940 14.571872
3941 14.666791
3942 17.171446
3943 17.923079
3944 17.390175
3945 15.348114
3946 14.646483
3947 18.214035
3948 16.245182
3949 17.547344
3950 17.029005
3951 18.340906
3952 16.754297
3953 17.554243
3954 17.193758
3955 18.149817
3956 16.475420
3957 18.466040
3958 15.663783
3959 14.845079
3960 17.407875
3961 16.488268
3962 16.539818
3963 15.222240
3964 16.086842
3965 17.374220
3966 15.990816
3967 17.269724
3968 17.852802
3969 17.421650
3970 19.749775
3971 18.252434
3972 17.214546
3973 14.741224
3974 16.819042
3975 16.112394
3976 16.346588
3977 17.505552
3978 17.281422
3979 19.124689
3980 18.032633
3981 18.262558
3982 13.840430
3983 15.812445
3984 17.849344
3985 19.521324
3986 18.638426
3987 18.632811
3988 18.153286
3989 16.909706
3990 17.076094
3991 18.714745
3992 20.129482
3993 17.075233
3994 17.887928
3995 17.557680
3996 15.382588
3997 14.540865
3998 17.047369
3999 15.378594
4000 17.763796
4001 18.452999
4002 18.234993
4003 17.561810
4004 17.529602
4005 18.699808
4006 18.335516
4007 19.309496
4008 18.436010
4009 19.749617
4010 20.125410
4011 19.748470
4012 19.607210
4013 19.600567
4014 17.669640
4015 18.106575
4016 18.666227
4017 18.137344
4018 20.048868
4019 17.968325
4020 18.409445
4021 19.687803
4022 18.682692
4023 17.959305
4024 17.590509
4025 16.525196
4026 16.006763
4027 17.315454
4028 16.472544
4029 17.991962
4030 14.434987
4031 15.144063
4032 15.839510
4033 15.114503
4034 15.134278
4035 14.472537
4036 14.383407
4037 17.143400
4038 16.992765
4039 16.542995
4040 17.357559
4041 15.575832
4042 16.218142
4043 15.338986
4044 17.484001
4045 15.957397
4046 15.610523
4047 15.681789
4048 17.089754
4049 16.496391
4050 16.285374
4051 16.452595
4052 16.876354
4053 18.012899
4054 18.881983
4055 18.093029
4056 19.215763
4057 15.029271
4058 13.434693
4059 16.265116
4060 15.115974
4061 16.441158
4062 15.990726
4063 16.861471
4064 16.414316
4065 17.466524
4066 17.077469
4067 12.622777
4068 15.897939
4069 15.853811
4070 17.458557
4071 15.969939
4072 16.831612
4073 17.826754
4074 16.340143
4075 17.698942
4076 17.610340
4077 18.144789
4078 15.072799
4079 14.605297
4080 15.173933
4081 15.720303
4082 18.130205
4083 18.813110
4084 17.741802
4085 19.294077
4086 17.450758
4087 18.268427
4088 19.971645
4089 18.109182
4090 17.201979
4091 15.548353
4092 17.448605
4093 18.020416
4094 13.661057
4095 16.068979
4096 13.699233
4097 15.917806
4098 16.564203
4099 17.851036
4100 17.948915
4101 20.048388
4102 20.011805
4103 19.550646
4104 18.139431
4105 18.919189
4106 15.467969
4107 17.097059
4108 17.115566
4109 16.816181
4110 19.293732
4111 18.809061
4112 19.294250
4113 18.851236
4114 18.734354
4115 16.563848
4116 19.130346
4117 18.514294
4118 17.813951
4119 17.599110
4120 17.429155
4121 18.719030
4122 17.347334
4123 19.155516
4124 13.581888
4125 11.415931
4126 14.019752
4127 14.186522
4128 14.590212
4129 15.935272
4130 17.519388
4131 17.422640
4132 18.369535
4133 17.268614
4134 18.561535
4135 19.008320
4136 19.064362
4137 16.977175
4138 19.448423
4139 18.801249
4140 18.988317
4141 20.398945
4142 19.055639
4143 17.128412
4144 17.448214
4145 19.531464
4146 16.313004
4147 14.674968
4148 15.162885
4149 13.401623
4150 16.449299
4151 15.866989
4152 12.651109
4153 14.278077
4154 15.844906
4155 17.210688
4156 14.004830
4157 15.597914
4158 17.346319
4159 17.096817
4160 16.758131
4161 15.984604
4162 15.883964
4163 17.510853
4164 16.985939
4165 17.297825
4166 17.321217
4167 17.218466
4168 16.128628
4169 17.887831
4170 17.028309
4171 16.829485
4172 17.950802
4173 18.161263
4174 18.102974
4175 18.419872
4176 18.895981
4177 18.728231
4178 17.410374
4179 17.447754
4180 14.502717
4181 17.497028
4182 15.237017
4183 16.169048
4184 18.952356
4185 15.752681
4186 18.461647
4187 17.765680
4188 15.142689
4189 16.212446
4190 19.255398
4191 18.334377
4192 17.079519
4193 15.334750
4194 16.647411
4195 16.209339
4196 15.664849
4197 15.584540
4198 16.879578
4199 17.043875
4200 15.029688
4201 13.737594
4202 15.305953
4203 16.055313
4204 19.281343
4205 17.725718
4206 16.643158
4207 18.348648
4208 15.341572
4209 17.285175
4210 18.142710
4211 16.290358
4212 17.051449
4213 16.682032
4214 17.560379
4215 16.820494
4216 19.391787
4217 17.999710
4218 16.599731
4219 18.213816
4220 18.678741
4221 17.187244
4222 19.901047
4223 20.497202
4224 20.046856
4225 20.689795
4226 18.553030
4227 18.209339
4228 18.375193
4229 18.971300
4230 16.410471
4231 15.778749
4232 16.222464
4233 14.074622
4234 14.706630
4235 14.242140
4236 12.962586
4237 15.991314
4238 16.236483
4239 16.119947
4240 13.897006
4241 13.220210
4242 15.612453
4243 14.926814
4244 14.100956
4245 17.047552
4246 16.724556
4247 12.253373
4248 15.820412
4249 15.296002
4250 16.034389
4251 13.459426
4252 16.742573
4253 16.312786
4254 16.535976
4255 15.202067
4256 15.505991
4257 15.043490
4258 15.166164
4259 14.219545
4260 15.602717
4261 16.669258
4262 17.145878
4263 15.973888
4264 15.011084
4265 16.528793
4266 17.892597
4267 14.767276
4268 16.454569
4269 15.834752
4270 15.015116
4271 17.503244
4272 19.371288
4273 19.409760
4274 18.928659
4275 18.402777
4276 16.388905
4277 17.419271
4278 17.843195
4279 16.222565
4280 16.726269
4281 14.173918
4282 17.250059
4283 16.077093
4284 17.106329
4285 18.067944
4286 17.796961
4287 16.548565
4288 17.325621
4289 18.160505
4290 15.584256
4291 17.042471
4292 15.898123
4293 16.439981
4294 16.353748
4295 16.162615
4296 15.495444
4297 14.711485
4298 14.656538
4299 15.608545
4300 14.582473
4301 15.568727
4302 17.121361
4303 14.436533
4304 13.431173
4305 12.695791
4306 16.103668
4307 16.866810
4308 17.881014
4309 16.706264
4310 16.056452
4311 16.887501
4312 16.160923
4313 14.626569
4314 14.204178
4315 17.702850
4316 13.678141
4317 12.197107
4318 13.537621
4319 16.598097
4320 15.487540
4321 16.514368
4322 16.248426
4323 15.257705
4324 15.134840
4325 13.940378
4326 14.879269
4327 14.547970
4328 16.145977
4329 14.056366
4330 14.280177
4331 14.590233
4332 13.574153
4333 14.167479
4334 15.337189
4335 16.448067
4336 17.973236
4337 15.907102
4338 14.527395
4339 13.895713
4340 15.150167
4341 13.453212
4342 13.647684
4343 11.510535
4344 13.043030
4345 12.445974
4346 10.179608
4347 15.458246
4348 12.819773
4349 14.443578
4350 15.715759
4351 14.645378
4352 14.339166
4353 14.994658
4354 13.317063
4355 13.981507
4356 10.091841
4357 11.187862
4358 10.641287
4359 14.459326
4360 13.439863
4361 12.414020
4362 12.880944
4363 13.757804
4364 16.596935
4365 11.019550
4366 11.721657
4367 12.613835
4368 9.147049
4369 10.339971
4370 11.688164
4371 8.661187
4372 9.040019
4373 9.406566
4374 11.159003
4375 9.575624
4376 10.571837
4377 10.166897
4378 11.279682
4379 11.368424
4380 12.672091
4381 15.940686
4382 15.460979
4383 15.250710
4384 14.261452
4385 11.862993
4386 11.510320
4387 13.333075
4388 15.237494
4389 16.411707
4390 15.215092
4391 16.834845
4392 16.097015
4393 14.668966
4394 16.582800
4395 16.749531
4396 16.606012
4397 18.406338
4398 15.778945
4399 17.718229
4400 16.894442
4401 16.010193
4402 16.259218
4403 15.741452
4404 13.758337
4405 17.614000
4406 16.478653
4407 17.327688
4408 16.058193
4409 17.307297
4410 16.107576
4411 16.111538
4412 15.746801
4413 18.588987
4414 18.690182
4415 18.068851
4416 16.767900
4417 16.198917
4418 16.960852
4419 17.298891
4420 17.089897
4421 15.942846
4422 16.626451
4423 17.922825
4424 17.293077
4425 11.912974
4426 13.200396
4427 15.341122
4428 15.220853
4429 16.121485
4430 14.674260
4431 14.073400
4432 11.826622
4433 10.978516
4434 9.749297
4435 14.115828
4436 9.836751
4437 13.965295
4438 15.571155
4439 15.954153
4440 15.883780
4441 17.510355
4442 17.207273
4443 17.429504
4444 17.316830
4445 16.463837
4446 18.190886
4447 17.451515
4448 17.147734
4449 17.232742
4450 17.886791
4451 18.471302
4452 17.463354
4453 19.090376
4454 17.074028
4455 18.169235
4456 17.428062
4457 16.993599
4458 18.404840
4459 17.605736
4460 17.349525
4461 17.344664
4462 16.542713
4463 16.891542
4464 18.354456
4465 15.942916
4466 17.460882
4467 17.032156
4468 17.317848
4469 17.975580
4470 18.289974
4471 18.149981
4472 17.364273
4473 16.901588
4474 17.276752
4475 16.811941
4476 15.590666
4477 18.803619
4478 17.336071
4479 17.922033
4480 18.223074
4481 18.683302
4482 18.175074
4483 18.127705
4484 17.797663
4485 16.983255
4486 17.432364
4487 15.463737
4488 17.515526
4489 16.015421
4490 18.849907
4491 19.495806
4492 17.704227
4493 18.197227
4494 17.129494
4495 18.402185
4496 18.187078
4497 17.836409
4498 19.191841
4499 17.323843
4500 19.951561
4501 18.748196
4502 17.565342
4503 17.282667
4504 17.484594
4505 18.255871
4506 17.970818
4507 17.540743
4508 16.702717
4509 16.084188
4510 19.668020
4511 16.755714
4512 18.243141
4513 17.534092
4514 15.447417
4515 16.892756
4516 16.507139
4517 16.604687
4518 17.193630
4519 18.710106
4520 17.581226
4521 18.994303
4522 18.770151
4523 17.384708
4524 19.651043
4525 17.356459
4526 18.579929
4527 18.321793
4528 19.373371
4529 19.366667
4530 17.866877
4531 17.613623
4532 19.805796
4533 19.371550
4534 19.588816
4535 18.447210
4536 19.387932
4537 18.519157
4538 18.539776
4539 18.622271
4540 19.073021
4541 18.579401
4542 19.329018
4543 18.652956
4544 18.284140
4545 18.789528
4546 16.144753
4547 16.059570
4548 17.588505
4549 16.038136
4550 16.643044
4551 11.662254
4552 10.818112
4553 9.685292
4554 12.708801
4555 15.622557
4556 11.329669
4557 10.361509
4558 12.770143
4559 11.994035
4560 10.825569
4561 11.591975
4562 14.026565
4563 15.951802
4564 14.136765
4565 17.143431
4566 17.572622
4567 16.740358
4568 16.658482
4569 17.747992
4570 16.370518
4571 16.244942
4572 16.489037
4573 17.283279
4574 17.533939
4575 17.412346
4576 17.520687
4577 18.149063
4578 15.954342
4579 16.823284
4580 16.351267
4581 18.117897
4582 17.541208
4583 17.564762
4584 17.189140
4585 17.459753
4586 17.228264
4587 17.923878
4588 16.308348
4589 13.092539
4590 17.642065
4591 16.993769
4592 17.343420
4593 17.318628
4594 16.563631
4595 17.516556
4596 14.056308
4597 16.573763
4598 14.718060
4599 15.531446
4600 16.188751
4601 15.306929
4602 15.999894
4603 17.256947
4604 15.813176
4605 18.147108
4606 16.538033
4607 17.143711
4608 16.440012
4609 16.030602
4610 15.604240
4611 16.572659
4612 17.537540
4613 13.313368
4614 14.527531
4615 15.249838
4616 17.686142
4617 15.667769
4618 18.001026
4619 17.403486
4620 18.808346
4621 18.021656
4622 19.046064
4623 15.573143
4624 16.441622
4625 15.621564
4626 15.293374
4627 17.487320
4628 16.947325
4629 16.093393
4630 17.610815
4631 17.862383
4632 15.375653
4633 15.948074
4634 15.947059
4635 15.490173
4636 15.408065
4637 12.363434
4638 11.854797
4639 13.437426
4640 13.566387
4641 12.623788
4642 12.676681
4643 13.968579
4644 13.260170
4645 12.414274
4646 13.534449
4647 14.099205
4648 16.052692
4649 16.904585
4650 15.619547
4651 15.157769
4652 13.571060
4653 14.173602
4654 14.392174
4655 15.394847
4656 14.900401
4657 17.415819
4658 15.099523
4659 16.492939
4660 15.662199
4661 16.587435
4662 15.050811
4663 14.630827
4664 16.481771
4665 16.102802
4666 12.841480
4667 15.957688
4668 17.160662
4669 17.226112
4670 16.291943
4671 18.119083
4672 17.026316
4673 16.370161
4674 16.638451
4675 12.105620
4676 15.475833
4677 15.688801
4678 16.788910
4679 18.940302
4680 15.704977
4681 18.039701
4682 14.123234
4683 16.341635
4684 15.172410
4685 17.357517
4686 14.555359
4687 13.485506
4688 12.817514
4689 13.770373
4690 15.235913
4691 16.328531
4692 14.829166
4693 15.655497
4694 14.214228
4695 14.113902
4696 15.616025
4697 14.283714
4698 17.176142
4699 16.166384
4700 16.559690
4701 14.234385
4702 16.452105
4703 11.864180
4704 12.756941
4705 18.239073
4706 16.395134
4707 15.664588
4708 16.948679
4709 16.059555
4710 16.016132
4711 15.180864
4712 14.168364
4713 14.903011
4714 14.480038
4715 16.023516
4716 15.566670
4717 16.186314
4718 18.036549
4719 16.153925
4720 15.919633
4721 16.615103
4722 16.596554
4723 15.961295
4724 18.123724
4725 14.711983
4726 18.175190
4727 19.444157
4728 20.407598
4729 19.838680
4730 19.446894
4731 19.445097
4732 19.221516
4733 19.188021
4734 19.545958
4735 19.863483
4736 19.282270
4737 19.670858
4738 20.163729
4739 19.431627
4740 18.873806
4741 19.386276
4742 16.264053
4743 17.304174
4744 17.621870
4745 17.840921
4746 15.642996
4747 16.900297
4748 15.697068
4749 15.449870
4750 15.911586
4751 14.410939
4752 15.797333
4753 15.538671
4754 15.448380
4755 16.371132
4756 17.121767
4757 16.718384
4758 17.560337
4759 16.257055
4760 17.307495
4761 18.641092
4762 16.232412
4763 17.604778
4764 17.030226
4765 18.152380
4766 19.531149
4767 20.002331
4768 19.351040
4769 19.470875
4770 17.823887
4771 16.509844
4772 17.603540
4773 17.641132
4774 16.631399
4775 17.381836
4776 17.914425
4777 20.596182
4778 19.068619
4779 16.498865
4780 18.753384
4781 19.066320
4782 18.336927
4783 15.004039
4784 18.200354
4785 17.417749
4786 16.179523
4787 17.256220
4788 17.776897
4789 19.581223
4790 18.955286
4791 18.543808
4792 17.433580
4793 17.779215
4794 18.188145
4795 17.315983
4796 15.831567
4797 16.192398
4798 15.517217
4799 17.099297
4800 16.725573
4801 17.184542
4802 16.101576
4803 16.966045
4804 16.033331
4805 15.853164
4806 17.471014
4807 18.573837
4808 16.091528
4809 17.337469
4810 17.691547
4811 15.944450
4812 16.082830
4813 17.114590
4814 19.547230
4815 18.486259
4816 19.726423
4817 19.312351
4818 20.542068
4819 17.878647
4820 18.852461
4821 17.914141
4822 19.361927
4823 18.820585
4824 18.269651
4825 19.689707
4826 18.017950
4827 18.727499
4828 19.135145
4829 18.825911
4830 19.225163
4831 19.099354
4832 18.615236
4833 18.613632
4834 18.307056
4835 21.175686
4836 19.543114
4837 19.793457
4838 19.570827
4839 18.836279
4840 16.876797
4841 18.697563
4842 17.336231
4843 19.204140
4844 19.161989
4845 20.379139
4846 19.341599
4847 18.135927
4848 18.213760
4849 18.262426
4850 19.022758
4851 20.967010
4852 20.491823
4853 18.905085
4854 18.883141
4855 19.345123
4856 18.625128
4857 19.882181
4858 20.200367
4859 21.231371
4860 18.717220
4861 19.205566
4862 20.347908
4863 17.946783
4864 18.840855
4865 19.035105
4866 18.123690
4867 19.150463
4868 18.254999
4869 19.813038
4870 18.282568
4871 19.307409
4872 17.828543
4873 16.105854
4874 20.045530
4875 19.139099
4876 18.494814
4877 18.189278
4878 19.720985
4879 19.226934
4880 18.098640
4881 17.361441
4882 19.426626
4883 18.599224
4884 19.858765
4885 19.537819
4886 17.986658
4887 18.402456
4888 19.003059
4889 17.891365
4890 17.505299
4891 18.294954
4892 19.627300
4893 17.401003
4894 17.107367
4895 17.098373
4896 18.359251
4897 17.734484
4898 16.877960
4899 19.705967
4900 17.057568
4901 16.663160
4902 15.028621
4903 14.431569
4904 13.229243
4905 14.917788
4906 17.495670
4907 17.672400
4908 14.897188
4909 19.139679
4910 17.977200
4911 18.658241
4912 18.978477
4913 16.919855
4914 17.549692
4915 15.199125
4916 16.579969
4917 17.780012
4918 15.862008
4919 14.316152
4920 15.301046
4921 13.526904
4922 14.178351
4923 14.986293
4924 13.861340
4925 15.307105
4926 17.891434
4927 14.948669
4928 16.882372
4929 15.832592
4930 15.211328
4931 15.058969
4932 13.805464
4933 12.841114
4934 14.393059
4935 15.359257
4936 16.008533
4937 15.207164
4938 14.789677
4939 16.782112
4940 17.269482
4941 14.682458
4942 15.841307
4943 18.165155
4944 17.250469
4945 16.414415
4946 16.442793
4947 20.079674
4948 19.627781
4949 19.945099
4950 18.742172
4951 18.719250
4952 19.885565
4953 19.185955
4954 19.461086
4955 16.686800
4956 17.926384
4957 18.342512
4958 16.721079
4959 18.002508
4960 19.965836
4961 19.441584
4962 19.102833
4963 17.713623
4964 16.204697
4965 17.741741
4966 15.770411
4967 16.185740
4968 15.685233
4969 15.487243
4970 15.548120
4971 16.265228
4972 18.434954
4973 17.358147
4974 18.963842
4975 19.943380
4976 19.436031
4977 18.916321
4978 19.700457
4979 19.019094
4980 19.617382
4981 16.402552
4982 15.776599
4983 15.749869
4984 16.732334
4985 16.350342
4986 14.324710
4987 15.415180
4988 15.766814
4989 16.276859
4990 15.491783
4991 14.345207
4992 13.782394
4993 17.725203
4994 17.426540
4995 15.483958
4996 18.284081
4997 14.950441
4998 15.952569
4999 15.945289
5000 17.553148
5001 19.501797

