0 5.931759
1 6.286530
2 6.688928
3 7.037519
4 4.796813
5 7.719618
6 5.776537
7 8.390536
8 8.014374
9 7.755631
10 8.394428
11 8.261777
12 7.630453
13 7.563158
14 7.273314
15 5.153695
16 5.876332
17 5.573374
18 5.374963
19 5.643003
20 6.382829
21 4.011415
22 4.327516
23 6.342979
24 7.096296
25 7.284714
26 6.268469
27 7.829042
28 6.201696
29 7.289744
30 6.838875
31 8.312557
32 7.742126
33 7.881485
34 8.170220
35 5.937496
36 5.943346
37 4.987805
38 7.050192
39 7.907200
40 7.747021
41 7.398616
42 8.460817
43 8.355386
44 7.286245
45 3.602720
46 3.499788
47 3.509675
48 3.950668
49 3.632340
50 3.325931
51 3.479829
52 3.638074
53 3.694345
54 3.501906
55 3.837459
56 3.678990
57 3.750980
58 3.857473
59 4.009309
60 4.023534
61 3.728674
62 3.467501
63 3.928725
64 3.815089
65 3.626285
66 3.879559
67 3.462786
68 3.575740
69 3.554338
70 3.846263
71 3.647644
72 3.699083
73 3.801079
74 3.782769
75 3.488464
76 3.869842
77 3.734637
78 3.508404
79 4.044130
80 3.457281
81 3.552595
82 3.644960
83 3.883936
84 3.820901
85 3.763112
86 3.748947
87 3.734290
88 3.573154
89 3.733228
90 3.833235
91 3.937961
92 3.821969
93 3.677078
94 3.677858
95 3.675931
96 3.844488
97 3.751075
98 3.904829
99 3.790766
100 3.775037
101 3.643996
102 3.755345
103 3.687179
104 3.698770
105 5.805466
106 6.310157
107 5.988521
108 7.648860
109 7.501008
110 7.983227
111 6.247063
112 7.314159
113 7.316705
114 6.800311
115 6.007734
116 6.125534
117 3.733707
118 3.924230
119 3.758152
120 4.000126
121 3.748429
122 3.463369
123 3.820603
124 3.395968
125 3.832938
126 3.498818
127 3.813210
128 3.555963
129 3.633957
130 3.472289
131 3.630213
132 3.610265
133 3.820346
134 3.962878
135 3.706495
136 3.864126
137 3.661273
138 3.902685
139 3.718144
140 3.647423
141 3.620233
142 3.742525
143 3.632189
144 3.879152
145 3.802218
146 3.936932
147 3.656240
148 3.716410
149 3.653976
150 3.636219
151 3.906535
152 3.801593
153 5.933664
154 6.538177
155 5.662692
156 5.785728
157 3.892810
158 3.605187
159 3.881558
160 3.608848
161 3.762166
162 3.821691
163 3.920169
164 3.812205
165 3.720926
166 3.821177
167 3.787043
168 3.862757
169 3.732049
170 5.812716
171 5.875785
172 5.601375
173 5.561344
174 6.886661
175 5.381289
176 3.804708
177 3.887129
178 3.987955
179 5.327365
180 5.823101
181 6.537468
182 7.421208
183 6.359725
184 5.794219
185 6.014946
186 6.025695
187 7.387861
188 6.936152
189 6.794390
190 6.419319
191 5.808722
192 5.831347
193 6.735067
194 8.032359
195 9.153411
196 6.845477
197 5.638635
198 6.962045
199 5.469967
200 6.510736
201 5.830352
202 3.679106
203 3.645418
204 3.400076
205 3.834124
206 3.726401
207 3.805926
208 3.652041
209 3.971913
210 3.721208
211 3.673232
212 3.699166
213 3.866965
214 3.600525
215 3.840117
216 3.832721
217 3.629238
218 3.717180
219 3.602751
220 3.918632
221 3.587937
222 3.417998
223 3.221587
224 3.922095
225 3.465214
226 3.757510
227 5.022849
228 7.947546
229 5.756733
230 3.635986
231 3.635843
232 3.867156
233 5.763373
234 3.801236
235 3.733106
236 3.740511
237 3.631090
238 3.530069
239 3.721547
240 3.492772
241 7.519021
242 6.005210
243 5.679690
244 7.506997
245 7.719959
246 8.098335
247 8.892486
248 8.041948
249 9.121064
250 8.773998
251 8.248446
252 8.571877
253 7.832556
254 8.037294
255 7.985516
256 8.384088
257 8.333055
258 8.450990
259 8.409250
260 8.363502
261 5.782601
262 5.778335
263 5.984027
264 6.514761
265 6.102992
266 5.786715
267 5.970623
268 6.468783
269 6.102140
270 5.720194
271 6.435762
272 5.996599
273 7.236366
274 6.593681
275 5.092618
276 6.239429
277 6.024695
278 6.981727
279 5.712565
280 6.766313
281 9.497861
282 8.033260
283 7.456983
284 8.532612
285 5.813442
286 6.233315
287 5.809848
288 6.002421
289 5.715579
290 5.970403
291 5.976817
292 6.621459
293 7.033045
294 6.878937
295 6.670156
296 8.807501
297 6.354305
298 6.917015
299 7.802606
300 8.370440
301 5.279027
302 5.498699
303 5.108795
304 5.970341
305 5.709198
306 5.430230
307 4.952267
308 5.829965
309 5.841524
310 5.532459
311 6.131403
312 3.978806
313 6.125557
314 5.958274
315 5.570786
316 6.050245
317 5.134258
318 3.865919
319 3.608464
320 5.130383
321 3.531386
322 3.729740
323 3.656092
324 3.539129
325 3.462487
326 3.861013
327 3.855813
328 3.496298
329 4.237512
330 3.694979
331 5.006840
332 3.910614
333 3.830420
334 3.710693
335 3.881369
336 3.750270
337 3.741044
338 3.891567
339 3.607394
340 3.900077
341 3.639318
342 3.592274
343 3.608296
344 3.669124
345 3.676116
346 3.647917
347 3.752589
348 3.894983
349 5.448549
350 5.765674
351 5.495292
352 5.723859
353 5.878176
354 6.584903
355 5.266215
356 5.692351
357 3.647587
358 3.987513
359 3.862820
360 4.066025
361 3.716032
362 3.937664
363 3.741739
364 3.654716
365 3.907603
366 3.856762
367 3.723189
368 4.087895
369 3.642388
370 3.681564
371 3.932035
372 3.546849
373 3.950964
374 3.865169
375 3.960545
376 3.813165
377 3.715353
378 3.794416
379 3.665029
380 3.646094
381 3.711661
382 3.704432
383 3.788466
384 3.768711
385 3.834642
386 4.007110
387 3.543600
388 3.699269
389 3.761077
390 3.849271
391 3.622787
392 3.782995
393 3.606227
394 3.824580
395 3.785048
396 3.908298
397 3.740504
398 3.644129
399 3.498755
400 3.946483
401 3.599014
402 3.773610
403 3.769152
404 3.685713
405 3.659254
406 3.721008
407 3.769835
408 3.924650
409 3.994946
410 3.829881
411 3.792237
412 3.818592
413 3.654338
414 3.850363
415 3.698730
416 4.063767
417 3.773447
418 3.848659
419 3.725431
420 3.782721
421 3.665269
422 3.865410
423 3.891344
424 3.709090
425 3.569311
426 3.864190
427 3.837653
428 3.777686
429 3.988894
430 3.795002
431 3.763057
432 3.709606
433 3.938869
434 3.565922
435 3.782888
436 3.736644
437 3.486663
438 3.799660
439 3.644583
440 3.938689
441 3.841211
442 3.755222
443 3.886977
444 3.860169
445 3.909540
446 3.748675
447 4.078262
448 3.614983
449 3.897872
450 3.751649
451 3.868373
452 3.567602
453 3.833262
454 3.794366
455 3.802419
456 3.682682
457 3.815769
458 3.817683
459 3.546735
460 3.725925
461 3.983876
462 3.750172
463 3.780294
464 3.556269
465 3.780532
466 3.841431
467 3.810257
468 3.853755
469 3.989313
470 3.900832
471 3.564951
472 3.643306
473 3.719935
474 3.877865
475 3.787729
476 3.745395
477 3.742982
478 3.855155
479 3.852922
480 3.971247
481 3.965862
482 3.683488
483 3.497669
484 3.702362
485 3.569254
486 3.672202
487 3.862615
488 3.847968
489 3.730335
490 3.762259
491 3.818500
492 3.810777
493 3.702581
494 3.813303
495 3.913429
496 3.949412
497 3.726366
498 3.748065
499 3.916449
500 3.777785
501 3.930202
502 3.947672
503 4.005033
504 3.808871
505 3.940288
506 3.720042
507 3.908271
508 3.979001
509 3.834282
510 3.986594
511 3.731570
512 3.864986
513 3.815348
514 3.710645
515 3.825917
516 3.232480
517 3.092977
518 3.578182
519 3.542581
520 3.484781
521 3.539855
522 3.618853
523 3.896389
524 3.555008
525 3.941651
526 3.805974
527 3.748996
528 3.769006
529 3.551420
530 3.856182
531 3.751985
532 3.752867
533 5.980352
534 6.364641
535 5.627366
536 5.681002
537 6.461780
538 5.492482
539 5.938028
540 5.779598
541 5.946179
542 6.403341
543 5.678476
544 5.630579
545 5.497352
546 6.072482
547 6.004636
548 5.634830
549 5.800767
550 5.376105
551 6.087253
552 6.644094
553 4.740574
554 6.611909
555 5.954870
556 5.143676
557 5.545315
558 5.548529
559 5.797147
560 5.498823
561 5.579198
562 6.100980
563 5.877447
564 6.039616
565 5.879628
566 5.656864
567 5.729929
568 6.220463
569 5.454878
570 5.835457
571 5.445666
572 5.893327
573 5.910951
574 5.881818
575 3.736242
576 4.025692
577 3.792797
578 3.835872
579 3.816566
580 3.760251
581 3.562401
582 3.897316
583 3.509585
584 3.533527
585 3.623177
586 3.754597
587 3.719597
588 3.997974
589 3.782844
590 3.773827
591 3.879046
592 3.443329
593 4.016279
594 3.778324
595 3.437574
596 3.310850
597 3.602588
598 3.383209
599 3.707426
600 3.379263
601 3.876920
602 3.751387
603 3.957639
604 3.939726
605 3.654277
606 3.910374
607 3.797481
608 3.938101
609 3.738790
610 3.836291
611 3.826497
612 3.975450
613 3.736751
614 3.787362
615 3.554400
616 3.954012
617 3.942852
618 3.849433
619 3.733110
620 3.841950
621 3.648821
622 3.564915
623 3.779709
624 3.519047
625 3.984538
626 3.918751
627 4.175944
628 3.696986
629 4.023892
630 3.867065
631 3.907957
632 3.761325
633 3.667729
634 3.684142
635 3.630512
636 3.871741
637 3.920879
638 3.703874
639 3.690894
640 3.768972
641 6.063558
642 3.713734
643 3.796698
644 3.569766
645 3.796916
646 4.005132
647 5.637677
648 5.924542
649 5.913970
650 5.301068
651 5.239918
652 5.463350
653 7.126892
654 6.023249
655 5.786263
656 7.229413
657 6.100821
658 3.791604
659 3.862979
660 3.841519
661 3.719938
662 3.879864
663 3.832824
664 3.804878
665 3.801513
666 4.165031
667 3.638941
668 3.872234
669 3.920833
670 3.601349
671 3.607907
672 4.053259
673 3.958824
674 5.281111
675 6.435992
676 5.525301
677 5.406233
678 5.951754
679 5.905829
680 5.256352
681 4.049430
682 3.723403
683 3.925173
684 3.736681
685 3.848647
686 3.715279
687 3.807797
688 4.040466
689 3.865764
690 3.759609
691 3.934086
692 3.863742
693 3.760023
694 3.689835
695 3.360803
696 3.995822
697 3.696943
698 3.631461
699 3.710162
700 3.513013
701 3.752358
702 3.691426
703 3.649232
704 3.740934
705 4.013546
706 3.949543
707 3.792956
708 5.652915
709 5.782811
710 6.185572
711 6.195427
712 5.895121
713 6.260874
714 5.364236
715 6.206436
716 5.770533
717 8.395059
718 8.515038
719 7.943129
720 8.904704
721 8.810235
722 8.057208
723 8.481120
724 8.703594
725 10.131825
726 10.077373
727 8.455425
728 7.707014
729 8.171173
730 9.156666
731 9.329203
732 8.898730
733 9.283019
734 9.227143
735 9.164944
736 9.642503
737 8.879194
738 9.133068
739 9.426545
740 8.533278
741 9.745160
742 8.747272
743 9.628171
744 9.454892
745 8.958132
746 9.027586
747 8.426593
748 9.285893
749 9.892884
750 10.094461
751 9.670536
752 9.151331
753 10.281363
754 9.688718
755 9.509467
756 9.555345
757 9.546940
758 9.539336
759 9.376753
760 10.843043
761 10.045361
762 10.300192
763 9.054285
764 9.418640
765 9.919968
766 9.654804
767 7.385292
768 9.307746
769 9.587815
770 8.358527
771 9.355830
772 9.842313
773 9.762243
774 10.182479
775 9.849939
776 7.031039
777 7.550491
778 7.578715
779 10.019150
780 8.953804
781 8.740553
782 9.630657
783 10.301080
784 9.812118
785 10.610808
786 9.461066
787 9.942287
788 9.746407
789 9.055049
790 9.088579
791 9.975679
792 9.564127
793 8.559800
794 9.145121
795 8.823611
796 9.916648
797 9.314426
798 8.383635
799 9.232742
800 9.167006
801 8.807937
802 8.592775
803 8.686017
804 9.143527
805 10.167913
806 9.410470
807 8.017407
808 9.073273
809 9.739105
810 8.789656
811 8.143552
812 9.801337
813 10.330425
814 8.811661
815 9.219025
816 8.986581
817 8.953120
818 9.705293
819 9.606342
820 8.945153
821 9.450686
822 8.363272
823 8.252178
824 8.919922
825 9.195868
826 8.879739
827 9.468300
828 9.662929
829 9.478135
830 11.070543
831 9.930509
832 9.668273
833 9.799907
834 10.846493
835 11.036662
836 10.319212
837 8.705547
838 8.737768
839 9.335618
840 9.089011
841 9.923810
842 9.403933
843 10.080223
844 9.564757
845 9.108646
846 9.392391
847 9.393132
848 8.781749
849 9.282864
850 9.588271
851 9.801420
852 9.028154
853 9.396138
854 9.365396
855 8.880288
856 9.620006
857 9.822946
858 10.190116
859 9.564287
860 9.163806
861 9.543880
862 9.352588
863 9.124517
864 9.632035
865 10.391401
866 9.548262
867 9.727873
868 10.044163
869 8.721935
870 9.316142
871 9.892751
872 10.102360
873 10.762694
874 11.290245
875 10.630326
876 10.378835
877 9.956561
878 9.318605
879 10.619773
880 10.766511
881 11.095825
882 10.763359
883 10.420267
884 10.265038
885 10.716055
886 9.382226
887 11.055249
888 9.848805
889 9.056783
890 9.624688
891 8.778549
892 9.645380
893 8.541492
894 8.142421
895 9.613439
896 7.799554
897 7.612580
898 8.470319
899 8.915663
900 7.873692
901 8.631944
902 9.256336
903 7.113660
904 9.309955
905 10.428637
906 10.539548
907 10.320951
908 9.723591
909 10.069013
910 10.158931
911 10.609811
912 9.810631
913 9.763379
914 10.506277
915 10.706674
916 9.595544
917 10.208081
918 10.103525
919 8.859987
920 10.080997
921 9.854749
922 9.643127
923 10.606024
924 10.068373
925 8.617454
926 9.432861
927 9.394137
928 10.312802
929 9.858587
930 9.703528
931 8.537776
932 9.333549
933 9.061105
934 8.438796
935 8.682075
936 8.781852
937 7.347610
938 7.860663
939 9.615218
940 8.773347
941 9.801687
942 9.339272
943 8.781304
944 9.980425
945 8.396510
946 9.518054
947 9.040633
948 9.581311
949 8.824488
950 9.168333
951 8.957381
952 10.025021
953 9.230045
954 10.724086
955 9.118269
956 9.417500
957 10.074113
958 10.364198
959 7.371095
960 9.100773
961 6.407894
962 6.818075
963 5.835408
964 5.750322
965 9.052490
966 8.791280
967 10.346539
968 10.175564
969 9.771169
970 9.210023
971 11.093085
972 10.214629
973 9.809006
974 9.326542
975 9.763204
976 9.104037
977 9.552249
978 9.559822
979 9.267816
980 10.726144
981 9.533902
982 9.727917
983 8.916270
984 9.250884
985 8.587264
986 8.380491
987 7.815278
988 9.447878
989 9.769258
990 9.459386
991 9.221362
992 8.855206
993 8.077634
994 8.669045
995 8.787459
996 9.034563
997 8.755638
998 9.263900
999 9.310574
1000 9.093777
1001 10.159006
1002 9.239833
1003 8.514743
1004 9.050333
1005 9.015818
1006 8.455444
1007 8.954076
1008 8.810686
1009 9.797126
1010 9.702004
1011 8.596360
1012 9.224533
1013 9.806129
1014 9.657671
1015 9.697392
1016 7.928550
1017 9.048816
1018 9.675956
1019 9.732945
1020 8.670551
1021 8.991214
1022 10.084780
1023 9.435311
1024 9.494187
1025 8.694448
1026 8.880150
1027 8.817719
1028 9.489538
1029 9.285437
1030 9.332963
1031 8.395599
1032 9.817834
1033 9.708748
1034 8.845530
1035 9.667583
1036 9.163297
1037 9.738976
1038 9.466576
1039 9.365196
1040 9.952786
1041 8.659608
1042 8.430829
1043 8.781650
1044 9.303631
1045 8.805861
1046 9.512145
1047 9.198181
1048 9.481615
1049 8.452171
1050 9.428586
1051 9.250484
1052 9.069123
1053 9.866845
1054 9.924490
1055 9.733417
1056 8.219616
1057 9.225746
1058 8.804691
1059 9.270635
1060 8.307548
1061 8.724923
1062 9.163251
1063 9.081457
1064 9.749708
1065 9.673520
1066 9.071391
1067 9.613683
1068 10.036035
1069 9.518937
1070 8.505496
1071 9.509323
1072 8.356438
1073 9.444687
1074 9.664709
1075 9.654049
1076 9.386192
1077 9.507950
1078 8.642391
1079 8.610394
1080 9.235741
1081 11.134202
1082 10.251179
1083 9.747603
1084 9.722276
1085 8.147199
1086 7.513910
1087 8.234895
1088 10.359783
1089 10.064680
1090 9.986202
1091 9.462780
1092 9.150055
1093 10.134795
1094 9.600363
1095 9.316144
1096 9.315982
1097 8.797894
1098 8.642374
1099 8.823954
1100 8.776841
1101 7.836033
1102 5.993890
1103 3.653741
1104 3.815022
1105 3.567437
1106 4.176809
1107 3.894829
1108 3.689801
1109 3.872492
1110 3.554560
1111 3.794327
1112 3.745332
1113 3.756710
1114 3.541042
1115 3.806339
1116 3.780116
1117 3.649946
1118 3.936673
1119 3.725023
1120 3.628626
1121 3.626325
1122 3.669361
1123 3.776324
1124 3.910256
1125 3.594242
1126 3.597288
1127 3.773920
1128 3.870776
1129 3.882385
1130 3.724338
1131 3.655899
1132 3.923491
1133 3.757071
1134 3.545447
1135 3.681968
1136 3.499840
1137 3.737715
1138 3.574734
1139 3.823530
1140 3.857738
1141 3.434327
1142 3.765557
1143 3.469758
1144 3.604154
1145 3.923376
1146 3.576256
1147 3.837833
1148 3.684952
1149 3.611064
1150 3.701037
1151 3.595523
1152 3.692479
1153 4.199641
1154 3.638946
1155 3.571245
1156 3.624863
1157 3.814719
1158 3.537071
1159 3.713436
1160 3.916693
1161 3.962350
1162 3.774698
1163 3.699041
1164 3.871926
1165 3.826512
1166 3.670502
1167 3.783820
1168 3.776426
1169 3.895137
1170 3.767292
1171 3.789260
1172 3.869749
1173 3.495330
1174 3.748085
1175 3.657078
1176 3.852121
1177 3.691040
1178 3.671121
1179 3.723252
1180 3.900334
1181 3.763116
1182 3.765451
1183 3.790108
1184 3.957736
1185 3.775458
1186 3.636383
1187 3.505968
1188 3.486681
1189 3.815457
1190 3.485925
1191 3.851571
1192 3.900952
1193 3.753003
1194 3.672959
1195 3.589612
1196 3.596916
1197 3.567561
1198 3.691749
1199 3.871038
1200 3.889922
1201 3.755474
1202 3.700555
1203 3.824346
1204 3.928879
1205 3.642422
1206 3.438808
1207 3.673114
1208 3.832300
1209 3.394281
1210 3.704627
1211 3.781388
1212 3.752950
1213 3.839871
1214 3.743270
1215 3.615210
1216 3.768755
1217 3.722715
1218 3.918678
1219 4.032280
1220 3.463485
1221 3.717492
1222 3.944239
1223 3.861216
1224 3.864313
1225 3.484506
1226 3.776589
1227 3.770101
1228 3.843801
1229 3.596948
1230 3.729698
1231 4.060905
1232 3.712921
1233 3.888973
1234 3.918916
1235 3.829753
1236 3.698879
1237 3.781472
1238 3.585459
1239 3.863855
1240 3.780337
1241 4.118383
1242 3.772788
1243 3.934844
1244 3.550730
1245 3.702727
1246 3.888786
1247 3.878004
1248 3.604577
1249 3.526161
1250 3.468296
1251 3.689274
1252 3.922877
1253 3.955404
1254 4.011859
1255 3.758379
1256 4.068809
1257 4.057016
1258 3.896835
1259 3.898345
1260 3.412777
1261 3.503615
1262 3.787045
1263 3.811324
1264 3.822265
1265 3.486515
1266 3.608302
1267 3.406552
1268 3.750777
1269 6.166773
1270 5.987145
1271 3.496984
1272 3.675443
1273 3.747698
1274 3.784786
1275 3.816989
1276 3.724313
1277 3.868777
1278 3.718904
1279 3.756840
1280 3.688479
1281 3.766911
1282 3.911967
1283 3.652030
1284 3.826816
1285 3.851347
1286 3.725934
1287 3.782604
1288 3.822170
1289 3.726765
1290 3.754918
1291 3.444897
1292 3.576658
1293 3.493166
1294 3.693998
1295 3.503269
1296 3.723078
1297 3.830997
1298 3.720918
1299 3.655410
1300 3.922118
1301 3.889744
1302 3.439582
1303 3.710182
1304 3.803131
1305 3.661563
1306 3.728079
1307 3.716085
1308 3.873565
1309 3.686491
1310 3.621312
1311 4.040804
1312 3.804462
1313 3.745461
1314 3.565019
1315 3.401209
1316 3.920130
1317 3.767206
1318 3.786941
1319 3.669247
1320 3.715416
1321 3.800557
1322 3.811189
1323 3.533920
1324 3.725183
1325 3.843032
1326 3.469492
1327 3.570363
1328 3.979961
1329 3.781977
1330 3.663770
1331 3.873023
1332 3.627797
1333 3.364639
1334 3.214673
1335 3.627188
1336 6.557696
1337 6.478927
1338 5.670576
1339 6.139497
1340 5.700404
1341 6.078279
1342 6.326917
1343 3.826773
1344 3.685570
1345 3.601532
1346 3.451188
1347 3.831578
1348 3.762104
1349 3.885486
1350 3.800336
1351 3.800981
1352 3.718521
1353 3.915482
1354 5.805468
1355 3.907901
1356 3.940628
1357 4.530981
1358 3.731230
1359 3.900986
1360 3.774680
1361 3.733669
1362 3.991618
1363 3.840689
1364 3.430191
1365 3.412657
1366 3.850363
1367 3.658301
1368 3.920485
1369 3.896388
1370 3.881931
1371 3.574159
1372 3.711104
1373 3.591226
1374 3.911330
1375 3.752476
1376 3.937694
1377 3.858262
1378 4.021764
1379 3.919105
1380 3.639355
1381 3.741696
1382 3.856644
1383 4.005018
1384 3.789745
1385 3.862199
1386 3.897310
1387 4.123848
1388 3.962866
1389 6.663162
1390 3.436934
1391 3.776581
1392 3.452596
1393 3.787515
1394 3.597046
1395 3.890749
1396 3.699448
1397 4.002596
1398 3.865403
1399 3.349310
1400 3.849169
1401 3.982125
1402 3.920841
1403 3.615989
1404 4.487325
1405 3.331513
1406 5.112241
1407 6.435976
1408 6.620975
1409 6.189072
1410 6.418834
1411 5.949234
1412 5.667891
1413 6.711289
1414 6.728718
1415 6.717688
1416 7.128247
1417 6.957990
1418 7.412604
1419 6.029634
1420 7.322903
1421 6.113930
1422 7.756529
1423 7.218373
1424 7.600698
1425 6.633199
1426 6.447456
1427 6.833433
1428 6.922235
1429 3.719211
1430 3.855782
1431 3.864248
1432 3.439581
1433 3.824908
1434 3.926745
1435 3.736337
1436 3.813700
1437 3.630730
1438 3.564111
1439 3.522558
1440 3.671377
1441 3.504776
1442 3.770667
1443 3.562611
1444 3.766776
1445 4.116569
1446 3.691803
1447 3.623998
1448 4.190107
1449 3.900847
1450 4.211677
1451 3.792872
1452 5.305288
1453 3.994324
1454 4.019876
1455 3.774237
1456 3.621777
1457 3.647223
1458 3.736765
1459 5.675206
1460 3.763163
1461 3.828987
1462 3.748025
1463 3.833822
1464 3.686381
1465 3.793823
1466 3.860482
1467 3.735677
1468 3.551084
1469 3.809396
1470 3.796247
1471 3.890311
1472 3.677579
1473 3.745572
1474 3.605857
1475 3.902241
1476 3.406432
1477 3.870465
1478 3.767894
1479 3.652683
1480 3.565659
1481 3.905566
1482 3.757568
1483 3.911276
1484 3.446766
1485 3.665154
1486 3.759976
1487 3.894370
1488 5.416144
1489 5.912817
1490 5.589782
1491 6.458189
1492 3.905817
1493 3.820014
1494 3.708723
1495 3.673755
1496 3.965021
1497 3.826080
1498 3.809519
1499 3.891096
1500 3.511917
1501 3.906568
1502 3.830862
1503 3.628196
1504 3.584717
1505 3.923199
1506 3.567013
1507 3.764633
1508 3.703905
1509 3.881570
1510 3.820604
1511 3.672032
1512 3.878017
1513 3.738038
1514 3.783076
1515 5.629654
1516 6.067175
1517 5.649816
1518 5.383836
1519 5.782689
1520 5.329820
1521 7.100963
1522 4.913943
1523 6.007823
1524 5.687690
1525 8.299766
1526 7.814119
1527 8.336249
1528 9.039408
1529 9.980230
1530 9.180178
1531 9.814109
1532 10.117333
1533 9.646941
1534 11.060423
1535 9.981737
1536 9.802060
1537 8.509095
1538 10.340159
1539 10.141008
1540 9.659981
1541 10.914776
1542 10.037803
1543 8.712004
1544 5.611221
1545 5.492157
1546 5.262787
1547 6.639857
1548 8.842721
1549 7.705099
1550 7.868537
1551 8.085109
1552 8.274551
1553 9.214937
1554 7.866622
1555 8.538148
1556 9.975763
1557 5.193545
1558 6.216222
1559 3.474779
1560 3.883838
1561 3.831473
1562 6.275632
1563 3.831669
1564 3.829433
1565 3.849338
1566 7.726864
1567 7.533665
1568 5.704197
1569 6.268896
1570 6.589167
1571 5.631213
1572 6.768351
1573 7.043934
1574 6.248207
1575 6.660585
1576 6.506782
1577 3.794800
1578 3.831358
1579 3.950405
1580 3.797236
1581 3.633535
1582 3.648577
1583 3.909911
1584 3.630454
1585 3.841217
1586 3.710699
1587 3.245644
1588 3.583215
1589 3.695159
1590 3.678875
1591 3.872097
1592 3.931249
1593 3.837329
1594 3.788220
1595 3.799547
1596 3.812675
1597 3.909444
1598 3.966915
1599 3.856492
1600 4.005857
1601 3.830516
1602 3.807705
1603 4.033521
1604 3.881909
1605 3.765329
1606 4.000929
1607 3.797288
1608 3.543283
1609 3.509030
1610 3.521160
1611 3.913437
1612 3.560083
1613 3.788476
1614 3.626308
1615 3.733631
1616 3.627799
1617 3.878684
1618 3.710699
1619 3.784115
1620 3.906530
1621 3.572131
1622 3.618975
1623 3.647694
1624 3.774716
1625 3.744896
1626 3.993964
1627 3.880220
1628 3.893714
1629 3.696493
1630 3.557541
1631 3.906443
1632 4.046737
1633 3.864443
1634 3.845308
1635 3.961186
1636 3.700786
1637 3.496900
1638 3.828379
1639 3.393939
1640 3.726134
1641 3.761081
1642 3.799515
1643 3.573272
1644 3.394669
1645 3.712965
1646 3.764266
1647 3.805027
1648 3.649478
1649 3.870116
1650 3.837373
1651 3.826226
1652 3.689376
1653 3.853629
1654 3.956479
1655 3.702770
1656 3.740131
1657 3.882192
1658 3.698688
1659 3.815969
1660 3.765887
1661 3.742166
1662 3.778792
1663 3.907337
1664 3.912781
1665 3.914764
1666 3.779445
1667 3.799015
1668 3.861635
1669 3.871705
1670 3.975378
1671 3.485339
1672 3.632091
1673 4.078834
1674 3.798385
1675 3.629178
1676 3.814363
1677 3.660394
1678 3.683655
1679 3.889126
1680 3.585608
1681 3.485127
1682 3.729913
1683 3.637290
1684 5.783958
1685 3.597457
1686 3.975944
1687 3.603642
1688 3.779975
1689 3.466556
1690 3.523198
1691 3.866499
1692 3.849851
1693 3.967488
1694 3.677785
1695 3.734127
1696 3.346951
1697 3.850522
1698 3.510985
1699 3.785320
1700 3.422234
1701 3.677315
1702 3.430496
1703 3.568394
1704 5.400459
1705 5.184984
1706 5.794523
1707 5.962307
1708 5.568354
1709 5.959640
1710 5.288868
1711 5.742097
1712 5.381525
1713 5.726902
1714 5.633627
1715 5.507823
1716 5.363375
1717 5.614605
1718 6.206230
1719 5.305755
1720 5.946983
1721 5.149080
1722 5.508597
1723 4.758425
1724 5.491673
1725 5.428846
1726 5.925519
1727 5.444452
1728 5.688880
1729 5.674392
1730 3.632383
1731 4.130443
1732 5.209636
1733 5.686926
1734 5.203213
1735 5.099373
1736 5.496312
1737 5.597591
1738 5.503262
1739 5.340498
1740 5.722629
1741 4.817659
1742 4.920675
1743 6.446321
1744 5.757897
1745 6.034680
1746 5.511125
1747 6.027073
1748 5.510181
1749 5.453240
1750 5.543159
1751 5.545746
1752 5.213611
1753 5.753418
1754 6.017602
1755 5.516655
1756 5.908403
1757 5.169343
1758 5.674595
1759 5.419722
1760 6.274788
1761 5.340140
1762 5.030238
1763 5.305218
1764 5.744709
1765 5.746828
1766 5.502226
1767 4.613167
1768 5.077372
1769 5.393457
1770 5.278471
1771 5.884172
1772 6.045805
1773 5.871325
1774 4.177681
1775 3.912405
1776 3.797339
1777 3.944539
1778 3.891401
1779 3.930212
1780 3.770436
1781 4.026056
1782 3.717235
1783 3.853555
1784 3.983895
1785 3.624278
1786 4.080122
1787 3.833160
1788 3.843042
1789 3.654052
1790 3.663197
1791 3.564391
1792 3.988109
1793 4.023784
1794 6.220842
1795 6.011291
1796 5.608462
1797 6.663740
1798 5.769802
1799 5.103343
1800 5.528205
1801 5.670914
1802 6.199779
1803 5.565515
1804 5.378672
1805 5.476666
1806 5.221270
1807 5.375776
1808 5.118080
1809 5.650297
1810 5.766147
1811 5.958029
1812 6.357020
1813 6.283553
1814 3.621350
1815 3.847502
1816 3.685882
1817 3.574762
1818 3.806839
1819 3.802384
1820 3.736271
1821 3.804693
1822 3.527097
1823 3.803749
1824 4.035355
1825 3.757881
1826 3.271544
1827 3.820261
1828 3.699217
1829 3.707560
1830 3.763086
1831 6.420135
1832 6.252599
1833 6.231225
1834 5.844705
1835 4.734406
1836 5.795875
1837 6.174088
1838 5.658320
1839 5.967573
1840 6.764556
1841 6.193690
1842 6.307721
1843 3.781789
1844 3.747230
1845 3.865764
1846 3.728615
1847 3.900947
1848 3.776426
1849 3.839908
1850 3.833856
1851 3.879728
1852 3.753252
1853 3.762816
1854 3.681672
1855 3.903334
1856 3.785036
1857 3.733013
1858 3.576860
1859 3.674670
1860 3.783197
1861 3.844905
1862 3.689078
1863 3.916851
1864 3.561147
1865 3.489558
1866 3.614726
1867 4.047625
1868 3.716855
1869 3.808268
1870 3.440250
1871 3.416224
1872 3.761246
1873 3.888930
1874 3.850622
1875 3.721838
1876 3.984588
1877 3.878080
1878 3.605123
1879 3.769060
1880 3.850052
1881 3.669850
1882 3.794024
1883 3.764803
1884 3.499141
1885 4.067103
1886 3.197405
1887 5.155834
1888 3.763875
1889 3.898147
1890 3.596172
1891 3.949846
1892 3.496089
1893 3.789225
1894 3.874038
1895 3.865607
1896 4.129721
1897 4.006830
1898 3.905652
1899 3.761924
1900 3.845022
1901 3.781892
1902 3.637660
1903 3.683801
1904 3.395731
1905 3.831238
1906 5.888705
1907 3.903696
1908 3.667782
1909 3.728606
1910 4.070249
1911 3.997425
1912 3.829324
1913 3.814458
1914 3.917017
1915 3.913898
1916 3.689852
1917 3.568123
1918 4.012894
1919 3.855983
1920 3.617589
1921 3.846702
1922 3.822119
1923 3.814775
1924 3.866601
1925 3.743072
1926 3.932298
1927 3.792392
1928 3.688160
1929 3.700375
1930 3.750800
1931 3.853074
1932 3.954580
1933 3.774879
1934 3.876754
1935 4.020521
1936 4.145899
1937 3.570910
1938 3.815154
1939 3.894055
1940 3.724240
1941 3.737634
1942 3.872646
1943 3.726499
1944 3.868038
1945 3.911893
1946 4.027286
1947 3.925951
1948 3.895372
1949 3.969565
1950 4.727221
1951 3.834824
1952 3.988481
1953 3.658611
1954 3.782617
1955 3.740985
1956 3.774073
1957 3.538490
1958 3.830210
1959 3.782120
1960 3.824185
1961 3.673517
1962 3.613166
1963 3.908023
1964 3.770489
1965 3.835886
1966 3.915313
1967 3.062187
1968 3.929427
1969 3.866056
1970 3.744828
1971 3.017251
1972 3.556819
1973 5.958800
1974 3.968390
1975 3.934676
1976 3.589071
1977 3.784886
1978 3.896218
1979 3.636773
1980 3.727010
1981 3.797922
1982 3.769934
1983 3.800429
1984 3.792706
1985 3.942806
1986 3.794486
1987 3.857233
1988 3.788455
1989 3.500582
1990 3.646541
1991 3.576059
1992 3.828914
1993 3.705236
1994 3.726402
1995 3.756715
1996 3.688169
1997 3.806247
1998 3.108133
1999 4.066474
2000 3.822939
2001 3.812137
2002 4.033956
2003 3.693724
2004 3.772191
2005 3.800649
2006 3.783783
2007 3.608668
2008 3.921288
2009 3.724445
2010 3.769603
2011 3.778953
2012 3.771657
2013 3.814844
2014 3.873477
2015 3.915419
2016 3.842232
2017 3.854411
2018 3.301948
2019 3.552156
2020 3.787391
2021 3.904333
2022 3.880009
2023 3.720388
2024 3.953490
2025 3.759015
2026 3.807109
2027 4.051137
2028 3.748095
2029 3.877697
2030 3.820264
2031 3.873944
2032 3.656349
2033 3.673155
2034 3.526484
2035 3.341574
2036 3.680625
2037 3.482246
2038 3.478524
2039 3.791719
2040 3.545943
2041 3.653071
2042 3.389458
2043 3.762801
2044 3.670028
2045 3.898272
2046 3.783269
2047 3.945912
2048 3.630675
2049 3.683868
2050 3.704175
2051 3.955619
2052 3.903668
2053 3.779144
2054 3.324708
2055 3.613384
2056 3.671090
2057 3.403728
2058 3.662868
2059 3.396981
2060 3.830444
2061 3.613787
2062 3.622994
2063 3.591117
2064 3.528583
2065 3.722325
2066 3.785379
2067 3.804477
2068 3.746821
2069 3.558849
2070 3.533296
2071 3.846159
2072 3.545951
2073 4.027133
2074 3.785741
2075 3.386742
2076 3.606714
2077 3.172164
2078 3.363387
2079 3.099566
2080 3.870039
2081 3.619963
2082 3.493367
2083 3.759935
2084 3.706491
2085 3.632439
2086 3.718821
2087 3.711833
2088 3.556772
2089 3.938355
2090 3.623547
2091 3.262702
2092 3.740666
2093 3.463830
2094 3.553715
2095 3.596278
2096 3.730218
2097 3.502152
2098 3.497444
2099 3.323163
2100 3.961127
2101 3.340894
2102 3.840840
2103 3.440663
2104 3.688645
2105 3.687194
2106 3.263936
2107 3.833821
2108 3.804859
2109 3.538416
2110 3.659864
2111 3.409790
2112 3.771807
2113 3.365619
2114 3.726986
2115 3.747348
2116 3.505555
2117 3.756715
2118 3.722690
2119 3.810933
2120 3.623332
2121 3.837633
2122 3.555422
2123 3.857785
2124 3.705268
2125 3.901912
2126 5.358143
2127 5.853476
2128 5.750746
2129 5.370742
2130 4.150259
2131 4.630433
2132 4.853014
2133 5.832341
2134 5.188376
2135 5.845702
2136 5.671188
2137 4.876178
2138 4.628241
2139 4.651252
2140 5.054442
2141 5.039378
2142 5.182178
2143 5.589216
2144 5.825708
2145 5.433722
2146 6.027645
2147 5.063446
2148 5.828087
2149 5.282213
2150 5.332992
2151 6.064697
2152 5.260704
2153 5.330297
2154 5.999547
2155 5.131798
2156 5.552346
2157 5.260236
2158 5.349874
2159 6.152672
2160 3.723737
2161 3.802855
2162 5.291140
2163 3.760744
2164 3.755213
2165 3.776626
2166 3.890743
2167 3.836417
2168 4.035158
2169 3.880272
2170 3.719285
2171 3.558285
2172 3.660120
2173 3.738369
2174 3.298454
2175 3.742245
2176 3.660644
2177 3.338535
2178 3.198499
2179 3.332056
2180 3.494265
2181 3.865499
2182 3.794365
2183 3.775735
2184 3.689849
2185 3.757737
2186 3.733660
2187 3.704880
2188 3.793068
2189 3.806236
2190 3.549238
2191 3.753201
2192 3.848303
2193 3.657331
2194 3.834073
2195 3.966496
2196 3.851261
2197 3.637561
2198 3.929030
2199 3.401806
2200 3.440727
2201 3.782646
2202 4.013792
2203 4.446539
2204 3.779383
2205 3.558009
2206 3.734637
2207 3.746972
2208 3.890412
2209 3.542157
2210 3.664638
2211 3.373665
2212 3.673664
2213 3.809707
2214 3.666577
2215 3.594795
2216 3.598282
2217 3.848610
2218 3.765238
2219 3.717860
2220 3.379440
2221 3.545249
2222 3.647916
2223 3.702839
2224 4.355887
2225 3.626930
2226 3.636154
2227 3.275504
2228 3.672468
2229 3.470531
2230 3.728404
2231 3.444156
2232 3.519848
2233 3.587059
2234 3.559848
2235 3.569792
2236 3.615491
2237 3.811572
2238 6.349610
2239 5.911393
2240 5.735974
2241 5.925959
2242 5.599100
2243 5.498779
2244 5.557775
2245 3.416342
2246 3.615222
2247 3.589614
2248 3.803050
2249 3.729367
2250 3.546348
2251 3.892886
2252 3.815729
2253 3.702079
2254 3.781548
2255 3.278791
2256 3.738125
2257 3.552428
2258 4.068573
2259 3.316273
2260 3.660410
2261 3.722664
2262 3.586500
2263 3.795746
2264 3.826927
2265 3.754319
2266 4.000259
2267 3.765040
2268 3.940002
2269 3.488280
2270 4.175499
2271 3.702972
2272 3.958195
2273 3.228528
2274 3.622348
2275 3.852809
2276 4.018878
2277 3.533965
2278 3.617087
2279 3.895579
2280 3.734816
2281 3.453955
2282 3.789273
2283 5.346198
2284 5.695126
2285 5.050354
2286 6.053160
2287 5.760181
2288 5.700391
2289 6.022973
2290 5.299240
2291 5.948922
2292 5.909800
2293 6.118407
2294 5.553292
2295 5.646732
2296 5.422474
2297 5.989511
2298 5.162111
2299 3.669521
2300 3.550226
2301 5.710878
2302 6.367968
2303 3.775936
2304 3.692284
2305 3.968139
2306 3.863367
2307 3.682390
2308 5.678010
2309 5.784509
2310 6.200849
2311 5.146191
2312 3.783022
2313 3.927160
2314 3.910874
2315 3.668028
2316 3.811889
2317 3.927888
2318 3.834329
2319 4.148507
2320 3.924650
2321 3.838232
2322 3.833037
2323 4.052334
2324 3.930770
2325 3.704713
2326 8.118036
2327 6.921000
2328 5.427884
2329 4.055452
2330 3.683060
2331 3.581326
2332 3.862241
2333 3.729278
2334 3.617654
2335 3.743451
2336 3.804551
2337 3.868513
2338 3.605744
2339 3.902065
2340 3.910700
2341 3.582024
2342 3.254706
2343 3.803488
2344 3.805113
2345 3.616897
2346 3.786158
2347 3.851568
2348 3.839752
2349 3.571136
2350 3.510637
2351 3.574927
2352 3.707330
2353 3.646865
2354 3.918019
2355 3.830525
2356 3.555756
2357 3.752992
2358 3.612882
2359 3.803015
2360 3.976409
2361 3.775526
2362 3.686161
2363 3.622642
2364 3.671366
2365 6.156827
2366 4.081795
2367 3.825446
2368 3.262855
2369 3.810260
2370 3.748547
2371 3.984685
2372 3.930636
2373 3.947931
2374 3.881157
2375 3.596123
2376 3.626321
2377 3.812688
2378 3.835221
2379 3.673554
2380 3.728013
2381 3.870629
2382 3.850056
2383 3.856879
2384 3.687794
2385 3.508644
2386 3.821018
2387 4.265987
2388 3.563527
2389 3.907941
2390 3.762523
2391 3.702955
2392 3.580985
2393 3.689348
2394 3.859705
2395 3.830761
2396 3.801345
2397 3.884575
2398 3.824249
2399 3.646834
2400 3.655193
2401 3.588679
2402 3.641031
2403 3.655866
2404 3.615330
2405 3.736416
2406 3.739060
2407 3.665964
2408 3.620142
2409 3.765022
2410 3.658701
2411 4.084863
2412 3.761023
2413 3.464706
2414 5.161752
2415 3.766637
2416 3.836868
2417 3.856277
2418 3.363112
2419 3.560258
2420 3.433333
2421 3.808585
2422 4.090061
2423 3.745840
2424 3.766624
2425 3.577120
2426 7.333166
2427 9.776033
2428 9.865561
2429 10.509908
2430 12.360639
2431 9.934089
2432 10.240113
2433 9.991937
2434 10.182839
2435 11.241171
2436 10.322448
2437 10.963549
2438 10.799909
2439 9.760054
2440 10.063108
2441 10.438492
2442 10.694189
2443 9.667373
2444 8.137043
2445 8.934535
2446 6.464593
2447 5.278694
2448 3.813310
2449 3.806579
2450 3.783400
2451 3.618370
2452 3.952040
2453 5.614944
2454 3.771290
2455 3.743472
2456 3.822842
2457 3.786213
2458 6.108424
2459 5.873614
2460 5.082549
2461 4.996515
2462 5.706227
2463 7.843382
2464 5.559907
2465 5.190349
2466 7.884047
2467 5.711022
2468 6.311522
2469 6.350154
2470 7.704298
2471 6.804766
2472 4.980022
2473 3.608557
2474 3.918906
2475 3.910838
2476 7.326835
2477 5.565431
2478 6.831875
2479 6.400359
2480 5.256995
2481 5.565294
2482 6.156975
2483 8.066260
2484 5.930848
2485 5.943823
2486 5.718854
2487 5.534161
2488 4.113997
2489 3.805650
2490 3.655171
2491 3.759329
2492 3.954201
2493 4.013238
2494 3.887235
2495 3.673062
2496 3.739849
2497 3.888403
2498 3.825506
2499 3.894753
2500 3.696621
2501 3.915431
2502 3.710847
2503 3.896888
2504 3.655187
2505 3.682198
2506 3.697863
2507 3.674154
2508 3.535104
2509 3.450637
2510 3.247678
2511 3.859865
2512 3.630124
2513 3.734178
2514 3.484741
2515 3.822267
2516 3.415919
2517 3.615150
2518 3.740781
2519 3.467377
2520 3.340446
2521 3.494280
2522 3.830122
2523 3.564743
2524 3.555235
2525 3.832522
2526 3.775315
2527 3.749320
2528 3.786251
2529 3.863510
2530 3.680136
2531 3.761746
2532 5.579377
2533 5.541606
2534 5.827196
2535 5.268913
2536 5.697698
2537 6.080033
2538 6.492751
2539 5.690783
2540 5.208478
2541 6.203780
2542 6.084486
2543 5.984057
2544 7.335085
2545 6.834628
2546 5.230964
2547 6.130673
2548 4.315351
2549 3.531208
2550 3.786256
2551 3.618646
2552 3.572033
2553 3.648081
2554 3.741067
2555 3.760450
2556 3.712318
2557 3.775843
2558 3.902942
2559 3.412946
2560 3.947923
2561 4.012541
2562 3.596905
2563 3.580627
2564 3.806060
2565 3.329426
2566 3.834238
2567 4.045706
2568 3.195325
2569 3.891538
2570 6.384121
2571 5.430739
2572 3.796342
2573 3.690337
2574 3.770257
2575 3.811167
2576 3.883414
2577 3.815309
2578 3.788697
2579 3.778715
2580 3.734596
2581 3.492367
2582 3.729412
2583 3.684413
2584 3.343669
2585 3.723884
2586 3.847648
2587 3.783992
2588 3.704065
2589 3.596351
2590 3.787478
2591 3.711883
2592 3.611591
2593 3.635558
2594 3.652771
2595 3.615109
2596 3.819975
2597 3.746636
2598 3.685731
2599 3.786461
2600 3.850885
2601 3.864534
2602 3.920532
2603 4.128550
2604 5.892446
2605 5.584050
2606 3.909310
2607 3.842581
2608 3.539567
2609 3.549507
2610 4.034864
2611 3.799438
2612 3.878479
2613 3.706760
2614 4.005508
2615 3.975942
2616 3.822746
2617 3.627525
2618 3.652318
2619 3.564413
2620 3.839556
2621 3.794573
2622 3.784402
2623 3.903718
2624 3.783048
2625 3.749943
2626 3.676491
2627 3.615422
2628 3.890788
2629 3.444146
2630 3.567635
2631 3.762368
2632 3.890355
2633 3.426515
2634 3.743502
2635 3.799340
2636 3.870278
2637 3.643360
2638 3.803211
2639 3.711470
2640 3.925366
2641 3.682458
2642 3.719003
2643 3.851453
2644 3.815611
2645 3.764230
2646 3.716860
2647 3.742982
2648 3.779433
2649 3.669726
2650 3.815612
2651 3.850363
2652 3.692168
2653 3.730482
2654 3.677546
2655 3.887285
2656 3.830737
2657 3.855631
2658 4.035770
2659 3.763415
2660 3.828339
2661 3.444201
2662 3.415404
2663 3.755418
2664 3.813768
2665 3.806968
2666 3.779203
2667 3.655200
2668 3.642769
2669 3.768155
2670 3.798879
2671 3.660181
2672 3.696063
2673 3.718967
2674 3.783622
2675 3.681862
2676 3.835422
2677 3.860944
2678 3.720833
2679 3.738163
2680 3.603703
2681 3.712966
2682 3.907046
2683 3.863949
2684 3.949203
2685 3.957401
2686 3.593743
2687 3.677259
2688 3.745317
2689 3.803497
2690 3.863548
2691 3.908371
2692 3.612266
2693 3.850059
2694 3.889549
2695 3.774027
2696 3.897037
2697 3.872495
2698 3.680067
2699 3.746116
2700 4.118844
2701 3.867326
2702 4.015430
2703 3.666331
2704 3.595529
2705 3.759111
2706 3.930622
2707 3.872386
2708 3.697211
2709 3.736325
2710 3.862155
2711 3.657539
2712 5.767088
2713 3.664943
2714 3.736214
2715 3.790681
2716 3.817708
2717 3.672881
2718 3.758315
2719 3.730547
2720 4.123785
2721 3.551428
2722 4.024603
2723 3.741258
2724 3.865862
2725 3.811226
2726 3.635308
2727 3.950427
2728 5.702580
2729 6.509139
2730 5.997040
2731 5.388486
2732 7.896726
2733 7.166183
2734 5.572918
2735 5.355447
2736 5.933388
2737 6.045938
2738 3.811819
2739 3.850523
2740 3.721746
2741 3.616478
2742 3.765886
2743 3.703755
2744 3.789435
2745 3.602187
2746 3.590571
2747 3.748344
2748 3.794998
2749 3.641589
2750 4.127640
2751 3.874465
2752 4.004136
2753 3.854164
2754 3.825102
2755 3.725720
2756 3.699019
2757 3.648954
2758 5.679029
2759 6.431007
2760 5.808093
2761 5.233079
2762 5.458871
2763 5.638487
2764 5.439786
2765 5.712697
2766 5.964410
2767 7.001736
2768 7.610554
2769 7.758155
2770 7.293629
2771 6.823821
2772 7.614129
2773 7.769960
2774 5.695377
2775 5.668914
2776 6.402584
2777 6.148866
2778 5.915325
2779 6.065808
2780 5.882567
2781 7.420642
2782 8.235474
2783 8.268647
2784 8.829180
2785 5.997371
2786 3.560593
2787 3.729426
2788 3.944428
2789 3.672312
2790 3.566974
2791 3.722764
2792 3.756503
2793 4.106061
2794 3.868377
2795 3.174682
2796 3.895947
2797 3.826554
2798 3.648628
2799 3.842721
2800 3.808497
2801 3.902659
2802 3.737982
2803 3.849223
2804 4.001238
2805 3.316040
2806 3.856873
2807 3.425634
2808 3.588230
2809 3.879720
2810 3.875067
2811 3.822944
2812 3.729064
2813 3.580879
2814 3.857637
2815 3.697899
2816 3.845464
2817 3.777636
2818 6.142934
2819 6.591702
2820 5.290095
2821 6.439152
2822 6.191239
2823 6.458035
2824 5.172468
2825 3.835531
2826 3.937983
2827 3.803487
2828 4.063309
2829 3.662087
2830 3.972023
2831 3.920777
2832 3.741256
2833 3.912480
2834 3.766707
2835 3.972322
2836 3.634089
2837 3.706230
2838 3.684711
2839 3.730857
2840 4.013854
2841 3.944148
2842 3.829833
2843 3.610831
2844 3.812270
2845 3.579666
2846 3.780593
2847 3.909144
2848 3.697795
2849 3.892837
2850 3.518904
2851 3.664859
2852 4.125277
2853 3.777793
2854 3.756424
2855 3.784957
2856 3.903128
2857 3.561151
2858 4.593392
2859 3.509208
2860 4.746419
2861 4.088361
2862 3.883686
2863 3.820916
2864 3.951010
2865 3.690070
2866 3.504197
2867 3.478589
2868 3.688576
2869 3.812530
2870 3.681194
2871 3.668954
2872 3.920634
2873 3.515749
2874 3.854935
2875 3.592160
2876 4.074964
2877 3.805865
2878 3.766068
2879 3.799595
2880 3.735317
2881 4.023302
2882 3.779961
2883 3.580732
2884 3.985597
2885 3.921481
2886 3.837370
2887 3.648921
2888 3.794879
2889 3.722981
2890 3.843027
2891 3.897808
2892 3.776187
2893 3.827039
2894 3.915852
2895 3.943526
2896 3.672743
2897 3.839752
2898 3.813586
2899 5.472430
2900 9.909822
2901 9.285178
2902 9.535198
2903 9.155771
2904 9.284532
2905 10.017794
2906 10.296340
2907 9.965994
2908 9.610958
2909 9.760427
2910 8.747344
2911 8.959539
2912 9.302927
2913 9.263441
2914 8.740058
2915 9.263391
2916 9.284017
2917 8.602570
2918 9.036247
2919 9.212654
2920 10.455557
2921 9.144545
2922 9.416018
2923 9.219956
2924 8.468125
2925 11.153683
2926 9.790874
2927 9.213298
2928 8.930223
2929 9.520262
2930 9.760214
2931 8.252913
2932 9.854222
2933 8.305067
2934 9.589591
2935 10.423342
2936 9.779962
2937 9.404263
2938 9.485314
2939 8.516060
2940 9.143443
2941 8.707871
2942 9.110094
2943 9.170050
2944 10.182623
2945 9.694173
2946 9.387029
2947 9.055109
2948 8.764686
2949 9.742900
2950 8.983108
2951 9.497123
2952 9.326168
2953 9.515514
2954 8.925787
2955 9.588751
2956 10.672896
2957 9.725664
2958 9.153222
2959 9.486023
2960 9.002984
2961 9.189758
2962 9.918308
2963 9.055992
2964 10.072326
2965 9.137200
2966 9.030623
2967 8.706602
2968 8.804738
2969 9.373625
2970 9.632174
2971 9.830394
2972 9.060276
2973 9.656513
2974 9.452180
2975 9.254607
2976 9.917029
2977 9.031077
2978 9.970401
2979 9.089964
2980 9.513081
2981 9.512393
2982 9.094777
2983 9.421891
2984 9.636961
2985 10.053473
2986 9.100385
2987 9.977589
2988 9.303896
2989 9.012272
2990 9.026465
2991 8.656397
2992 9.052069
2993 9.190888
2994 9.553185
2995 9.798062
2996 9.670194
2997 8.256321
2998 8.364624
2999 7.976945
3000 9.192060
3001 9.744955
3002 9.114598
3003 9.006894
3004 9.718779
3005 9.085794
3006 9.145628
3007 9.695947
3008 8.722403
3009 9.199483
3010 9.597445
3011 10.018608
3012 9.251081
3013 9.466445
3014 9.219651
3015 9.709804
3016 10.159387
3017 10.615359
3018 10.053977
3019 8.946697
3020 8.704028
3021 9.925630
3022 9.973273
3023 10.451344
3024 9.609835
3025 9.314790
3026 9.373722
3027 8.294665
3028 9.225013
3029 8.949697
3030 7.796422
3031 10.225749
3032 9.137405
3033 5.854614
3034 5.981811
3035 5.845931
3036 6.654429
3037 6.669759
3038 8.345642
3039 7.835858
3040 8.024381
3041 7.951156
3042 6.697146
3043 5.533517
3044 4.083271
3045 6.450701
3046 6.000109
3047 6.009670
3048 6.042678
3049 6.386298
3050 6.168442
3051 8.403679
3052 8.638901
3053 9.690905
3054 9.142007
3055 9.403938
3056 8.696780
3057 8.703293
3058 11.271067
3059 10.762849
3060 11.951037
3061 12.226619
3062 10.184077
3063 10.098761
3064 4.936543
3065 9.158797
3066 7.263224
3067 6.495492
3068 6.156605
3069 5.721626
3070 8.893896
3071 8.907807
3072 6.582791
3073 5.989898
3074 6.302391
3075 6.010689
3076 5.905262
3077 6.879375
3078 6.957793
3079 8.431012
3080 7.991803
3081 7.554132
3082 6.090877
3083 6.423104
3084 5.543141
3085 5.252630
3086 3.879560
3087 3.921193
3088 3.925930
3089 4.046467
3090 3.753211
3091 3.921670
3092 3.714339
3093 3.770265
3094 5.761156
3095 5.466387
3096 5.662622
3097 5.685891
3098 5.193636
3099 3.839483
3100 3.846003
3101 3.749907
3102 3.776309
3103 3.725427
3104 3.486356
3105 3.911849
3106 3.605120
3107 3.690500
3108 3.964971
3109 3.502718
3110 3.847954
3111 3.765586
3112 3.834346
3113 6.240661
3114 4.979008
3115 6.686905
3116 9.834581
3117 10.032835
3118 9.855988
3119 10.024136
3120 10.549222
3121 9.826539
3122 11.075510
3123 10.826471
3124 10.988524
3125 10.918070
3126 10.384338
3127 11.728576
3128 12.203933
3129 10.660471
3130 11.503093
3131 11.219028
3132 9.208911
3133 8.703634
3134 9.161818
3135 9.385891
3136 10.898244
3137 10.146895
3138 10.730989
3139 10.248625
3140 7.235806
3141 5.466645
3142 4.963883
3143 5.392791
3144 4.412226
3145 4.678701
3146 3.814633
3147 3.799770
3148 5.842850
3149 6.858275
3150 5.117468
3151 5.388158
3152 4.563487
3153 5.235402
3154 6.374402
3155 6.192922
3156 6.086500
3157 5.552015
3158 4.043506
3159 3.823187
3160 3.416449
3161 3.656917
3162 3.963041
3163 3.657951
3164 3.882552
3165 3.823560
3166 3.415265
3167 3.583559
3168 3.456215
3169 3.346699
3170 3.915689
3171 3.740777
3172 3.856284
3173 3.769751
3174 3.553223
3175 3.419857
3176 3.566088
3177 3.209782
3178 3.567302
3179 3.687870
3180 4.001562
3181 3.793809
3182 3.367182
3183 3.510753
3184 3.475213
3185 3.427738
3186 3.522019
3187 3.563050
3188 3.570063
3189 3.652679
3190 3.610556
3191 3.685673
3192 3.686562
3193 3.765553
3194 3.594939
3195 3.795904
3196 3.650130
3197 3.854639
3198 3.845740
3199 3.332361
3200 3.886005
3201 5.441270
3202 3.730376
3203 3.862782
3204 3.664857
3205 3.842436
3206 3.562322
3207 3.756598
3208 3.838868
3209 3.765791
3210 3.317849
3211 3.713233
3212 3.702305
3213 3.750120
3214 3.709335
3215 3.941580
3216 4.558919
3217 5.603101
3218 3.768302
3219 3.774925
3220 3.809847
3221 3.545223
3222 3.584501
3223 3.841121
3224 3.658879
3225 3.619256
3226 3.558917
3227 3.900110
3228 3.857947
3229 3.835950
3230 3.631310
3231 4.037893
3232 3.763719
3233 3.700220
3234 3.634340
3235 3.636624
3236 3.642870
3237 3.907711
3238 3.562624
3239 5.194041
3240 6.230828
3241 6.665521
3242 5.719312
3243 6.603289
3244 6.359612
3245 5.986948
3246 5.572121
3247 6.217845
3248 5.857859
3249 5.715342
3250 5.895364
3251 6.503331
3252 5.931023
3253 5.823314
3254 5.356006
3255 4.774546
3256 3.708832
3257 3.750706
3258 3.899598
3259 3.526316
3260 3.866817
3261 3.980187
3262 3.783506
3263 3.932263
3264 4.036077
3265 3.646640
3266 3.905248
3267 3.763577
3268 3.874819
3269 3.695477
3270 3.730776
3271 3.917486
3272 3.879034
3273 3.831307
3274 3.840962
3275 6.434810
3276 5.541364
3277 4.642099
3278 5.898831
3279 6.412261
3280 6.447110
3281 6.003295
3282 6.229527
3283 6.114331
3284 6.188165
3285 5.746522
3286 5.665735
3287 5.828731
3288 5.762228
3289 5.958149
3290 6.096068
3291 5.698307
3292 5.551478
3293 6.189360
3294 3.737981
3295 3.662735
3296 3.715592
3297 3.772176
3298 6.805481
3299 5.789208
3300 6.638489
3301 6.010682
3302 5.805110
3303 5.932260
3304 5.701699
3305 6.502502
3306 5.313021
3307 6.148085
3308 5.905816
3309 6.476616
3310 5.247447
3311 5.703588
3312 7.055839
3313 5.890461
3314 5.712609
3315 5.819242
3316 6.510828
3317 5.848301
3318 5.563192
3319 6.133779
3320 5.869191
3321 5.633019
3322 5.965808
3323 3.935399
3324 3.855116
3325 3.074457
3326 4.040125
3327 4.090450
3328 3.849738
3329 4.046452
3330 3.662184
3331 3.968578
3332 3.777642
3333 3.740388
3334 3.684250
3335 3.757031
3336 3.682947
3337 3.711389
3338 3.883689
3339 3.754077
3340 3.436310
3341 4.547535
3342 5.980977
3343 6.129321
3344 5.985343
3345 5.612292
3346 6.433836
3347 5.277293
3348 6.604019
3349 6.441285
3350 6.542181
3351 6.033876
3352 5.292684
3353 3.569662
3354 3.956283
3355 4.154543
3356 7.524012
3357 3.878939
3358 3.681539
3359 4.100983
3360 3.941548
3361 3.783733
3362 3.723521
3363 3.674302
3364 3.782452
3365 3.467862
3366 3.767187
3367 3.894113
3368 3.590110
3369 7.235652
3370 6.272414
3371 8.224589
3372 7.718470
3373 7.494339
3374 7.780739
3375 5.902068
3376 5.726927
3377 5.980041
3378 5.256849
3379 7.374908
3380 7.289068
3381 7.674639
3382 10.954963
3383 9.953672
3384 10.325209
3385 10.347264
3386 9.846289
3387 9.924139
3388 8.933414
3389 9.319543
3390 9.924038
3391 9.640019
3392 9.922328
3393 9.709565
3394 10.440143
3395 10.026230
3396 10.577134
3397 11.058939
3398 11.018202
3399 8.367307
3400 9.420138
3401 7.705091
3402 9.545306
3403 10.192691
3404 10.730742
3405 10.242727
3406 10.219458
3407 10.365877
3408 10.373548
3409 9.938979
3410 10.747767
3411 10.243692
3412 10.001487
3413 7.855825
3414 7.182839
3415 6.184116
3416 5.049866
3417 3.594521
3418 4.321168
3419 3.845630
3420 3.643517
3421 3.918921
3422 3.523015
3423 3.834917
3424 3.433499
3425 3.720295
3426 3.634899
3427 3.652976
3428 3.737940
3429 3.989753
3430 3.786849
3431 3.844559
3432 3.515186
3433 3.745957
3434 3.731006
3435 3.227969
3436 3.368718
3437 4.056327
3438 3.532730
3439 3.532534
3440 3.829749
3441 3.651384
3442 3.360403
3443 3.752384
3444 3.742794
3445 3.834764
3446 3.984793
3447 3.955324
3448 3.686243
3449 3.680666
3450 3.889496
3451 3.748825
3452 3.921656
3453 3.732800
3454 3.844494
3455 3.855207
3456 3.943354
3457 3.773023
3458 3.948987
3459 3.832953
3460 3.778811
3461 3.898491
3462 3.561925
3463 3.746576
3464 3.805601
3465 3.728085
3466 3.685879
3467 3.892163
3468 3.890231
3469 5.681768
3470 5.551837
3471 9.335851
3472 9.980153
3473 10.646586
3474 11.631831
3475 10.659051
3476 9.392174
3477 8.722341
3478 8.976128
3479 8.377138
3480 4.679666
3481 3.919834
3482 3.833888
3483 3.856671
3484 3.753659
3485 3.657582
3486 3.816093
3487 3.792874
3488 5.676630
3489 3.557108
3490 3.592617
3491 3.988807
3492 3.977865
3493 3.580574
3494 3.814264
3495 3.706674
3496 3.478692
3497 3.687142
3498 3.683407
3499 3.792679
3500 3.923941
3501 3.801609
3502 3.918300
3503 3.946604
3504 3.775897
3505 3.889951
3506 3.704875
3507 3.970469
3508 3.884459
3509 3.875834
3510 3.651206
3511 3.655173
3512 3.853412
3513 3.816508
3514 4.111099
3515 3.682800
3516 3.629279
3517 3.711884
3518 3.774864
3519 3.951716
3520 3.757944
3521 3.983639
3522 3.818234
3523 4.078938
3524 3.907062
3525 3.753096
3526 3.971400
3527 3.767676
3528 3.867314
3529 3.793076
3530 3.733654
3531 3.681474
3532 4.262312
3533 4.001773
3534 3.695514
3535 3.799160
3536 3.896214
3537 3.747149
3538 3.722621
3539 3.701207
3540 3.903294
3541 3.727702
3542 3.734092
3543 3.825747
3544 3.954623
3545 3.855078
3546 3.832837
3547 3.339475
3548 3.854623
3549 3.833616
3550 3.581426
3551 4.302497
3552 3.863294
3553 3.825042
3554 3.473988
3555 3.605369
3556 3.963963
3557 3.847466
3558 3.668421
3559 3.805171
3560 3.801708
3561 3.672900
3562 3.712076
3563 3.732421
3564 3.822353
3565 3.841211
3566 4.031698
3567 3.741949
3568 3.471387
3569 3.440948
3570 3.406268
3571 3.312066
3572 3.665735
3573 3.716157
3574 3.582375
3575 3.824844
3576 3.493581
3577 3.376522
3578 3.702554
3579 3.742061
3580 3.858474
3581 5.413807
3582 5.214042
3583 4.775073
3584 3.867246
3585 5.611357
3586 5.645182
3587 5.155132
3588 3.774043
3589 3.571163
3590 3.701636
3591 3.785309
3592 3.750709
3593 3.611720
3594 3.838814
3595 3.884645
3596 3.612770
3597 3.654600
3598 3.451576
3599 3.531411
3600 3.881495
3601 3.912926
3602 3.634691
3603 3.893134
3604 3.680916
3605 5.467952
3606 5.236151
3607 3.843075
3608 3.678847
3609 3.833544
3610 3.859132
3611 3.749002
3612 3.721340
3613 3.911893
3614 3.708005
3615 3.963048
3616 3.899873
3617 3.779632
3618 3.853696
3619 4.070944
3620 3.802788
3621 4.004508
3622 3.980217
3623 3.791578
3624 3.942258
3625 3.521877
3626 3.609363
3627 5.226571
3628 5.427266
3629 5.219971
3630 3.594912
3631 5.198246
3632 5.444224
3633 5.566445
3634 5.789400
3635 3.820013
3636 5.466109
3637 5.623991
3638 3.790014
3639 3.785827
3640 3.854674
3641 3.688303
3642 3.663840
3643 3.893493
3644 3.590670
3645 3.617752
3646 3.685294
3647 3.771159
3648 3.583779
3649 3.942495
3650 3.840223
3651 3.663612
3652 3.750206
3653 4.055725
3654 3.521336
3655 3.884634
3656 3.796961
3657 3.524569
3658 3.644666
3659 3.733379
3660 3.954519
3661 3.700614
3662 3.774775
3663 3.526381
3664 3.754500
3665 3.639536
3666 3.748605
3667 3.817970
3668 3.708434
3669 3.865308
3670 3.658595
3671 3.705051
3672 3.815522
3673 3.691138
3674 3.704570
3675 4.110209
3676 3.796271
3677 4.274078
3678 3.882932
3679 3.587779
3680 3.600300
3681 4.089244
3682 3.737126
3683 3.739552
3684 3.689742
3685 3.551268
3686 3.659540
3687 3.760703
3688 3.791225
3689 3.773997
3690 3.577538
3691 3.679536
3692 3.844507
3693 3.839508
3694 3.660844
3695 3.906681
3696 3.827440
3697 3.619203
3698 3.939175
3699 3.934695
3700 3.926741
3701 3.849804
3702 4.019214
3703 3.853122
3704 3.750051
3705 3.797723
3706 3.820804
3707 3.817870
3708 3.740820
3709 3.696008
3710 3.824991
3711 3.853842
3712 3.813807
3713 3.683326
3714 3.673838
3715 3.742101
3716 3.927873
3717 3.642274
3718 3.570822
3719 3.824681
3720 3.555251
3721 3.649521
3722 3.805262
3723 3.538967
3724 3.919291
3725 3.870827
3726 3.676193
3727 3.863522
3728 3.741498
3729 3.722734
3730 3.730001
3731 3.877039
3732 3.824723
3733 5.137189
3734 4.060589
3735 4.253575
3736 6.112498
3737 7.017043
3738 6.364168
3739 5.322794
3740 5.925584
3741 5.706988
3742 7.061336
3743 5.756502
3744 5.635682
3745 7.625445
3746 7.226295
3747 6.593637
3748 6.885530
3749 6.321870
3750 6.053937
3751 4.034487
3752 3.734292
3753 3.872642
3754 3.408654
3755 3.287429
3756 3.628127
3757 3.926692
3758 3.885817
3759 3.340151
3760 3.768308
3761 3.817219
3762 3.639171
3763 3.957150
3764 3.669411
3765 3.583670
3766 3.358120
3767 3.546331
3768 3.736003
3769 3.296274
3770 4.000926
3771 3.346957
3772 3.973469
3773 3.604123
3774 3.243778
3775 3.776586
3776 3.758362
3777 3.659046
3778 3.795507
3779 3.925761
3780 4.024995
3781 3.965108
3782 3.952137
3783 3.829084
3784 4.178449
3785 3.800461
3786 3.835754
3787 3.742383
3788 3.611507
3789 3.870647
3790 3.884266
3791 3.833131
3792 3.477774
3793 3.638200
3794 4.043783
3795 3.725504
3796 3.800648
3797 3.882448
3798 5.672348
3799 3.907366
3800 3.607131
3801 5.741377
3802 3.946852
3803 3.892738
3804 3.889348
3805 4.005428
3806 3.901454
3807 3.654601
3808 3.665529
3809 3.816834
3810 3.965766
3811 4.013506
3812 3.859717
3813 3.922427
3814 4.114391
3815 3.940941
3816 3.737934
3817 5.127113
3818 3.760676
3819 3.890425
3820 3.716245
3821 3.894686
3822 3.740710
3823 3.637055
3824 3.869757
3825 3.823220
3826 5.102417
3827 6.761149
3828 5.672321
3829 5.588501
3830 5.603696
3831 4.799383
3832 3.814944
3833 4.594063
3834 5.338870
3835 5.587923
3836 5.695549
3837 5.535501
3838 6.449858
3839 5.941870
3840 6.211171
3841 5.460277
3842 4.075302
3843 3.842411
3844 3.771320
3845 4.078104
3846 3.747746
3847 3.783768
3848 3.740265
3849 3.856708
3850 4.217636
3851 3.946973
3852 3.789178
3853 3.945789
3854 5.630779
3855 3.642128
3856 3.775105
3857 3.803499
3858 3.828332
3859 3.702496
3860 3.863177
3861 3.793212
3862 3.883929
3863 5.218856
3864 6.048367
3865 5.735901
3866 5.782371
3867 6.199627
3868 5.966345
3869 6.088990
3870 6.598529
3871 5.867483
3872 5.797111
3873 5.281799
3874 5.428687
3875 5.787644
3876 6.363253
3877 5.513057
3878 5.051790
3879 5.269707
3880 5.178401
3881 5.942593
3882 5.798652
3883 6.003287
3884 5.752999
3885 5.477094
3886 6.474453
3887 5.895646
3888 6.145943
3889 5.417207
3890 5.565949
3891 5.442301
3892 6.380576
3893 5.297368
3894 5.754892
3895 6.178260
3896 5.738163
3897 5.899244
3898 5.166329
3899 6.227654
3900 5.752441
3901 3.902330
3902 3.934984
3903 3.913032
3904 3.883761
3905 3.851004
3906 3.917268
3907 3.959361
3908 3.862575
3909 3.429328
3910 5.060143
3911 5.699916
3912 3.884351
3913 3.790614
3914 3.754704
3915 3.820329
3916 3.603488
3917 4.251001
3918 3.779247
3919 3.895258
3920 3.901507
3921 3.904920
3922 3.747556
3923 3.632821
3924 3.522792
3925 4.169480
3926 3.894021
3927 3.809487
3928 3.771005
3929 3.823362
3930 5.466944
3931 5.396350
3932 5.414882
3933 5.881042
3934 5.037399
3935 5.307885
3936 3.858138
3937 4.062275
3938 3.812901
3939 3.613462
3940 3.769711
3941 3.758305
3942 3.776179
3943 3.808423
3944 3.741912
3945 3.924107
3946 4.000804
3947 3.857845
3948 3.812695
3949 4.007352
3950 3.883682
3951 3.656295
3952 3.830949
3953 3.720496
3954 3.937929
3955 3.743661
3956 3.656481
3957 3.653292
3958 4.008356
3959 3.631940
3960 3.841938
3961 3.619556
3962 3.816815
3963 3.864205
3964 3.805156
3965 3.777102
3966 3.951281
3967 3.878673
3968 3.899405
3969 3.621745
3970 3.857046
3971 3.683287
3972 3.389705
3973 3.826888
3974 3.681979
3975 3.950561
3976 3.648200
3977 3.842568
3978 3.808595
3979 5.525150
3980 3.934073
3981 3.798040
3982 3.789633
3983 3.845767
3984 3.796661
3985 3.611582
3986 3.544519
3987 3.769697
3988 3.659121
3989 3.871242
3990 3.988360
3991 3.687669
3992 3.769007
3993 3.596343
3994 4.209388
3995 3.907546
3996 3.764505
3997 3.821855
3998 3.538778
3999 3.202390
4000 3.438440
4001 3.801598
4002 3.816085
4003 3.774485
4004 3.567899
4005 4.282745
4006 4.983979
4007 5.075874
4008 5.836688
4009 3.853006
4010 3.803049
4011 3.580305
4012 3.823005
4013 3.826503
4014 3.908664
4015 3.840954
4016 3.831976
4017 3.231903
4018 3.623998
4019 3.733289
4020 4.024798
4021 3.335580
4022 4.019624
4023 3.910971
4024 3.847144
4025 4.023431
4026 3.941101
4027 3.876063
4028 3.767239
4029 3.924902
4030 3.777214
4031 3.748186
4032 3.763642
4033 4.113307
4034 3.852857
4035 3.926396
4036 5.624714
4037 7.321347
4038 5.946545
4039 5.540090
4040 5.631643
4041 6.204722
4042 4.811760
4043 3.647544
4044 5.770972
4045 5.307455
4046 5.475632
4047 5.530798
4048 5.212203
4049 5.251333
4050 6.000586
4051 5.288062
4052 5.698955
4053 5.449286
4054 5.749662
4055 5.786119
4056 5.640584
4057 5.776072
4058 5.720156
4059 3.603806
4060 4.038079
4061 3.837659
4062 3.814365
4063 3.924143
4064 3.825638
4065 4.030661
4066 3.598311
4067 3.669402
4068 3.840167
4069 3.771683
4070 3.570392
4071 3.939051
4072 3.680119
4073 3.635944
4074 3.704970
4075 3.821898
4076 3.595394
4077 3.626899
4078 3.897446
4079 3.814510
4080 3.863433
4081 3.845233
4082 3.434149
4083 3.455447
4084 3.705844
4085 3.549785
4086 3.795371
4087 3.565896
4088 3.917422
4089 3.668909
4090 3.803677
4091 3.772560
4092 3.805931
4093 3.979791
4094 3.759387
4095 3.740611
4096 3.452827
4097 3.637445
4098 5.400569
4099 5.473500
4100 3.345237
4101 3.923581
4102 3.561716
4103 3.680683
4104 4.140790
4105 6.277264
4106 5.868702
4107 5.825712
4108 5.972251
4109 5.775018
4110 5.957984
4111 5.763897
4112 6.449193
4113 5.593955
4114 3.883130
4115 3.850506
4116 3.605122
4117 3.357066
4118 3.656586
4119 4.003366
4120 3.680677
4121 3.802464
4122 5.489867
4123 4.085898
4124 3.715349
4125 3.801960
4126 3.988724
4127 3.544135
4128 3.897910
4129 3.537343
4130 3.834023
4131 3.828519
4132 3.661102
4133 4.083275
4134 3.818480
4135 3.817906
4136 3.664510
4137 3.928985
4138 5.533042
4139 5.903090
4140 5.444882
4141 6.117542
4142 5.418319
4143 4.441757
4144 4.971167
4145 3.464130
4146 3.725442
4147 3.845751
4148 3.730135
4149 3.652360
4150 3.824797
4151 3.778640
4152 3.642709
4153 3.794287
4154 3.781666
4155 3.672778
4156 3.829542
4157 3.678178
4158 3.738364
4159 3.733431
4160 3.592285
4161 5.907763
4162 5.487266
4163 6.107852
4164 5.722393
4165 6.016793
4166 3.819282
4167 3.849608
4168 3.863820
4169 3.896983
4170 3.653232
4171 3.836390
4172 3.582081
4173 3.763883
4174 3.687444
4175 3.789223
4176 6.065316
4177 3.749922
4178 3.853059
4179 3.761295
4180 3.727882
4181 3.795392
4182 3.923338
4183 3.764175
4184 3.690242
4185 3.915260
4186 6.257626
4187 7.062408
4188 6.764801
4189 5.622997
4190 5.897579
4191 5.423338
4192 5.201242
4193 3.827192
4194 3.948095
4195 3.673933
4196 3.547505
4197 3.860375
4198 3.873987
4199 3.758059
4200 3.853634
4201 3.764333
4202 3.861871
4203 3.745548
4204 3.815448
4205 3.838474
4206 3.900817
4207 3.916810
4208 3.755879
4209 3.847470
4210 3.809649
4211 3.607635
4212 3.887700
4213 3.965190
4214 3.685999
4215 3.881661
4216 3.644455
4217 3.689742
4218 3.578404
4219 3.813071
4220 3.767146
4221 3.875465
4222 3.457240
4223 3.834854
4224 3.671216
4225 3.834071
4226 3.904029
4227 3.348269
4228 3.757470
4229 3.735144
4230 4.019417
4231 3.880017
4232 3.625647
4233 3.654258
4234 3.650892
4235 3.846727
4236 3.908325
4237 3.701571
4238 3.882847
4239 3.802432
4240 4.009560
4241 3.836837
4242 3.637922
4243 3.594786
4244 3.592517
4245 3.911902
4246 3.865140
4247 3.846674
4248 3.690866
4249 3.884923
4250 3.711509
4251 3.606106
4252 3.618078
4253 3.941186
4254 3.818193
4255 3.852301
4256 4.058500
4257 3.808851
4258 3.636997
4259 3.826407
4260 3.979408
4261 3.517753
4262 3.602815
4263 3.700335
4264 3.108664
4265 3.628828
4266 3.696602
4267 3.640060
4268 3.648032
4269 3.799945
4270 3.487434
4271 3.548996
4272 3.875177
4273 4.783874
4274 3.944377
4275 3.722047
4276 3.782921
4277 3.852127
4278 3.542357
4279 3.672397
4280 3.932200
4281 4.027531
4282 3.779064
4283 3.856436
4284 3.839909
4285 3.710862
4286 3.771204
4287 3.731338
4288 3.722165
4289 3.778080
4290 3.710004
4291 3.812006
4292 3.823569
4293 3.850758
4294 3.553729
4295 3.884018
4296 3.797748
4297 3.810418
4298 3.744063
4299 3.790977
4300 3.668320
4301 3.689240
4302 3.663934
4303 3.740191
4304 3.664899
4305 3.804588
4306 3.660683
4307 3.682390
4308 3.874034
4309 3.846415
4310 3.864401
4311 3.645118
4312 3.670765
4313 3.699901
4314 3.732588
4315 3.733603
4316 3.652341
4317 3.411470
4318 3.399501
4319 3.864480
4320 3.684818
4321 3.911126
4322 3.736117
4323 4.068981
4324 3.973338
4325 3.971827
4326 3.680937
4327 3.613065
4328 3.665271
4329 3.256563
4330 3.817184
4331 3.787704
4332 3.740507
4333 3.705481
4334 3.982740
4335 3.570506
4336 3.981236
4337 3.648162
4338 3.990165
4339 3.850946
4340 3.733750
4341 3.489111
4342 3.653135
4343 3.578048
4344 3.749152
4345 3.771102
4346 3.832610
4347 3.755820
4348 3.720355
4349 3.862866
4350 3.627522
4351 4.145374
4352 3.714310
4353 3.769273
4354 3.778124
4355 3.661664
4356 3.821003
4357 3.715870
4358 3.866032
4359 3.715722
4360 3.745679
4361 3.824422
4362 3.784197
4363 3.812948
4364 3.782345
4365 3.611219
4366 3.679253
4367 3.900108
4368 3.732467
4369 3.877036
4370 3.977515
4371 3.835845
4372 3.710062
4373 3.807490
4374 3.528826
4375 3.572086
4376 3.791917
4377 3.797622
4378 3.787466
4379 3.773725
4380 3.803064
4381 3.790794
4382 3.894352
4383 3.933780
4384 3.840263
4385 3.830758
4386 4.248607
4387 5.401430
4388 5.705698
4389 7.010066
4390 5.626154
4391 5.893024
4392 5.435963
4393 7.561551
4394 5.750604
4395 5.945377
4396 6.415579
4397 5.344093
4398 6.727511
4399 5.901893
4400 5.764955
4401 6.179672
4402 5.413669
4403 6.084970
4404 5.367201
4405 6.257333
4406 3.440594
4407 3.305594
4408 3.653024
4409 3.710755
4410 4.054578
4411 3.828535
4412 3.826669
4413 3.664940
4414 3.787487
4415 3.770726
4416 3.945565
4417 6.535861
4418 8.272479
4419 7.387570
4420 10.271605
4421 6.665097
4422 5.179056
4423 5.325342
4424 3.911397
4425 3.734612
4426 3.840446
4427 3.734987
4428 3.530454
4429 3.783237
4430 3.790334
4431 3.978785
4432 3.784156
4433 3.689348
4434 4.011212
4435 3.888940
4436 3.862268
4437 3.624153
4438 3.517801
4439 3.861360
4440 3.834134
4441 3.660794
4442 3.862343
4443 3.515266
4444 3.449652
4445 3.742443
4446 3.849529
4447 3.737956
4448 3.680340
4449 3.926584
4450 3.671904
4451 3.591393
4452 3.669193
4453 3.749309
4454 3.774822
4455 3.331498
4456 3.988894
4457 3.915338
4458 3.761818
4459 3.602681
4460 3.932672
4461 3.830994
4462 3.775737
4463 3.871298
4464 3.763366
4465 3.764061
4466 5.678704
4467 3.636638
4468 3.890102
4469 3.642497
4470 3.848654
4471 3.910332
4472 3.466226
4473 3.414337
4474 3.737628
4475 3.530456
4476 3.732803
4477 3.832412
4478 3.779392
4479 3.556527
4480 3.936328
4481 3.805435
4482 3.837330
4483 4.440429
4484 3.846005
4485 3.683176
4486 3.969599
4487 3.786848
4488 3.967597
4489 3.874182
4490 3.814763
4491 3.901728
4492 4.079266
4493 3.958398
4494 3.838306
4495 3.840496
4496 3.780823
4497 3.864053
4498 4.026485
4499 3.747715
4500 3.828185
4501 3.898874
4502 3.920861
4503 5.547582
4504 3.764614
4505 3.658813
4506 3.726124
4507 3.773093
4508 3.858190
4509 3.941026
4510 3.738273
4511 5.962129
4512 3.912922
4513 3.902871
4514 4.016469
4515 4.094883
4516 3.545339
4517 3.619901
4518 3.784765
4519 3.534966
4520 3.907042
4521 3.996611
4522 3.816557
4523 3.858881
4524 4.118975
4525 3.921134
4526 3.317437
4527 4.215033
4528 3.863534
4529 3.901493
4530 3.884957
4531 3.859819
4532 3.474209
4533 3.708487
4534 3.855400
4535 3.833196
4536 3.770135
4537 3.966663
4538 3.772567
4539 3.906016
4540 3.784625
4541 3.609832
4542 3.992120
4543 3.609513
4544 3.772984
4545 3.841744
4546 3.885741
4547 3.951000
4548 3.881789
4549 4.029615
4550 3.820482
4551 3.552762
4552 3.888098
4553 3.855505
4554 3.923225
4555 3.893521
4556 3.708163
4557 3.724166
4558 3.815019
4559 3.308462
4560 3.660313
4561 3.704509
4562 3.499031
4563 3.925637
4564 3.434149
4565 3.592102
4566 3.931625
4567 3.658275
4568 3.673808
4569 3.864891
4570 3.748639
4571 3.974482
4572 3.766760
4573 3.790487
4574 3.419300
4575 3.818404
4576 3.654000
4577 3.852439
4578 3.981532
4579 3.827393
4580 3.781430
4581 3.806494
4582 3.505964
4583 3.610511
4584 3.702774
4585 4.065051
4586 3.805992
4587 3.854060
4588 4.029391
4589 3.816557
4590 3.887805
4591 3.933322
4592 4.013337
4593 3.854062
4594 3.854275
4595 3.999852
4596 3.990785
4597 3.757259
4598 3.659643
4599 4.004326
4600 3.983403
4601 3.992750
4602 3.713086
4603 3.887278
4604 3.800605
4605 3.759056
4606 4.048139
4607 3.769948
4608 3.807287
4609 3.794021
4610 3.872911
4611 3.809851
4612 3.742309
4613 3.878323
4614 3.922274
4615 3.638171
4616 3.954391
4617 3.799892
4618 3.965817
4619 3.963548
4620 3.687724
4621 3.736160
4622 3.812521
4623 3.825194
4624 3.766421
4625 3.790102
4626 3.733763
4627 3.664037
4628 3.889717
4629 3.754997
4630 3.744666
4631 4.043577
4632 3.698910
4633 3.949358
4634 3.945253
4635 3.669471
4636 3.749850
4637 3.796329
4638 3.769685
4639 3.697436
4640 3.711128
4641 3.866277
4642 3.684512
4643 3.919563
4644 3.739571
4645 3.591544
4646 3.874129
4647 3.808424
4648 3.811111
4649 3.368961
4650 3.779233
4651 3.446682
4652 3.714420
4653 3.676136
4654 3.840911
4655 3.771767
4656 3.771288
4657 3.960784
4658 3.858394
4659 3.997834
4660 3.806864
4661 3.947557
4662 3.739331
4663 3.715932
4664 4.066385
4665 3.943213
4666 3.814602
4667 3.963745
4668 3.585329
4669 3.836680
4670 3.865556
4671 3.807257
4672 5.720334
4673 3.899346
4674 3.903279
4675 3.774543
4676 3.670867
4677 3.782354
4678 3.832824
4679 3.947884
4680 3.726130
4681 3.870918
4682 3.835893
4683 3.821271
4684 3.900027
4685 4.051943
4686 3.419178
4687 3.990251
4688 3.819533
4689 3.915324
4690 3.579231
4691 3.746102
4692 3.766563
4693 3.490757
4694 3.694664
4695 3.884292
4696 4.004916
4697 4.052952
4698 3.599017
4699 3.800036
4700 4.750851
4701 3.764321
4702 3.637584
4703 3.773498
4704 3.773032
4705 3.785086
4706 3.854844
4707 3.788313
4708 3.944106
4709 3.945911
4710 3.818405
4711 3.799328
4712 3.716558
4713 3.785907
4714 3.690600
4715 3.669678
4716 3.673661
4717 3.804536
4718 4.042976
4719 4.046042
4720 3.896639
4721 3.910150
4722 3.805650
4723 3.801869
4724 5.851654
4725 5.712315
4726 6.688087
4727 7.522568
4728 6.160830
4729 7.755679
4730 9.331535
4731 9.744715
4732 10.312686
4733 9.018516
4734 9.549631
4735 10.024441
4736 9.406631
4737 9.848158
4738 8.744928
4739 9.397592
4740 9.664057
4741 8.642303
4742 10.016725
4743 9.904536
4744 9.227168
4745 8.542118
4746 8.012694
4747 9.772782
4748 9.195453
4749 10.118463
4750 9.028507
4751 8.670861
4752 8.057428
4753 8.547927
4754 9.374229
4755 8.934215
4756 7.947312
4757 9.589688
4758 8.147264
4759 8.752976
4760 9.973292
4761 8.703947
4762 9.619452
4763 8.825855
4764 8.577415
4765 9.915211
4766 9.541676
4767 9.460175
4768 9.530757
4769 9.273925
4770 9.804715
4771 9.067269
4772 10.021325
4773 9.180767
4774 10.165342
4775 9.319366
4776 9.213737
4777 8.661057
4778 8.641178
4779 7.576138
4780 7.777190
4781 8.300401
4782 8.712922
4783 10.093183
4784 9.080251
4785 9.741033
4786 10.060961
4787 10.225174
4788 9.710664
4789 9.459074
4790 10.689719
4791 9.478575
4792 9.270673
4793 9.601673
4794 9.032431
4795 8.457572
4796 9.702006
4797 8.842638
4798 9.667191
4799 10.153009
4800 9.018117
4801 9.680829
4802 9.412718
4803 9.477942
4804 9.169850
4805 10.422041
4806 9.604821
4807 9.316701
4808 10.367140
4809 9.385234
4810 10.218360
4811 10.007128
4812 9.621443
4813 9.792754
4814 9.867954
4815 10.101433
4816 9.630479
4817 10.021667
4818 10.139002
4819 9.192909
4820 9.312217
4821 10.387522
4822 9.983352
4823 10.223688
4824 10.195484
4825 10.433717
4826 9.448735
4827 9.687291
4828 8.058842
4829 9.845593
4830 9.753207
4831 10.468228
4832 8.916820
4833 9.830510
4834 8.266856
4835 8.874974
4836 8.546221
4837 9.232832
4838 9.479382
4839 8.553766
4840 8.271317
4841 9.558035
4842 8.321840
4843 8.625111
4844 9.087424
4845 9.040226
4846 9.420588
4847 8.677150
4848 9.044439
4849 8.234711
4850 9.276793
4851 9.352208
4852 9.715258
4853 8.957616
4854 8.802918
4855 9.301943
4856 8.158265
4857 8.176946
4858 9.067575
4859 8.829497
4860 8.698609
4861 8.839967
4862 8.211767
4863 8.526005
4864 9.027651
4865 8.277317
4866 9.017664
4867 9.404749
4868 8.939015
4869 9.511056
4870 9.255978
4871 9.075492
4872 8.304377
4873 9.474197
4874 9.636294
4875 9.200485
4876 9.967490
4877 9.163437
4878 9.384989
4879 10.317182
4880 9.743166
4881 10.187857
4882 9.577609
4883 9.644504
4884 8.608009
4885 9.544806
4886 9.575743
4887 8.864104
4888 9.131382
4889 10.368222
4890 10.658713
4891 9.586918
4892 9.144589
4893 10.174109
4894 8.945181
4895 10.051455
4896 8.806245
4897 8.492500
4898 9.171638
4899 9.083570
4900 8.507810
4901 9.061861
4902 9.907434
4903 8.918756
4904 7.970556
4905 9.164766
4906 8.971143
4907 9.435786
4908 10.379676
4909 8.967389
4910 9.305268
4911 8.994088
4912 9.383697
4913 9.769521
4914 9.023417
4915 9.790902
4916 9.929454
4917 9.451278
4918 9.253701
4919 9.512233
4920 9.550384
4921 8.663329
4922 9.788037
4923 9.507884
4924 9.043699
4925 8.737877
4926 8.909709
4927 10.254149
4928 9.164791
4929 9.316573
4930 9.833517
4931 10.008246
4932 9.322368
4933 9.295893
4934 8.993969
4935 8.538447
4936 9.919217
4937 9.739780
4938 10.036335
4939 9.294931
4940 10.103590
4941 9.515392
4942 9.273910
4943 10.659949
4944 9.223212
4945 9.410990
4946 9.846634
4947 9.632459
4948 8.729141
4949 9.616495
4950 8.082257
4951 10.218576
4952 9.545140
4953 9.991862
4954 9.581882
4955 8.955497
4956 8.151356
4957 9.307488
4958 9.015607
4959 8.666178
4960 9.486718
4961 8.950247
4962 8.680418
4963 8.724916
4964 8.430717
4965 9.022705
4966 9.349228
4967 9.456444
4968 8.793739
4969 8.257780
4970 8.325568
4971 9.540600
4972 8.726241
4973 10.492542
4974 9.380428
4975 8.457565
4976 8.500433
4977 9.773351
4978 8.613850
4979 9.401803
4980 9.926519
4981 8.359449
4982 8.876251
4983 8.559042
4984 9.419390
4985 8.853120
4986 7.284506
4987 8.639433
4988 9.147958
4989 8.777014
4990 8.538058
4991 8.268033
4992 8.688999
4993 9.227665
4994 9.881261
4995 9.327783
4996 8.642283
4997 9.305730
4998 9.828498
4999 11.313785
5000 9.885555
5001 3.810742

