0 3.855073
1 3.329345
2 3.559820
3 3.758336
4 3.453805
5 6.734672
6 5.638554
7 5.480973
8 7.869418
9 6.213093
10 6.494844
11 3.871770
12 3.561531
13 3.880014
14 3.697703
15 3.861955
16 3.726151
17 3.528824
18 3.573992
19 3.827560
20 3.603689
21 6.437290
22 7.264832
23 6.534420
24 6.260080
25 7.127653
26 7.470123
27 8.043471
28 7.477074
29 9.405050
30 9.577003
31 10.244158
32 7.640490
33 6.819191
34 7.699202
35 7.344489
36 6.776766
37 6.952041
38 7.114852
39 7.934521
40 7.296798
41 7.250567
42 7.382583
43 7.585340
44 6.149475
45 5.730044
46 5.044542
47 7.394714
48 7.551200
49 6.588329
50 5.736407
51 9.685640
52 8.176421
53 5.916018
54 7.758146
55 7.662466
56 7.446009
57 7.396688
58 7.645794
59 7.526634
60 7.114559
61 7.151742
62 5.593375
63 6.521914
64 9.322533
65 7.491385
66 6.319474
67 7.621293
68 7.549795
69 7.026641
70 6.818134
71 9.795045
72 7.426879
73 7.079796
74 8.740353
75 7.491735
76 6.217119
77 7.619489
78 9.907100
79 8.489088
80 8.348857
81 8.676701
82 10.160221
83 8.957205
84 7.792565
85 7.163535
86 7.352117
87 10.386497
88 9.309025
89 9.240605
90 9.469808
91 9.384671
92 10.514094
93 7.665417
94 7.646786
95 8.228605
96 8.682188
97 9.072725
98 9.380562
99 7.325531
100 7.214930
101 8.157025
102 6.022659
103 6.056043
104 5.457151
105 7.830594
106 7.251292
107 7.050010
108 7.295626
109 7.056445
110 6.159915
111 7.478404
112 5.826540
113 7.305491
114 6.867822
115 7.994156
116 5.663217
117 6.499712
118 6.400346
119 6.729833
120 7.059243
121 6.914594
122 6.708642
123 6.274633
124 8.074887
125 6.312982
126 6.868203
127 7.188694
128 5.834630
129 5.689471
130 5.688559
131 9.065878
132 8.518973
133 9.002229
134 8.789505
135 8.235732
136 8.579145
137 8.519217
138 8.783320
139 8.168406
140 7.832048
141 8.326336
142 8.211774
143 7.451156
144 8.971143
145 9.083839
146 8.515310
147 9.059631
148 8.756702
149 9.441531
150 6.820532
151 8.606889
152 9.175648
153 5.486908
154 7.550451
155 6.974087
156 7.878514
157 7.018616
158 5.812498
159 8.332478
160 7.732650
161 7.976271
162 9.221380
163 9.127048
164 8.475817
165 7.369895
166 8.346500
167 7.336549
168 8.142883
169 8.509159
170 8.391184
171 9.606068
172 8.533189
173 9.151755
174 6.343400
175 9.335034
176 7.049178
177 8.564260
178 7.561520
179 7.518206
180 6.116706
181 7.965666
182 8.441884
183 7.924580
184 7.858873
185 8.614909
186 7.484742
187 8.380085
188 8.479853
189 9.923953
190 8.575700
191 10.271229
192 9.599903
193 10.678807
194 9.056434
195 7.337668
196 9.495657
197 10.060126
198 8.310865
199 7.019654
200 9.584140
201 7.190330
202 6.536696
203 6.696452
204 8.119950
205 7.200124
206 7.320453
207 7.572325
208 6.607488
209 6.026721
210 5.497461
211 7.786052
212 7.927735
213 7.235317
214 6.587645
215 8.280483
216 10.169178
217 9.685259
218 9.603545
219 9.300075
220 6.971665
221 6.903293
222 6.095680
223 8.793119
224 7.479648
225 7.244979
226 6.446435
227 8.229134
228 8.175750
229 7.955184
230 5.267074
231 4.955669
232 5.255798
233 5.908310
234 6.175579
235 5.499421
236 4.813374
237 6.298965
238 7.258596
239 7.268525
240 7.667837
241 7.191870
242 6.786320
243 7.209056
244 6.010685
245 8.174265
246 8.972372
247 9.554720
248 8.572547
249 9.438460
250 9.555369
251 7.909045
252 9.474358
253 8.253037
254 8.576397
255 7.532683
256 8.932641
257 5.887055
258 9.157278
259 7.666373
260 7.868273
261 9.134221
262 7.472910
263 8.275541
264 9.001524
265 8.782913
266 9.124850
267 9.136614
268 9.853449
269 10.274912
270 8.605363
271 7.443874
272 9.096733
273 8.307521
274 5.812967
275 6.202340
276 5.858405
277 6.801481
278 8.053842
279 7.827184
280 9.319815
281 8.427413
282 8.372116
283 7.160431
284 7.422435
285 9.594212
286 9.236135
287 9.001338
288 9.912687
289 9.313144
290 9.559420
291 9.821232
292 8.755110
293 6.665697
294 5.542640
295 6.173258
296 8.931314
297 10.300954
298 10.362192
299 9.925307
300 8.481865
301 5.905668
302 6.997060
303 7.032897
304 8.068045
305 6.778974
306 6.798622
307 10.582414
308 10.470824
309 10.098428
310 9.959979
311 9.707063
312 7.535579
313 7.970969
314 7.205290
315 7.333135
316 7.592688
317 6.734048
318 7.830366
319 7.846699
320 7.964461
321 7.493103
322 7.984137
323 9.007006
324 9.982143
325 11.427843
326 9.473304
327 10.617580
328 8.494408
329 10.015177
330 9.241356
331 10.115457
332 9.978586
333 10.067410
334 10.206869
335 9.955791
336 10.628988
337 10.492707
338 9.082521
339 10.550972
340 5.773399
341 6.546422
342 7.709060
343 7.207973
344 7.487141
345 10.236119
346 8.396602
347 8.407206
348 8.168882
349 7.572232
350 6.558234
351 7.673667
352 7.896333
353 6.631420
354 7.271019
355 7.329958
356 7.396145
357 7.259817
358 7.078887
359 6.878514
360 7.490746
361 8.674757
362 8.420793
363 4.831460
364 6.297451
365 7.461866
366 6.755054
367 7.657444
368 7.133584
369 7.006683
370 10.585217
371 9.944034
372 9.545895
373 10.285311
374 9.245032
375 10.514325
376 10.414981
377 9.811619
378 11.061128
379 9.934587
380 10.374534
381 9.568497
382 10.177800
383 10.163627
384 10.455335
385 9.339567
386 9.775877
387 5.812317
388 9.261889
389 9.143419
390 8.919039
391 8.953662
392 8.839244
393 9.157407
394 9.128641
395 9.139248
396 8.123695
397 9.374031
398 9.588462
399 7.460892
400 7.150641
401 6.946621
402 7.126660
403 7.064899
404 7.744162
405 7.429833
406 5.423008
407 7.587240
408 6.243958
409 7.630821
410 8.042568
411 7.400570
412 7.206641
413 7.723145
414 7.076883
415 8.404713
416 6.980414
417 8.955837
418 9.108206
419 9.177988
420 8.523622
421 8.905044
422 10.289003
423 9.844439
424 8.902959
425 10.045424
426 9.015768
427 9.471995
428 10.093536
429 8.241102
430 7.880288
431 6.434072
432 6.930295
433 6.152771
434 7.432772
435 6.325968
436 8.757652
437 7.699783
438 7.140959
439 7.949956
440 6.330610
441 7.378245
442 7.074131
443 7.652586
444 8.099073
445 9.811543
446 9.805182
447 9.707702
448 9.412380
449 10.482823
450 9.139753
451 9.226508
452 9.489331
453 7.408351
454 11.802626
455 7.818477
456 7.514621
457 7.759247
458 7.842792
459 7.124299
460 7.916267
461 8.176334
462 8.883520
463 9.067761
464 8.918218
465 7.103479
466 7.327075
467 7.678217
468 7.041094
469 6.492714
470 7.888147
471 7.596282
472 8.755898
473 9.614393
474 8.138309
475 7.912556
476 7.082658
477 8.056063
478 7.880997
479 8.095553
480 5.883781
481 5.474346
482 7.149553
483 6.247632
484 7.304590
485 7.498538
486 8.131183
487 6.701310
488 6.746410
489 6.222527
490 5.364153
491 5.418487
492 7.323620
493 7.346409
494 7.699876
495 9.793154
496 7.776401
497 6.129555
498 8.338556
499 7.898067
500 5.280937
501 6.190584
502 7.865550
503 6.538970
504 6.426178
505 6.331850
506 6.528720
507 7.674848
508 7.090337
509 8.899462
510 6.835443
511 7.145663
512 5.927781
513 7.424562
514 6.526149
515 7.907266
516 7.718300
517 7.562250
518 6.273528
519 7.797644
520 7.234695
521 9.250674
522 8.658183
523 8.690078
524 9.464042
525 8.848959
526 8.246578
527 9.176965
528 9.582945
529 8.632789
530 10.779253
531 10.170083
532 10.988968
533 10.139016
534 9.028145
535 9.997770
536 6.141149
537 6.840451
538 7.514977
539 8.676662
540 6.532611
541 7.701396
542 7.600389
543 6.626762
544 7.919874
545 6.142465
546 9.596734
547 8.609589
548 8.158295
549 9.537911
550 10.032299
551 10.925974
552 9.616340
553 8.779734
554 9.167521
555 9.521578
556 8.841434
557 8.698606
558 8.789301
559 9.596609
560 8.479211
561 8.648219
562 10.001928
563 8.915630
564 6.467000
565 6.173375
566 6.450962
567 6.313256
568 8.023182
569 7.067991
570 7.134712
571 5.511268
572 6.696568
573 9.652471
574 9.348932
575 10.206631
576 9.316196
577 10.242906
578 10.040687
579 8.954825
580 8.153782
581 10.158995
582 7.778159
583 6.954119
584 7.846858
585 7.672056
586 7.637293
587 8.055574
588 8.087335
589 7.706165
590 8.683599
591 7.592544
592 7.577663
593 7.297467
594 8.425209
595 7.003487
596 7.174274
597 6.731310
598 6.311585
599 9.711940
600 8.878897
601 10.229735
602 10.259267
603 7.627160
604 8.802896
605 7.397904
606 8.011696
607 7.672195
608 10.197395
609 10.424039
610 9.301771
611 9.183393
612 8.261444
613 8.453958
614 8.027022
615 8.441303
616 8.469481
617 8.851960
618 9.241830
619 6.286732
620 6.985278
621 7.995334
622 8.048963
623 9.281831
624 8.461376
625 7.326842
626 9.426973
627 9.712362
628 8.292776
629 8.215721
630 8.952035
631 8.710933
632 9.515759
633 8.365967
634 7.950051
635 8.449582
636 7.227588
637 6.650380
638 7.979362
639 4.010424
640 5.542039
641 6.074280
642 5.336010
643 5.447129
644 6.578987
645 5.247209
646 5.823405
647 7.018848
648 6.411911
649 6.879220
650 4.980930
651 5.308106
652 5.123358
653 5.881473
654 6.358533
655 7.586891
656 5.839516
657 9.292975
658 8.121879
659 6.769498
660 6.970072
661 6.181185
662 6.090975
663 5.672797
664 6.430570
665 5.853023
666 5.453267
667 5.560445
668 6.024931
669 8.637618
670 5.557650
671 5.866246
672 5.593179
673 6.257945
674 6.007097
675 6.003648
676 5.985008
677 8.283174
678 6.523697
679 5.424815
680 6.766805
681 6.940744
682 5.648949
683 9.580678
684 9.658270
685 11.217907
686 9.573822
687 7.443693
688 6.426271
689 5.833744
690 8.003568
691 8.623651
692 10.482128
693 10.617715
694 8.708136
695 9.038480
696 7.582375
697 9.616127
698 10.729227
699 9.250352
700 9.176874
701 9.036652
702 8.956208
703 8.185441
704 8.774154
705 8.254680
706 8.381721
707 8.217933
708 7.613325
709 7.783765
710 7.818906
711 6.599350
712 7.446789
713 8.594090
714 8.518601
715 9.006529
716 8.628492
717 8.232973
718 9.896160
719 9.729821
720 8.774473
721 7.588217
722 6.510526
723 8.440407
724 9.894977
725 9.564691
726 9.526859
727 10.046145
728 9.441242
729 10.241411
730 9.044589
731 7.155550
732 8.904007
733 10.146201
734 10.542608
735 7.421110
736 7.526129
737 7.793165
738 7.235305
739 7.528378
740 7.527900
741 7.257729
742 7.335033
743 7.296178
744 6.691026
745 5.210420
746 5.874868
747 5.473950
748 6.662703
749 5.923191
750 5.367999
751 6.920035
752 8.759511
753 8.081783
754 8.602500
755 8.208763
756 5.977908
757 5.766639
758 5.780735
759 5.672769
760 5.542042
761 5.080608
762 7.427591
763 5.002018
764 5.296810
765 4.992712
766 5.352139
767 5.376449
768 5.327226
769 5.415400
770 5.534789
771 6.261348
772 5.990764
773 5.368101
774 5.373146
775 3.789578
776 5.860861
777 5.552605
778 5.137013
779 5.564340
780 5.050808
781 3.711144
782 3.230388
783 3.053017
784 3.429489
785 3.721948
786 3.894987
787 3.912874
788 3.688536
789 3.485513
790 3.096996
791 4.003172
792 3.323102
793 3.596612
794 3.141798
795 3.292548
796 3.158812
797 3.209440
798 3.041877
799 3.329764
800 3.515110
801 3.547580
802 5.626954
803 5.793587
804 6.604655
805 3.808309
806 4.016103
807 3.692291
808 3.569018
809 3.126036
810 3.142818
811 3.180645
812 3.097127
813 3.150191
814 3.264122
815 3.281312
816 3.021755
817 3.102144
818 3.139982
819 3.365903
820 3.260626
821 3.247720
822 3.489096
823 3.714580
824 3.658394
825 3.184884
826 3.200832
827 3.032458
828 3.317739
829 3.239442
830 3.249157
831 3.684365
832 3.388958
833 3.554744
834 3.524447
835 3.786049
836 3.671973
837 3.384760
838 3.099071
839 3.302862
840 3.604746
841 3.633732
842 3.117399
843 3.158121
844 3.323762
845 3.203295
846 3.682906
847 3.590696
848 3.588691
849 3.722124
850 3.358530
851 3.456502
852 3.697595
853 3.997060
854 3.583978
855 3.314285
856 3.299818
857 3.769692
858 3.558565
859 3.736803
860 3.895137
861 5.676034
862 5.336540
863 5.182907
864 6.003616
865 3.832527
866 3.624210
867 3.728055
868 3.299485
869 3.760908
870 3.834501
871 3.356727
872 3.535507
873 3.705238
874 5.626987
875 5.897617
876 5.657577
877 5.912047
878 5.955799
879 6.494397
880 5.998439
881 6.587528
882 9.947829
883 9.765812
884 9.797750
885 8.410619
886 8.859226
887 8.435116
888 9.682532
889 8.982550
890 8.458260
891 8.688692
892 9.074011
893 6.461533
894 8.771548
895 6.095382
896 6.459363
897 6.282145
898 7.127381
899 5.548505
900 5.002102
901 5.486326
902 5.365726
903 5.937300
904 7.402606
905 5.699949
906 5.646822
907 6.642201
908 6.309969
909 5.602625
910 7.319242
911 6.248312
912 7.363816
913 6.609243
914 6.387724
915 5.861238
916 5.922874
917 5.845008
918 4.928487
919 6.117058
920 7.728010
921 5.296875
922 5.548233
923 5.561921
924 5.878795
925 4.795395
926 7.012462
927 6.157159
928 5.926867
929 5.353446
930 5.320833
931 3.544247
932 3.321462
933 3.695212
934 3.596459
935 5.721411
936 5.461815
937 5.459424
938 5.641611
939 5.574164
940 5.934155
941 6.667442
942 3.582579
943 3.596802
944 6.002784
945 3.673120
946 3.115267
947 3.227677
948 3.311701
949 3.131387
950 3.478780
951 3.307810
952 3.290366
953 3.491335
954 3.351803
955 3.638518
956 3.221383
957 3.563273
958 3.192503
959 3.318583
960 3.153788
961 3.572746
962 2.964624
963 3.162751
964 3.476473
965 3.414764
966 3.082951
967 3.269202
968 5.250688
969 5.609255
970 7.212506
971 5.789485
972 6.482549
973 6.434955
974 6.645757
975 4.811568
976 6.061426
977 6.657731
978 5.799020
979 7.743941
980 4.621750
981 3.274525
982 3.076489
983 3.263696
984 3.372968
985 3.341547
986 3.749385
987 3.424545
988 3.148223
989 3.173781
990 3.338815
991 3.420615
992 3.521078
993 3.134628
994 3.329460
995 3.250185
996 3.200538
997 3.443168
998 3.294858
999 3.429885
1000 3.203202
1001 3.275681
1002 3.703629
1003 3.500642
1004 3.290505
1005 3.218786
1006 3.299259
1007 3.487923
1008 3.491609
1009 3.248446
1010 3.132936
1011 3.280657
1012 3.106542
1013 3.210517
1014 3.195516
1015 3.308051
1016 3.328374
1017 3.384816
1018 3.451812
1019 3.746839
1020 3.112182
1021 3.136463
1022 3.158430
1023 3.132791
1024 3.218784
1025 3.200845
1026 3.281980
1027 3.340615
1028 3.110131
1029 3.306751
1030 3.347192
1031 3.081267
1032 3.451377
1033 3.239182
1034 3.154315
1035 3.335403
1036 3.680627
1037 3.061517
1038 3.361031
1039 3.487439
1040 3.685566
1041 3.423299
1042 2.941874
1043 3.308083
1044 3.857301
1045 3.591239
1046 3.860710
1047 3.320373
1048 3.771820
1049 3.849860
1050 3.697379
1051 3.581857
1052 5.359723
1053 6.010768
1054 5.488933
1055 6.318048
1056 6.064236
1057 7.488400
1058 8.236227
1059 5.143044
1060 6.149606
1061 5.879939
1062 6.872567
1063 3.882967
1064 3.523375
1065 3.829233
1066 3.568215
1067 3.421301
1068 3.425624
1069 3.549158
1070 4.035771
1071 3.499075
1072 3.636618
1073 3.631597
1074 3.333186
1075 3.306692
1076 3.441760
1077 3.802592
1078 3.229828
1079 3.142752
1080 3.624736
1081 3.703682
1082 3.271941
1083 3.895397
1084 3.636327
1085 3.320553
1086 3.709960
1087 3.992461
1088 3.534900
1089 3.491947
1090 4.214040
1091 3.659987
1092 3.651424
1093 3.453900
1094 3.440085
1095 3.514610
1096 3.636950
1097 3.166668
1098 3.180912
1099 3.213801
1100 3.294934
1101 3.082888
1102 3.729465
1103 3.074441
1104 3.363492
1105 3.420495
1106 3.480995
1107 3.250383
1108 3.200500
1109 3.169831
1110 3.421781
1111 3.421254
1112 3.670994
1113 3.283454
1114 3.176317
1115 3.376981
1116 3.019972
1117 3.459843
1118 3.821737
1119 3.070080
1120 4.074519
1121 3.449032
1122 3.665598
1123 3.660202
1124 3.560858
1125 3.880438
1126 3.581185
1127 3.516259
1128 3.469955
1129 3.592954
1130 3.614335
1131 3.537145
1132 3.467261
1133 3.618482
1134 3.889588
1135 3.128677
1136 3.381448
1137 3.314013
1138 3.058679
1139 3.244285
1140 3.074847
1141 3.884459
1142 3.376695
1143 3.221505
1144 3.441528
1145 3.128241
1146 3.368294
1147 3.720347
1148 3.370743
1149 3.272337
1150 3.609933
1151 3.750479
1152 3.677696
1153 3.399327
1154 3.394847
1155 3.869277
1156 3.597817
1157 3.681929
1158 3.313807
1159 3.468844
1160 3.411365
1161 3.681654
1162 3.543629
1163 3.445939
1164 3.937878
1165 3.435253
1166 3.444650
1167 3.552829
1168 3.523211
1169 3.805849
1170 3.366853
1171 3.447924
1172 3.359718
1173 3.362168
1174 3.221706
1175 3.526610
1176 3.590791
1177 3.612578
1178 3.159190
1179 3.246873
1180 3.517725
1181 3.453650
1182 3.796102
1183 3.708444
1184 3.391066
1185 3.675948
1186 3.280210
1187 3.599403
1188 3.639504
1189 3.721774
1190 3.376993
1191 3.373497
1192 3.358350
1193 3.670341
1194 3.522641
1195 3.293644
1196 3.628308
1197 3.222222
1198 3.328576
1199 3.517815
1200 3.567433
1201 3.185812
1202 3.783835
1203 3.370234
1204 3.524281
1205 3.350199
1206 3.773442
1207 3.327097
1208 3.406390
1209 3.488609
1210 3.501939
1211 3.745410
1212 3.331022
1213 3.343217
1214 3.114834
1215 3.839938
1216 3.588596
1217 3.602084
1218 3.402864
1219 3.335310
1220 3.131790
1221 3.358393
1222 3.455000
1223 3.452451
1224 3.708177
1225 3.799132
1226 3.533472
1227 3.542358
1228 3.722380
1229 3.480650
1230 3.405704
1231 3.144917
1232 3.303547
1233 3.593241
1234 3.419210
1235 3.545505
1236 3.341181
1237 3.271235
1238 3.331940
1239 3.342394
1240 3.372374
1241 3.243486
1242 3.028430
1243 3.295722
1244 3.222109
1245 3.339477
1246 3.333123
1247 3.504174
1248 5.489862
1249 3.721211
1250 5.634559
1251 7.313579
1252 5.612816
1253 5.934918
1254 3.700012
1255 3.935603
1256 3.369955
1257 2.993426
1258 3.589804
1259 3.734987
1260 3.174208
1261 3.895046
1262 3.585159
1263 3.327583
1264 3.953848
1265 3.667108
1266 3.614209
1267 3.889719
1268 3.119184
1269 3.808635
1270 3.503953
1271 3.732198
1272 3.843892
1273 3.590960
1274 3.686775
1275 3.726366
1276 3.207058
1277 3.197723
1278 3.492461
1279 3.523992
1280 3.487662
1281 3.294756
1282 3.823400
1283 3.518221
1284 3.366856
1285 3.350521
1286 3.231932
1287 3.173201
1288 3.475199
1289 3.693865
1290 5.370344
1291 3.367418
1292 3.513473
1293 4.021841
1294 3.510412
1295 3.384713
1296 3.352564
1297 3.735604
1298 3.801388
1299 3.581402
1300 3.474089
1301 3.308205
1302 3.247694
1303 3.389011
1304 3.099419
1305 3.154135
1306 3.419132
1307 3.487507
1308 3.439348
1309 3.107060
1310 3.391371
1311 3.405084
1312 3.600905
1313 3.374571
1314 3.400090
1315 3.526779
1316 3.366216
1317 3.513248
1318 3.211760
1319 3.447158
1320 3.265489
1321 3.586465
1322 3.121716
1323 3.531543
1324 3.397554
1325 3.564613
1326 3.580183
1327 3.687140
1328 3.122483
1329 3.509769
1330 3.121091
1331 3.382941
1332 3.537699
1333 3.631170
1334 3.607294
1335 3.694986
1336 3.266453
1337 3.188164
1338 3.348522
1339 3.337861
1340 3.495272
1341 3.032655
1342 3.418142
1343 3.272112
1344 3.536975
1345 3.653079
1346 3.301896
1347 3.744688
1348 4.183119
1349 3.607126
1350 3.487708
1351 3.768608
1352 3.600261
1353 3.515750
1354 3.684849
1355 3.515339
1356 3.529448
1357 3.991117
1358 3.507452
1359 3.711752
1360 3.634574
1361 3.830368
1362 3.765911
1363 3.553531
1364 3.801916
1365 3.238290
1366 3.581773
1367 3.724794
1368 3.200671
1369 3.573286
1370 3.793283
1371 3.212377
1372 3.597943
1373 3.613173
1374 3.313141
1375 3.389572
1376 3.463023
1377 3.556881
1378 3.633787
1379 3.583630
1380 3.308986
1381 3.607437
1382 3.838682
1383 3.705250
1384 3.813831
1385 3.387229
1386 3.639577
1387 3.392901
1388 3.541326
1389 3.763007
1390 3.580951
1391 3.727882
1392 3.679032
1393 3.574284
1394 3.590990
1395 3.602569
1396 3.641688
1397 3.223256
1398 3.525252
1399 3.593826
1400 3.535948
1401 3.353951
1402 3.650875
1403 3.331738
1404 3.457599
1405 3.545648
1406 3.573657
1407 3.499486
1408 3.477371
1409 3.625933
1410 3.149094
1411 3.718293
1412 3.416587
1413 3.322966
1414 3.575069
1415 3.432987
1416 3.821597
1417 3.897457
1418 5.431004
1419 3.250235
1420 3.291291
1421 3.203794
1422 3.212864
1423 3.650013
1424 3.454662
1425 3.265406
1426 3.552181
1427 3.561306
1428 3.481224
1429 3.304603
1430 3.289921
1431 3.290103
1432 3.414465
1433 3.597079
1434 3.563959
1435 3.524827
1436 3.362082
1437 3.458671
1438 3.331873
1439 3.718358
1440 3.147523
1441 3.481046
1442 3.268835
1443 3.500597
1444 3.826390
1445 3.551913
1446 3.151858
1447 3.600474
1448 3.585440
1449 3.734849
1450 3.293171
1451 3.846076
1452 3.470848
1453 3.462394
1454 3.686532
1455 3.273255
1456 3.536293
1457 3.261811
1458 3.581913
1459 3.748230
1460 3.276665
1461 3.500018
1462 2.904170
1463 3.119458
1464 3.684387
1465 3.234719
1466 3.815662
1467 3.515308
1468 5.099785
1469 5.589872
1470 5.540298
1471 3.802550
1472 3.644507
1473 3.315962
1474 3.437005
1475 3.549169
1476 3.229444
1477 3.570726
1478 3.275409
1479 3.540425
1480 3.713573
1481 3.099116
1482 5.403648
1483 3.401297
1484 3.234116
1485 3.190534
1486 3.411436
1487 3.504782
1488 3.602371
1489 3.571369
1490 3.686978
1491 3.267872
1492 3.241280
1493 3.700861
1494 3.243918
1495 3.782921
1496 3.331080
1497 3.172901
1498 3.453088
1499 4.724629
1500 3.395553
1501 3.095517
1502 3.722044
1503 3.731221
1504 3.320030
1505 3.133302
1506 3.369186
1507 3.367744
1508 3.250692
1509 3.242177
1510 3.369641
1511 3.294451
1512 3.437047
1513 3.287140
1514 3.711001
1515 3.682254
1516 3.684971
1517 3.008473
1518 3.435492
1519 3.271086
1520 3.371798
1521 3.343745
1522 3.576449
1523 3.373795
1524 3.181836
1525 3.731353
1526 3.316472
1527 3.459319
1528 3.315854
1529 3.386800
1530 3.789378
1531 3.644472
1532 3.133226
1533 3.955920
1534 3.271775
1535 3.634586
1536 3.551541
1537 3.369225
1538 3.116619
1539 3.197909
1540 3.192649
1541 3.447011
1542 3.354415
1543 3.280416
1544 3.301926
1545 3.244769
1546 3.412991
1547 3.441080
1548 3.548903
1549 3.617209
1550 4.067247
1551 3.650546
1552 3.743970
1553 3.735360
1554 3.397895
1555 3.480936
1556 4.002299
1557 4.027781
1558 7.012205
1559 5.836275
1560 4.993625
1561 6.742963
1562 6.436291
1563 6.349723
1564 9.601448
1565 7.676615
1566 6.934413
1567 7.814096
1568 7.759047
1569 7.969071
1570 6.010458
1571 5.881754
1572 5.873951
1573 6.756454
1574 9.233666
1575 9.563228
1576 8.210094
1577 6.148260
1578 7.171075
1579 5.867660
1580 7.491891
1581 5.512260
1582 5.198466
1583 6.872400
1584 6.581349
1585 6.857478
1586 5.685677
1587 6.876586
1588 7.297483
1589 6.503360
1590 7.389237
1591 6.845447
1592 6.553350
1593 6.701560
1594 7.228791
1595 6.826434
1596 8.920377
1597 7.449318
1598 6.490592
1599 7.194867
1600 7.081979
1601 7.321996
1602 7.590024
1603 7.577373
1604 8.396161
1605 9.611007
1606 7.287727
1607 7.085464
1608 8.381630
1609 6.694990
1610 7.491137
1611 5.080414
1612 7.512434
1613 6.961975
1614 8.307579
1615 9.303944
1616 8.579126
1617 7.199873
1618 7.278197
1619 6.226064
1620 6.022583
1621 7.323228
1622 7.692026
1623 5.724345
1624 6.931810
1625 6.150745
1626 7.168052
1627 8.071003
1628 8.139145
1629 6.575240
1630 6.028549
1631 8.571721
1632 7.128444
1633 8.435886
1634 6.128321
1635 6.901301
1636 5.619326
1637 5.989703
1638 5.486910
1639 6.608464
1640 10.787358
1641 8.959409
1642 9.149121
1643 8.978611
1644 6.738972
1645 8.936293
1646 9.050000
1647 8.087460
1648 8.913028
1649 9.647161
1650 9.463090
1651 9.482125
1652 10.712171
1653 7.154877
1654 8.873229
1655 7.480453
1656 7.538812
1657 8.462132
1658 8.735912
1659 9.002267
1660 9.871930
1661 7.432701
1662 7.853729
1663 7.545373
1664 7.262770
1665 6.887918
1666 9.179032
1667 8.066311
1668 8.874806
1669 9.407368
1670 8.372540
1671 8.105886
1672 8.049864
1673 8.362808
1674 8.798773
1675 7.253310
1676 7.248134
1677 7.416403
1678 8.193586
1679 6.780933
1680 6.029113
1681 7.218822
1682 4.560449
1683 5.906769
1684 4.984263
1685 6.427301
1686 5.393016
1687 6.962378
1688 5.636127
1689 6.880085
1690 7.667894
1691 8.977171
1692 8.600483
1693 5.228598
1694 8.698157
1695 8.368692
1696 7.618909
1697 8.905691
1698 7.138419
1699 6.712691
1700 6.990920
1701 7.799953
1702 7.534754
1703 6.670041
1704 7.066163
1705 6.312882
1706 7.155735
1707 7.174385
1708 5.239417
1709 6.976056
1710 6.661011
1711 7.527984
1712 7.459474
1713 6.662857
1714 6.127779
1715 6.698961
1716 6.841248
1717 7.098941
1718 4.575817
1719 4.789426
1720 5.877667
1721 5.906828
1722 6.480265
1723 7.937338
1724 7.300582
1725 3.597306
1726 3.597607
1727 3.455484
1728 3.183254
1729 3.893189
1730 3.721534
1731 7.173815
1732 5.986829
1733 7.823083
1734 7.033078
1735 5.375139
1736 5.599341
1737 5.659908
1738 6.614608
1739 6.936556
1740 6.989829
1741 7.018374
1742 5.603793
1743 6.228346
1744 7.620350
1745 7.162332
1746 6.302323
1747 7.787904
1748 7.161360
1749 7.896996
1750 8.142655
1751 7.398467
1752 8.656024
1753 7.590698
1754 5.781371
1755 5.751211
1756 6.573108
1757 6.236132
1758 7.800302
1759 5.883969
1760 6.578693
1761 4.802474
1762 5.470373
1763 5.777010
1764 6.720909
1765 5.795805
1766 6.933587
1767 6.507511
1768 7.542744
1769 8.139107
1770 7.015197
1771 5.896179
1772 8.308565
1773 6.534617
1774 3.073793
1775 3.215552
1776 3.203576
1777 3.312006
1778 3.337233
1779 3.358886
1780 3.316148
1781 3.442408
1782 3.305557
1783 3.411564
1784 3.695915
1785 3.651423
1786 3.162690
1787 3.771683
1788 3.883996
1789 3.478091
1790 3.547140
1791 3.365207
1792 3.449915
1793 3.595377
1794 3.508506
1795 3.658207
1796 3.486862
1797 3.176965
1798 3.217962
1799 3.820327
1800 3.750879
1801 3.653126
1802 3.576509
1803 3.633535
1804 3.268880
1805 3.140163
1806 3.517640
1807 3.856457
1808 3.703375
1809 3.610847
1810 3.168499
1811 3.514171
1812 3.791410
1813 3.972365
1814 3.677962
1815 3.699352
1816 3.167663
1817 3.528243
1818 3.711025
1819 3.488055
1820 3.343607
1821 3.469668
1822 3.572240
1823 3.679727
1824 3.789637
1825 3.743610
1826 3.842565
1827 3.782763
1828 3.423977
1829 3.668487
1830 3.461880
1831 3.412094
1832 3.300398
1833 3.618435
1834 3.667556
1835 3.624446
1836 3.512679
1837 4.660593
1838 5.565917
1839 3.702445
1840 3.833655
1841 3.282406
1842 3.547578
1843 3.924042
1844 3.255977
1845 3.673920
1846 3.914539
1847 3.671374
1848 3.338754
1849 3.255182
1850 3.302274
1851 3.299031
1852 3.848218
1853 3.552379
1854 3.149191
1855 3.636178
1856 3.440946
1857 3.695836
1858 3.569562
1859 3.803752
1860 3.667218
1861 3.700705
1862 3.589062
1863 3.747491
1864 3.742898
1865 3.831324
1866 3.890872
1867 3.656489
1868 3.596528
1869 3.421301
1870 3.772997
1871 3.553562
1872 3.817065
1873 3.961881
1874 3.763648
1875 3.878890
1876 3.795841
1877 3.961883
1878 3.722687
1879 4.040123
1880 3.336732
1881 3.623617
1882 3.436857
1883 3.648972
1884 3.974534
1885 3.791225
1886 3.421356
1887 3.387699
1888 3.394969
1889 3.245521
1890 3.220964
1891 3.645228
1892 3.835349
1893 3.266639
1894 3.774414
1895 3.078327
1896 3.228947
1897 3.475974
1898 3.247676
1899 3.750866
1900 3.715091
1901 3.217283
1902 3.817549
1903 3.744781
1904 3.695361
1905 5.371424
1906 3.889588
1907 3.505342
1908 3.482459
1909 3.643592
1910 3.528143
1911 3.671428
1912 3.508860
1913 3.471959
1914 3.594584
1915 3.467422
1916 3.908054
1917 3.607321
1918 3.716664
1919 5.207658
1920 5.183907
1921 9.188766
1922 9.624624
1923 8.873399
1924 9.507573
1925 8.629766
1926 8.991914
1927 9.038401
1928 8.676411
1929 10.444709
1930 8.989889
1931 9.144232
1932 10.486614
1933 10.036942
1934 9.647997
1935 7.715811
1936 8.057693
1937 9.941895
1938 9.936523
1939 9.280782
1940 8.427163
1941 9.678629
1942 10.102423
1943 9.913826
1944 8.662021
1945 5.725215
1946 7.578166
1947 5.351230
1948 7.584337
1949 6.661386
1950 7.768437
1951 8.113756
1952 9.152100
1953 9.058839
1954 9.922809
1955 8.026288
1956 9.185326
1957 9.047835
1958 9.367449
1959 9.699304
1960 9.250215
1961 9.244788
1962 9.678791
1963 8.033682
1964 7.510226
1965 8.061126
1966 8.800558
1967 6.651757
1968 9.111459
1969 8.056284
1970 8.628495
1971 8.206362
1972 8.385939
1973 9.202423
1974 9.323975
1975 8.528127
1976 8.611042
1977 7.635798
1978 7.239728
1979 7.459127
1980 7.914247
1981 9.144420
1982 7.231298
1983 6.279977
1984 5.434748
1985 7.983379
1986 8.358996
1987 8.622288
1988 7.334292
1989 7.702711
1990 6.548612
1991 6.447736
1992 6.434511
1993 5.820945
1994 6.773582
1995 9.197240
1996 8.094270
1997 10.755765
1998 9.738483
1999 8.706974
2000 6.497267
2001 6.717388
2002 6.279705
2003 6.838597
2004 7.387808
2005 8.316571
2006 8.712710
2007 7.457937
2008 9.771216
2009 9.859458
2010 9.440689
2011 10.193192
2012 9.026750
2013 9.736986
2014 10.070729
2015 8.065548
2016 8.884737
2017 8.978108
2018 8.817327
2019 8.009557
2020 6.484504
2021 6.253546
2022 7.158023
2023 7.057652
2024 7.473435
2025 5.989905
2026 7.391524
2027 5.949126
2028 5.907465
2029 6.126256
2030 5.484427
2031 5.878961
2032 6.007631
2033 4.801772
2034 4.996562
2035 6.126348
2036 7.433091
2037 5.963735
2038 7.517083
2039 7.498908
2040 9.113364
2041 8.804425
2042 8.291978
2043 9.339776
2044 8.494005
2045 9.253119
2046 8.735873
2047 9.359115
2048 9.137535
2049 6.706278
2050 5.676505
2051 7.705381
2052 7.241711
2053 7.830334
2054 7.815445
2055 7.471662
2056 9.012580
2057 7.722660
2058 8.816593
2059 8.946534
2060 8.414761
2061 9.188481
2062 8.795183
2063 7.293682
2064 7.082555
2065 9.439166
2066 8.043600
2067 5.974152
2068 7.188193
2069 8.786003
2070 8.989621
2071 5.840135
2072 6.228737
2073 7.491688
2074 7.521552
2075 8.330030
2076 7.121613
2077 6.664951
2078 7.894978
2079 8.795442
2080 8.384005
2081 7.430657
2082 5.829174
2083 5.273284
2084 6.601865
2085 6.749521
2086 6.750318
2087 6.297487
2088 7.456333
2089 7.406291
2090 5.771081
2091 7.037288
2092 7.551614
2093 5.190626
2094 5.520826
2095 6.811125
2096 6.931940
2097 5.644933
2098 6.734671
2099 6.184989
2100 6.550799
2101 6.101645
2102 5.892962
2103 5.306851
2104 6.209197
2105 7.389345
2106 6.182068
2107 7.496813
2108 8.436041
2109 8.567104
2110 8.855024
2111 7.277763
2112 6.293536
2113 7.588423
2114 6.527193
2115 6.934767
2116 5.865747
2117 6.225426
2118 8.169396
2119 9.821465
2120 8.899581
2121 8.930984
2122 8.200295
2123 8.706635
2124 8.993709
2125 10.099371
2126 9.580498
2127 7.146009
2128 6.109885
2129 6.852160
2130 6.444853
2131 6.205391
2132 6.452001
2133 7.851914
2134 6.942858
2135 7.198677
2136 6.820954
2137 5.316518
2138 6.532784
2139 5.709230
2140 5.698218
2141 6.740382
2142 7.114567
2143 7.300359
2144 5.188682
2145 7.255073
2146 6.284908
2147 5.973090
2148 6.419477
2149 6.029145
2150 5.379323
2151 6.781663
2152 5.879679
2153 5.683430
2154 6.039669
2155 5.837210
2156 5.949029
2157 6.961537
2158 7.252115
2159 7.923945
2160 6.282594
2161 8.047676
2162 6.177778
2163 7.493908
2164 6.436073
2165 8.335935
2166 7.497922
2167 5.667530
2168 6.657305
2169 7.024369
2170 6.969302
2171 8.064925
2172 7.370441
2173 6.364221
2174 7.991959
2175 9.442745
2176 9.428546
2177 9.101401
2178 8.578282
2179 5.372411
2180 9.133047
2181 8.398533
2182 7.279185
2183 8.774133
2184 6.250416
2185 8.895709
2186 8.070492
2187 8.627666
2188 8.630212
2189 7.735668
2190 5.585822
2191 6.824083
2192 6.610325
2193 6.585780
2194 7.479377
2195 6.424129
2196 7.581886
2197 7.212335
2198 6.728610
2199 8.241009
2200 8.091732
2201 6.484259
2202 7.865833
2203 6.661839
2204 6.447529
2205 5.374247
2206 5.746131
2207 5.672949
2208 5.577539
2209 5.057858
2210 5.976298
2211 6.989695
2212 7.585131
2213 3.607371
2214 5.990178
2215 5.057878
2216 5.562672
2217 5.555906
2218 6.271922
2219 8.155307
2220 5.705461
2221 8.904858
2222 8.425463
2223 6.884596
2224 7.739020
2225 5.733081
2226 6.873017
2227 6.253774
2228 9.367403
2229 6.517247
2230 9.301505
2231 7.317651
2232 5.595544
2233 7.411430
2234 8.408740
2235 8.078521
2236 6.475254
2237 6.693719
2238 7.568448
2239 8.118204
2240 7.040522
2241 7.058402
2242 6.943278
2243 8.672767
2244 8.979960
2245 9.138726
2246 9.311786
2247 8.592556
2248 9.161022
2249 9.946079
2250 10.344110
2251 9.975294
2252 9.671788
2253 9.764358
2254 8.646529
2255 9.817225
2256 10.323611
2257 9.263311
2258 10.167513
2259 10.216316
2260 8.912535
2261 9.591719
2262 6.989499
2263 9.834105
2264 8.009959
2265 8.722619
2266 6.066549
2267 5.975791
2268 7.194062
2269 7.095017
2270 7.271844
2271 5.646901
2272 7.137321
2273 6.500013
2274 7.218675
2275 7.761594
2276 8.906734
2277 8.677525
2278 8.801764
2279 8.113729
2280 8.592024
2281 8.590194
2282 8.836574
2283 8.962617
2284 9.345086
2285 8.219783
2286 5.708543
2287 5.507185
2288 5.608604
2289 8.124466
2290 6.898990
2291 5.993690
2292 6.495555
2293 7.650993
2294 8.047349
2295 7.931315
2296 5.318516
2297 6.666006
2298 6.010468
2299 5.340242
2300 10.760060
2301 9.910494
2302 10.260623
2303 10.160420
2304 7.362485
2305 10.380508
2306 9.786754
2307 9.275726
2308 9.169849
2309 9.217689
2310 9.924087
2311 7.390623
2312 7.538613
2313 7.942115
2314 8.702653
2315 9.067572
2316 8.326711
2317 8.105222
2318 9.506811
2319 10.257262
2320 9.018312
2321 8.032264
2322 8.913302
2323 8.846794
2324 8.338385
2325 9.065636
2326 8.685387
2327 10.433966
2328 10.383646
2329 9.766273
2330 7.982533
2331 7.705856
2332 9.557418
2333 8.061769
2334 7.789072
2335 7.568229
2336 8.309642
2337 8.210152
2338 7.900367
2339 7.867333
2340 7.701234
2341 7.606304
2342 6.305636
2343 6.954925
2344 6.107226
2345 9.804596
2346 7.422461
2347 6.203434
2348 6.441125
2349 6.758429
2350 7.725906
2351 6.711110
2352 6.975022
2353 7.398088
2354 9.913124
2355 7.882962
2356 7.832248
2357 7.687976
2358 7.548440
2359 8.925341
2360 9.923656
2361 8.622793
2362 9.259405
2363 8.988840
2364 8.713218
2365 8.999408
2366 9.984515
2367 10.279153
2368 9.625410
2369 8.869079
2370 5.236012
2371 5.446360
2372 6.934364
2373 8.935266
2374 9.919282
2375 7.965850
2376 10.449276
2377 9.317452
2378 7.353786
2379 10.038424
2380 9.548662
2381 9.862543
2382 5.839371
2383 7.313576
2384 9.232162
2385 9.929385
2386 7.333192
2387 7.197569
2388 5.784431
2389 5.422929
2390 5.288080
2391 8.133443
2392 7.817548
2393 8.542776
2394 8.930456
2395 10.101456
2396 9.641547
2397 8.042671
2398 9.950545
2399 8.164595
2400 9.140996
2401 7.949898
2402 8.412304
2403 8.992095
2404 8.657494
2405 10.083933
2406 9.018484
2407 9.307375
2408 7.290058
2409 8.692782
2410 7.949550
2411 6.822975
2412 7.202346
2413 7.153862
2414 6.811228
2415 8.147897
2416 7.621688
2417 7.637556
2418 8.960105
2419 3.827715
2420 4.043406
2421 4.581792
2422 5.406793
2423 6.870907
2424 5.750140
2425 6.387030
2426 6.446992
2427 6.194110
2428 6.213540
2429 6.577457
2430 5.915424
2431 8.717859
2432 9.110370
2433 10.359781
2434 10.276130
2435 9.318530
2436 9.866972
2437 9.854922
2438 9.641462
2439 8.326802
2440 9.331071
2441 9.465548
2442 8.599246
2443 8.516914
2444 8.748821
2445 6.072427
2446 7.002102
2447 7.297605
2448 7.821371
2449 7.962173
2450 6.236268
2451 7.472943
2452 6.646008
2453 7.448235
2454 8.833322
2455 8.673102
2456 9.310715
2457 8.904572
2458 8.940967
2459 8.268527
2460 6.460878
2461 5.512835
2462 6.594738
2463 5.562423
2464 9.968708
2465 9.817873
2466 8.390862
2467 8.014057
2468 7.317186
2469 5.113647
2470 7.391252
2471 5.733114
2472 7.046957
2473 8.158690
2474 6.552322
2475 5.183910
2476 6.680392
2477 5.168617
2478 7.626765
2479 7.225158
2480 7.334072
2481 7.896461
2482 7.430400
2483 6.788597
2484 8.788774
2485 8.349519
2486 8.636050
2487 8.151447
2488 7.483033
2489 8.059263
2490 8.314089
2491 7.416502
2492 9.271776
2493 6.229286
2494 7.604843
2495 8.563754
2496 8.110768
2497 8.523177
2498 7.594430
2499 9.629129
2500 8.654922
2501 9.010184
2502 7.712760
2503 6.120901
2504 7.446310
2505 6.493458
2506 8.346934
2507 9.098687
2508 7.122322
2509 6.488345
2510 5.710041
2511 8.540733
2512 9.066986
2513 8.160361
2514 9.233995
2515 8.866061
2516 9.330300
2517 7.011971
2518 7.887905
2519 7.975393
2520 6.781188
2521 7.683479
2522 7.421965
2523 8.893329
2524 7.909309
2525 8.914339
2526 9.262161
2527 9.316373
2528 7.912230
2529 7.625787
2530 7.044614
2531 7.496430
2532 6.580824
2533 7.256791
2534 8.267998
2535 7.348723
2536 9.621685
2537 9.774837
2538 7.372224
2539 6.095948
2540 5.096159
2541 6.351608
2542 5.528129
2543 6.148897
2544 6.488116
2545 5.837876
2546 5.949809
2547 6.976834
2548 7.203409
2549 5.436403
2550 6.250770
2551 7.291543
2552 7.541691
2553 6.037644
2554 7.547468
2555 5.845968
2556 5.451272
2557 5.648133
2558 7.222490
2559 7.341098
2560 8.430282
2561 9.802430
2562 7.124442
2563 9.227336
2564 8.796614
2565 7.512875
2566 7.267611
2567 8.515694
2568 8.272431
2569 7.400029
2570 9.390903
2571 8.102697
2572 6.024026
2573 7.986649
2574 7.579894
2575 6.837931
2576 8.561972
2577 6.958429
2578 7.103709
2579 7.856192
2580 6.967762
2581 6.274200
2582 7.430716
2583 7.353934
2584 7.069991
2585 5.799833
2586 4.032319
2587 3.687020
2588 3.338817
2589 3.229445
2590 3.474899
2591 6.236671
2592 5.855193
2593 6.711081
2594 6.141834
2595 4.302537
2596 5.766150
2597 6.173955
2598 6.276771
2599 5.310500
2600 3.804008
2601 6.545053
2602 6.060434
2603 4.656274
2604 3.833650
2605 3.606066
2606 3.774243
2607 3.821789
2608 7.416281
2609 6.336735
2610 6.561926
2611 8.723841
2612 8.779210
2613 8.322939
2614 7.616019
2615 7.514205
2616 8.705822
2617 7.721346
2618 8.039892
2619 8.210349
2620 7.792575
2621 6.989628
2622 6.610642
2623 6.952621
2624 6.990877
2625 7.704080
2626 6.679223
2627 7.536313
2628 6.848018
2629 6.197725
2630 6.824178
2631 5.724211
2632 5.640918
2633 5.204997
2634 6.211418
2635 6.670757
2636 5.518988
2637 6.857158
2638 7.827798
2639 6.112691
2640 4.903732
2641 5.972503
2642 6.010976
2643 5.631481
2644 5.433543
2645 5.708995
2646 5.679385
2647 6.119235
2648 5.665623
2649 5.868319
2650 6.527435
2651 7.194893
2652 5.542294
2653 5.225384
2654 5.756597
2655 5.232270
2656 5.811786
2657 6.081764
2658 5.967291
2659 6.108707
2660 5.922878
2661 7.318101
2662 5.461812
2663 5.905533
2664 5.658203
2665 4.960109
2666 5.852460
2667 5.955982
2668 7.492318
2669 6.082896
2670 7.274367
2671 6.748211
2672 7.345492
2673 6.579650
2674 7.101234
2675 8.667470
2676 8.613773
2677 10.231894
2678 8.865828
2679 8.925711
2680 10.126269
2681 10.076448
2682 9.131907
2683 7.986900
2684 8.305480
2685 9.744643
2686 8.244972
2687 8.471773
2688 8.895646
2689 9.034719
2690 8.020254
2691 8.654676
2692 9.018234
2693 7.026536
2694 5.417616
2695 5.869535
2696 6.716641
2697 5.459798
2698 8.121243
2699 6.658368
2700 6.066504
2701 6.588665
2702 6.798957
2703 5.622614
2704 5.086241
2705 3.552872
2706 7.624058
2707 5.261466
2708 7.105984
2709 6.872112
2710 6.380458
2711 6.212064
2712 6.211819
2713 6.943643
2714 6.064670
2715 5.479329
2716 6.132197
2717 5.843707
2718 4.878872
2719 4.964159
2720 3.476045
2721 3.319910
2722 3.768555
2723 3.277576
2724 3.432289
2725 3.180098
2726 3.542498
2727 3.464191
2728 3.408008
2729 3.382437
2730 3.121426
2731 3.364671
2732 3.527631
2733 3.537638
2734 3.372433
2735 3.659649
2736 3.728730
2737 3.122582
2738 3.284221
2739 3.701403
2740 3.548941
2741 3.183971
2742 3.406965
2743 3.124328
2744 3.314820
2745 3.130925
2746 3.396658
2747 3.148383
2748 3.209190
2749 3.091620
2750 3.368709
2751 3.401494
2752 3.232800
2753 3.471900
2754 3.297559
2755 3.347472
2756 3.307339
2757 3.410877
2758 3.281979
2759 3.307700
2760 3.502585
2761 3.345955
2762 3.441890
2763 3.674042
2764 3.539225
2765 3.656568
2766 3.875683
2767 3.350371
2768 3.469033
2769 3.237359
2770 3.626816
2771 3.670707
2772 3.713565
2773 3.368989
2774 3.416440
2775 3.431186
2776 3.220577
2777 3.777750
2778 3.510603
2779 3.494142
2780 3.597489
2781 3.311195
2782 3.719755
2783 3.556314
2784 3.497941
2785 3.669592
2786 3.691477
2787 3.504136
2788 3.338458
2789 3.438882
2790 3.294510
2791 3.705887
2792 3.152045
2793 3.493841
2794 3.396075
2795 3.708493
2796 3.233355
2797 3.508633
2798 3.280745
2799 3.597859
2800 3.876713
2801 3.491747
2802 3.939188
2803 3.791688
2804 3.437121
2805 3.599041
2806 3.255975
2807 3.830050
2808 3.452723
2809 3.579306
2810 3.417033
2811 3.289896
2812 3.717045
2813 3.992505
2814 3.714325
2815 3.284508
2816 3.258496
2817 3.488921
2818 3.544486
2819 3.577538
2820 3.663795
2821 3.635187
2822 3.370474
2823 3.325133
2824 3.679047
2825 3.223832
2826 3.151331
2827 3.527220
2828 3.658153
2829 3.624170
2830 3.300032
2831 3.632759
2832 3.747983
2833 3.822721
2834 3.505214
2835 3.681149
2836 3.853028
2837 3.451524
2838 3.798801
2839 3.227227
2840 3.713826
2841 3.315195
2842 3.635493
2843 3.533091
2844 3.808624
2845 3.486565
2846 3.381433
2847 3.524233
2848 3.522018
2849 3.694012
2850 3.470486
2851 3.348044
2852 3.660723
2853 3.306752
2854 3.153742
2855 3.367997
2856 3.204403
2857 3.564016
2858 3.139571
2859 3.222263
2860 3.356502
2861 3.467130
2862 3.426270
2863 3.368055
2864 3.249786
2865 3.620897
2866 3.671798
2867 3.649194
2868 3.322331
2869 3.733547
2870 3.464596
2871 3.429343
2872 3.263019
2873 3.341033
2874 3.351206
2875 3.526727
2876 3.418097
2877 3.402851
2878 3.568617
2879 3.654656
2880 3.999128
2881 3.626815
2882 3.599917
2883 3.443282
2884 3.572127
2885 3.902330
2886 3.457524
2887 3.539352
2888 3.505795
2889 3.485600
2890 3.548253
2891 3.412377
2892 3.873783
2893 3.651716
2894 3.513091
2895 3.931656
2896 3.720716
2897 3.334205
2898 3.491561
2899 3.339266
2900 3.246243
2901 3.239291
2902 3.491999
2903 3.540817
2904 3.538767
2905 3.347135
2906 3.362293
2907 3.394322
2908 3.226934
2909 3.599569
2910 3.450593
2911 5.801845
2912 6.012630
2913 5.396458
2914 6.000008
2915 6.071651
2916 7.340652
2917 6.691150
2918 6.287814
2919 7.406950
2920 7.580833
2921 6.304747
2922 4.942045
2923 6.095284
2924 7.495105
2925 7.805410
2926 6.659170
2927 7.871762
2928 7.412678
2929 6.647885
2930 8.043315
2931 7.002932
2932 6.361455
2933 6.899100
2934 5.914894
2935 7.535129
2936 6.993729
2937 6.671481
2938 5.369493
2939 7.059165
2940 7.596976
2941 6.855501
2942 7.219538
2943 8.088675
2944 6.461901
2945 5.493320
2946 6.057428
2947 7.502085
2948 6.188470
2949 6.905509
2950 5.561050
2951 5.417622
2952 8.061723
2953 8.821168
2954 8.334173
2955 5.955579
2956 7.165104
2957 4.737900
2958 7.394066
2959 7.614268
2960 7.953980
2961 8.977017
2962 7.429087
2963 7.330080
2964 7.076201
2965 6.660534
2966 7.351662
2967 5.711836
2968 8.066602
2969 6.948586
2970 7.331668
2971 6.240031
2972 8.717528
2973 5.526898
2974 6.435116
2975 7.965430
2976 8.946539
2977 8.807059
2978 5.594546
2979 8.574434
2980 8.337690
2981 6.222244
2982 8.743149
2983 10.322659
2984 9.534937
2985 6.861059
2986 7.748922
2987 6.768771
2988 7.106848
2989 7.469482
2990 8.031292
2991 7.425014
2992 9.329484
2993 8.917507
2994 8.916194
2995 8.977757
2996 8.466690
2997 7.791931
2998 9.476777
2999 7.297240
3000 7.104851
3001 6.726281
3002 7.583249
3003 6.625875
3004 7.673702
3005 8.822686
3006 8.629838
3007 9.064359
3008 9.080031
3009 9.152599
3010 8.540937
3011 8.255628
3012 7.874930
3013 8.162517
3014 7.005971
3015 8.728369
3016 8.225825
3017 8.889443
3018 8.211071
3019 7.700624
3020 7.751937
3021 8.601125
3022 9.305898
3023 9.625743
3024 9.050705
3025 9.680505
3026 7.259072
3027 8.264398
3028 8.557979
3029 7.403039
3030 7.023101
3031 7.627114
3032 7.708282
3033 7.096625
3034 7.266376
3035 7.140699
3036 7.019177
3037 6.627198
3038 7.895810
3039 8.832091
3040 8.498054
3041 8.634681
3042 7.306030
3043 7.346146
3044 6.925336
3045 7.254359
3046 7.810415
3047 7.339957
3048 6.896758
3049 7.268913
3050 6.027800
3051 11.913194
3052 11.679899
3053 11.002399
3054 6.702364
3055 6.767545
3056 7.865074
3057 8.978781
3058 7.938424
3059 7.319629
3060 7.203918
3061 6.498934
3062 5.658733
3063 8.049428
3064 7.826300
3065 8.216489
3066 9.375344
3067 8.141831
3068 8.369341
3069 8.984616
3070 8.649647
3071 8.884571
3072 9.554488
3073 9.039044
3074 8.873406
3075 8.809916
3076 8.629055
3077 7.300745
3078 8.849606
3079 6.785561
3080 6.741454
3081 7.285440
3082 6.772637
3083 7.350707
3084 6.897861
3085 5.522626
3086 7.603804
3087 7.986657
3088 8.859045
3089 6.922913
3090 8.938201
3091 8.495540
3092 7.916100
3093 8.785589
3094 9.003210
3095 8.364817
3096 7.876569
3097 8.958453
3098 9.666157
3099 8.613005
3100 9.650717
3101 7.546270
3102 8.698241
3103 8.629030
3104 7.565593
3105 8.115290
3106 6.202299
3107 8.451780
3108 8.649860
3109 8.921643
3110 9.291706
3111 8.510200
3112 9.268624
3113 6.378351
3114 6.852020
3115 7.665286
3116 8.450047
3117 8.438221
3118 8.140731
3119 8.103820
3120 8.339342
3121 8.418694
3122 8.888023
3123 8.521811
3124 8.751377
3125 8.719160
3126 7.235878
3127 7.098796
3128 8.576246
3129 9.143725
3130 6.532454
3131 7.277977
3132 6.686772
3133 7.643895
3134 6.856485
3135 6.045971
3136 7.894851
3137 9.296122
3138 9.086415
3139 9.163111
3140 9.249336
3141 7.961910
3142 8.584403
3143 8.794646
3144 8.729847
3145 8.085503
3146 7.945249
3147 8.985968
3148 9.158432
3149 7.859962
3150 7.576897
3151 8.119658
3152 8.548890
3153 8.522902
3154 8.368209
3155 8.600937
3156 7.385868
3157 6.887981
3158 6.934076
3159 7.503958
3160 7.046098
3161 8.043412
3162 8.896996
3163 9.263929
3164 9.627335
3165 8.954793
3166 8.570664
3167 8.500906
3168 9.154041
3169 8.984259
3170 9.143767
3171 10.173581
3172 8.189449
3173 7.778700
3174 6.327293
3175 7.411148
3176 6.996321
3177 5.771825
3178 5.653131
3179 7.048126
3180 6.165398
3181 5.782211
3182 5.821922
3183 7.007913
3184 7.957970
3185 7.216813
3186 7.524958
3187 7.629208
3188 5.483221
3189 7.297761
3190 5.329298
3191 7.003101
3192 6.510011
3193 6.497451
3194 8.051440
3195 6.095515
3196 8.724017
3197 7.650262
3198 7.256588
3199 7.311012
3200 5.400971
3201 6.995064
3202 5.501597
3203 9.526998
3204 8.933472
3205 9.318605
3206 9.077030
3207 7.660901
3208 6.860201
3209 9.426921
3210 9.259419
3211 9.152145
3212 10.750595
3213 7.478915
3214 8.723368
3215 11.031430
3216 10.618203
3217 10.235098
3218 10.178748
3219 10.561455
3220 9.720887
3221 8.070161
3222 8.556220
3223 8.933134
3224 7.284124
3225 10.000367
3226 10.374589
3227 9.075679
3228 11.355411
3229 10.748013
3230 9.918656
3231 10.770377
3232 10.185836
3233 9.674103
3234 10.312325
3235 8.287654
3236 9.994102
3237 9.503147
3238 8.187030
3239 7.456346
3240 6.843222
3241 6.063239
3242 5.944924
3243 7.609705
3244 7.508575
3245 6.689433
3246 5.371167
3247 7.448714
3248 5.874672
3249 7.571538
3250 6.772497
3251 7.440651
3252 8.401720
3253 7.219836
3254 8.423975
3255 9.544116
3256 8.657826
3257 8.685819
3258 6.598194
3259 6.697862
3260 6.269928
3261 6.535822
3262 6.249239
3263 6.036297
3264 6.016189
3265 5.628522
3266 5.781498
3267 5.810872
3268 7.264084
3269 8.291070
3270 6.801805
3271 5.501810
3272 5.953160
3273 8.126701
3274 6.022938
3275 5.811797
3276 5.374055
3277 7.535338
3278 8.945358
3279 9.686681
3280 9.293576
3281 8.307592
3282 8.974078
3283 9.367652
3284 6.791547
3285 6.984826
3286 7.379128
3287 7.863657
3288 7.421654
3289 9.261131
3290 9.504987
3291 8.213577
3292 9.238035
3293 9.703829
3294 6.428515
3295 9.512986
3296 8.731647
3297 8.299193
3298 6.979640
3299 8.593220
3300 9.847702
3301 9.412741
3302 9.228398
3303 8.802739
3304 7.842293
3305 8.755904
3306 8.128231
3307 8.219748
3308 8.394044
3309 6.996984
3310 6.631475
3311 7.047052
3312 7.346843
3313 5.838959
3314 6.337829
3315 6.212015
3316 6.481053
3317 6.495924
3318 5.984419
3319 5.392606
3320 6.243123
3321 6.353313
3322 6.828954
3323 7.213170
3324 7.792765
3325 6.454313
3326 5.944774
3327 6.075078
3328 6.634869
3329 7.803555
3330 7.393415
3331 7.222024
3332 6.502578
3333 6.332819
3334 6.410693
3335 6.118708
3336 7.129841
3337 7.245485
3338 7.594025
3339 7.118677
3340 7.348430
3341 8.106006
3342 9.040429
3343 8.355200
3344 8.162636
3345 7.120799
3346 9.119975
3347 6.659594
3348 7.037737
3349 7.358436
3350 7.178343
3351 8.912113
3352 9.886704
3353 9.855766
3354 6.943009
3355 8.263688
3356 5.838645
3357 8.156731
3358 8.140821
3359 8.337113
3360 8.544991
3361 7.729495
3362 8.977998
3363 8.244792
3364 8.137013
3365 8.401777
3366 6.142525
3367 6.700076
3368 9.764565
3369 8.331841
3370 8.602014
3371 8.624969
3372 9.823300
3373 8.950359
3374 7.990658
3375 8.464122
3376 8.839244
3377 8.033390
3378 8.565804
3379 7.525933
3380 6.497468
3381 7.917096
3382 8.030850
3383 8.234982
3384 9.137056
3385 7.807773
3386 6.673810
3387 9.343415
3388 8.437349
3389 9.748072
3390 8.181765
3391 7.240259
3392 6.316914
3393 6.298229
3394 8.041510
3395 9.304689
3396 8.525661
3397 6.579069
3398 8.772578
3399 5.866932
3400 7.437749
3401 6.194169
3402 8.957752
3403 8.305045
3404 8.075225
3405 8.456222
3406 8.139987
3407 8.523212
3408 6.801569
3409 7.294368
3410 8.327343
3411 9.002257
3412 8.553505
3413 9.619503
3414 8.926221
3415 9.214975
3416 8.189220
3417 7.318749
3418 7.472649
3419 6.457107
3420 7.912459
3421 8.757996
3422 8.586508
3423 9.319345
3424 7.961242
3425 8.827017
3426 7.636868
3427 8.893983
3428 7.662811
3429 8.553110
3430 8.922653
3431 8.115076
3432 8.553615
3433 6.904463
3434 6.830889
3435 8.267799
3436 8.551139
3437 7.032315
3438 7.026843
3439 6.751126
3440 9.532737
3441 7.176363
3442 6.336593
3443 7.105077
3444 7.885467
3445 7.541375
3446 8.300712
3447 8.899843
3448 7.635155
3449 8.218424
3450 10.174645
3451 8.093719
3452 9.585430
3453 7.277546
3454 6.956443
3455 7.562721
3456 6.701510
3457 7.720810
3458 7.568686
3459 8.516738
3460 7.426336
3461 10.140323
3462 6.351483
3463 6.904866
3464 6.976343
3465 4.694400
3466 6.711726
3467 5.285162
3468 7.096817
3469 6.788884
3470 8.681872
3471 7.833903
3472 9.464136
3473 7.974296
3474 8.210977
3475 7.729852
3476 9.352121
3477 8.666930
3478 6.052318
3479 6.134215
3480 9.931673
3481 6.758124
3482 6.338998
3483 5.520926
3484 3.655720
3485 3.520737
3486 3.776166
3487 3.559802
3488 3.392844
3489 5.039385
3490 5.315506
3491 5.745510
3492 3.237162
3493 3.276110
3494 3.430843
3495 3.285701
3496 3.374759
3497 3.048801
3498 3.825628
3499 5.879335
3500 5.900789
3501 3.540664
3502 3.492519
3503 3.793903
3504 3.453768
3505 3.838804
3506 3.534530
3507 3.652480
3508 3.703432
3509 3.707613
3510 3.703081
3511 3.417177
3512 3.836120
3513 3.769708
3514 4.038316
3515 3.819180
3516 3.591238
3517 3.257763
3518 3.141227
3519 3.200705
3520 3.383327
3521 3.096194
3522 3.624942
3523 3.659327
3524 3.596917
3525 3.693306
3526 3.202092
3527 3.497379
3528 5.890668
3529 5.772956
3530 5.131217
3531 6.257018
3532 5.755857
3533 6.419884
3534 6.488596
3535 4.915720
3536 5.641293
3537 5.807017
3538 6.699074
3539 8.141283
3540 6.630644
3541 5.895844
3542 5.752328
3543 7.516137
3544 7.391411
3545 7.093110
3546 5.875282
3547 6.075723
3548 6.681355
3549 5.920102
3550 6.778471
3551 7.571009
3552 5.846958
3553 7.302536
3554 5.642952
3555 8.313158
3556 6.982217
3557 7.274484
3558 6.189398
3559 9.481374
3560 8.879077
3561 6.650370
3562 7.480381
3563 9.006166
3564 7.641194
3565 7.853951
3566 7.040269
3567 8.724460
3568 8.267535
3569 8.452186
3570 9.276966
3571 5.890087
3572 7.416488
3573 7.049806
3574 5.315409
3575 6.087499
3576 6.793649
3577 6.520806
3578 5.841413
3579 4.879870
3580 5.682614
3581 4.963573
3582 5.855768
3583 5.361541
3584 6.243982
3585 5.439692
3586 5.750907
3587 6.638144
3588 6.087183
3589 6.066789
3590 5.290841
3591 5.759632
3592 5.719308
3593 5.694504
3594 6.270136
3595 5.388655
3596 5.258778
3597 6.062104
3598 6.195850
3599 5.463554
3600 7.270686
3601 5.139755
3602 5.991102
3603 5.398937
3604 5.577508
3605 5.737624
3606 5.954466
3607 5.603733
3608 5.700272
3609 5.138351
3610 5.669013
3611 5.028090
3612 5.309596
3613 5.283996
3614 5.583520
3615 6.031518
3616 7.105332
3617 5.983973
3618 5.606787
3619 5.642679
3620 5.835561
3621 7.616320
3622 7.501122
3623 7.911574
3624 8.069880
3625 7.693280
3626 6.586358
3627 7.711277
3628 7.387427
3629 9.303036
3630 7.798726
3631 7.643527
3632 7.278645
3633 7.273191
3634 7.123466
3635 8.381186
3636 8.217200
3637 8.616759
3638 7.811457
3639 9.448146
3640 9.280444
3641 9.313122
3642 7.750856
3643 8.198878
3644 7.277884
3645 8.218575
3646 8.822674
3647 8.821119
3648 9.401196
3649 6.799148
3650 7.538901
3651 5.674250
3652 8.204940
3653 5.231833
3654 5.613456
3655 5.132545
3656 5.059506
3657 6.360265
3658 6.562578
3659 7.707208
3660 5.651237
3661 6.379345
3662 5.528859
3663 5.300397
3664 6.661963
3665 6.082279
3666 5.884977
3667 5.481121
3668 7.689010
3669 9.171883
3670 10.139272
3671 8.692900
3672 8.873158
3673 9.042448
3674 9.756609
3675 9.672740
3676 9.701178
3677 9.743744
3678 9.659201
3679 8.710413
3680 10.101809
3681 6.735008
3682 7.632787
3683 7.433316
3684 7.696218
3685 7.016853
3686 6.912344
3687 6.099466
3688 6.468300
3689 7.171751
3690 5.355468
3691 7.370791
3692 7.803925
3693 6.789654
3694 6.068455
3695 5.474234
3696 6.249940
3697 6.057763
3698 6.150553
3699 6.869946
3700 6.033812
3701 7.334342
3702 8.081670
3703 8.814469
3704 8.512710
3705 9.103027
3706 7.424356
3707 7.398690
3708 6.758373
3709 6.698428
3710 6.328842
3711 6.043602
3712 5.750004
3713 7.152383
3714 5.857126
3715 7.253214
3716 6.909537
3717 7.564583
3718 7.462211
3719 6.254795
3720 6.313842
3721 8.241090
3722 7.407684
3723 6.426701
3724 8.456068
3725 6.594808
3726 7.496756
3727 7.452371
3728 6.421676
3729 3.792094
3730 3.669249
3731 3.765450
3732 3.673649
3733 3.946153
3734 3.793492
3735 5.789250
3736 8.612041
3737 7.985894
3738 5.499362
3739 5.536104
3740 7.640458
3741 8.103895
3742 5.972494
3743 7.420516
3744 5.150892
3745 6.622518
3746 3.804232
3747 3.490647
3748 3.718077
3749 3.670327
3750 3.913386
3751 3.524913
3752 3.542906
3753 3.579192
3754 3.933409
3755 3.711104
3756 3.875232
3757 3.779394
3758 3.831500
3759 3.622669
3760 3.540668
3761 3.749280
3762 3.882538
3763 3.735263
3764 3.628307
3765 3.696596
3766 3.936561
3767 3.734077
3768 3.504807
3769 3.752985
3770 5.848590
3771 3.574494
3772 3.654082
3773 4.005406
3774 3.678707
3775 3.584772
3776 3.746550
3777 4.097685
3778 3.613818
3779 3.670439
3780 3.800185
3781 3.591061
3782 3.821074
3783 3.797657
3784 3.658319
3785 3.740384
3786 3.874202
3787 3.493909
3788 3.715214
3789 3.679455
3790 7.946354
3791 5.479660
3792 8.374835
3793 8.128177
3794 7.736876
3795 7.692322
3796 5.740664
3797 5.118634
3798 5.907935
3799 3.815483
3800 3.946863
3801 3.669944
3802 3.798870
3803 3.742513
3804 3.908158
3805 3.526331
3806 3.740671
3807 3.517583
3808 3.403538
3809 3.074162
3810 3.876874
3811 3.465330
3812 3.475027
3813 5.596794
3814 6.492690
3815 6.616564
3816 8.232818
3817 9.739936
3818 9.418798
3819 7.420247
3820 6.149870
3821 4.901292
3822 6.298857
3823 7.023518
3824 6.270922
3825 6.603965
3826 4.733981
3827 6.328914
3828 5.146966
3829 5.793747
3830 6.248596
3831 6.751774
3832 8.700195
3833 10.652866
3834 8.862822
3835 8.591174
3836 8.028048
3837 8.479702
3838 8.570897
3839 8.676810
3840 5.473899
3841 6.776817
3842 6.865824
3843 8.933283
3844 7.684282
3845 8.609956
3846 7.284929
3847 8.776587
3848 8.030398
3849 8.641415
3850 9.622478
3851 9.294255
3852 8.500884
3853 9.319971
3854 9.588877
3855 5.952990
3856 5.919206
3857 7.011114
3858 6.700788
3859 5.119377
3860 7.045722
3861 8.379532
3862 7.320199
3863 7.506162
3864 8.682771
3865 9.115103
3866 9.714901
3867 7.060328
3868 6.428957
3869 9.030716
3870 8.796561
3871 8.522212
3872 8.329131
3873 9.013484
3874 8.380129
3875 9.073449
3876 7.856013
3877 7.020157
3878 7.883685
3879 7.572411
3880 6.024995
3881 7.781755
3882 9.087187
3883 8.027981
3884 8.942816
3885 6.044536
3886 7.386132
3887 7.437561
3888 6.061498
3889 6.725616
3890 6.722809
3891 6.825787
3892 6.434954
3893 7.300657
3894 8.008787
3895 8.798164
3896 9.696334
3897 8.686860
3898 9.049679
3899 8.063624
3900 8.462629
3901 7.755116
3902 9.790923
3903 7.600164
3904 6.476340
3905 7.516494
3906 4.889590
3907 6.292251
3908 6.260327
3909 7.326143
3910 7.906011
3911 7.783862
3912 9.832408
3913 9.196178
3914 10.597994
3915 9.565200
3916 9.989501
3917 9.762709
3918 8.993300
3919 9.095994
3920 9.513485
3921 9.456876
3922 8.949597
3923 10.071617
3924 8.373700
3925 9.375705
3926 10.107660
3927 9.796901
3928 8.533243
3929 9.668979
3930 8.867361
3931 9.570962
3932 8.856605
3933 9.843502
3934 8.884074
3935 9.092690
3936 9.926160
3937 9.223121
3938 10.723451
3939 9.406562
3940 8.923017
3941 8.845222
3942 7.357675
3943 8.371397
3944 8.468925
3945 8.369626
3946 7.280238
3947 6.282756
3948 5.472011
3949 7.206133
3950 7.459078
3951 5.089737
3952 5.636568
3953 6.684052
3954 6.513724
3955 7.933812
3956 7.341526
3957 9.139046
3958 8.767730
3959 9.081544
3960 9.316334
3961 8.767805
3962 8.863481
3963 7.592501
3964 6.378599
3965 6.210386
3966 5.916028
3967 7.165663
3968 9.260026
3969 5.107143
3970 5.302792
3971 5.962269
3972 6.876109
3973 6.061079
3974 4.664515
3975 4.579092
3976 4.483358
3977 4.277294
3978 6.378516
3979 6.272075
3980 5.975642
3981 6.529650
3982 5.600570
3983 6.322175
3984 6.717560
3985 8.949195
3986 8.498757
3987 9.328686
3988 8.537792
3989 8.316911
3990 8.304110
3991 5.306793
3992 5.878314
3993 6.797830
3994 7.199793
3995 6.429637
3996 5.696818
3997 6.262915
3998 7.616317
3999 7.336189
4000 7.793800
4001 8.913839
4002 8.394459
4003 8.698124
4004 8.463435
4005 6.196880
4006 7.183558
4007 9.106096
4008 9.068770
4009 9.611095
4010 7.561513
4011 8.273001
4012 8.010313
4013 6.099131
4014 6.794674
4015 7.696458
4016 5.599813
4017 5.820045
4018 6.460597
4019 5.607075
4020 7.607386
4021 9.106860
4022 9.403266
4023 9.043706
4024 8.273847
4025 8.649883
4026 7.807718
4027 8.614429
4028 8.407486
4029 8.499028
4030 7.538582
4031 7.076802
4032 5.805631
4033 6.795142
4034 6.850288
4035 8.698952
4036 8.573305
4037 6.124195
4038 6.934281
4039 7.331302
4040 5.941229
4041 6.341237
4042 7.203761
4043 6.371232
4044 7.980439
4045 6.663821
4046 8.401820
4047 8.074882
4048 9.271602
4049 8.638382
4050 9.266586
4051 9.251797
4052 9.266893
4053 9.319017
4054 8.965838
4055 7.974649
4056 6.574804
4057 7.365770
4058 7.351448
4059 6.192294
4060 7.325184
4061 7.951057
4062 6.133917
4063 7.401114
4064 7.222830
4065 7.399249
4066 6.729974
4067 6.711636
4068 5.938254
4069 5.791014
4070 7.504291
4071 7.112700
4072 6.174310
4073 7.080214
4074 7.296103
4075 6.237586
4076 7.806217
4077 7.981608
4078 7.193679
4079 7.728655
4080 7.173801
4081 6.476203
4082 6.746638
4083 6.568909
4084 5.279184
4085 6.333882
4086 6.438590
4087 5.000699
4088 5.945762
4089 3.696836
4090 7.912941
4091 9.106891
4092 9.681799
4093 10.634126
4094 8.882081
4095 8.424267
4096 9.894190
4097 9.567475
4098 8.324719
4099 9.213547
4100 9.518670
4101 8.918171
4102 8.441488
4103 6.589248
4104 5.933725
4105 7.045302
4106 4.790678
4107 6.995214
4108 7.717764
4109 6.126208
4110 5.415567
4111 5.316636
4112 8.257296
4113 7.647802
4114 7.159086
4115 7.060901
4116 4.723819
4117 4.825983
4118 5.772356
4119 8.080358
4120 8.034380
4121 6.461739
4122 6.414251
4123 6.082798
4124 5.681559
4125 7.471842
4126 7.087553
4127 9.462898
4128 6.604078
4129 6.342049
4130 7.427891
4131 5.738194
4132 6.156348
4133 6.190786
4134 7.293853
4135 9.144554
4136 10.299837
4137 9.190492
4138 9.484226
4139 8.883246
4140 8.660335
4141 8.945810
4142 9.583114
4143 8.714154
4144 9.204709
4145 7.496442
4146 4.957199
4147 9.027202
4148 8.640617
4149 7.626494
4150 8.057235
4151 7.303395
4152 8.889131
4153 9.145324
4154 8.646130
4155 9.733478
4156 9.268634
4157 9.430277
4158 9.116033
4159 8.406402
4160 9.163376
4161 9.434624
4162 6.693535
4163 5.623328
4164 6.454047
4165 4.947841
4166 5.878484
4167 6.734282
4168 6.467837
4169 4.978678
4170 7.948744
4171 7.066267
4172 9.748689
4173 9.043037
4174 7.360679
4175 7.184412
4176 7.426228
4177 8.658675
4178 8.747190
4179 9.505036
4180 9.084435
4181 7.043771
4182 5.667638
4183 5.423452
4184 6.217507
4185 6.517871
4186 6.210767
4187 4.893874
4188 5.991737
4189 6.151628
4190 6.646813
4191 5.548131
4192 6.304875
4193 5.241495
4194 5.530536
4195 5.256557
4196 4.424397
4197 5.907485
4198 7.580697
4199 7.539768
4200 6.450091
4201 5.702730
4202 6.351190
4203 6.869850
4204 8.367009
4205 7.379160
4206 6.144507
4207 5.678151
4208 7.172959
4209 7.059890
4210 6.180259
4211 5.709403
4212 7.803107
4213 5.775767
4214 7.515457
4215 6.430062
4216 7.265944
4217 7.041522
4218 5.694744
4219 4.705487
4220 5.794809
4221 8.596210
4222 6.897490
4223 8.638369
4224 6.522316
4225 7.871982
4226 7.558167
4227 8.179982
4228 7.675447
4229 7.580644
4230 9.060624
4231 9.700057
4232 7.391171
4233 8.312318
4234 7.677275
4235 6.803625
4236 7.402036
4237 8.796850
4238 8.988554
4239 8.262081
4240 7.524173
4241 8.918794
4242 9.709528
4243 8.970888
4244 8.762997
4245 8.447844
4246 8.611643
4247 7.878543
4248 9.677302
4249 8.819717
4250 8.062037
4251 8.873669
4252 9.104495
4253 7.742593
4254 8.391080
4255 7.995665
4256 6.034870
4257 6.357584
4258 8.549394
4259 8.310511
4260 8.072194
4261 6.949975
4262 7.006016
4263 8.571492
4264 8.438306
4265 7.289350
4266 7.613672
4267 9.424299
4268 7.951863
4269 8.202186
4270 8.349251
4271 8.026278
4272 6.834011
4273 5.879144
4274 5.867557
4275 5.712743
4276 4.854245
4277 5.957467
4278 4.352860
4279 3.478088
4280 3.352033
4281 3.367566
4282 3.491028
4283 3.148784
4284 3.162976
4285 3.193137
4286 3.378064
4287 3.482385
4288 3.132875
4289 3.079758
4290 3.415417
4291 3.120143
4292 3.232011
4293 3.271173
4294 3.360806
4295 3.246917
4296 3.556434
4297 3.329351
4298 3.152490
4299 3.500255
4300 3.100920
4301 3.250938
4302 3.264567
4303 3.580140
4304 3.525462
4305 3.456314
4306 3.256335
4307 3.858212
4308 3.742778
4309 3.160775
4310 3.772986
4311 3.387242
4312 3.305482
4313 3.418114
4314 3.185420
4315 3.601179
4316 3.895407
4317 3.257442
4318 3.749639
4319 3.300353
4320 3.756557
4321 3.800552
4322 3.241944
4323 3.644899
4324 3.413429
4325 3.279188
4326 3.807963
4327 3.485554
4328 3.069525
4329 3.709161
4330 3.749268
4331 5.675185
4332 6.687847
4333 3.916377
4334 3.356321
4335 3.795745
4336 3.515707
4337 3.638283
4338 3.543719
4339 3.819448
4340 3.631762
4341 3.636305
4342 3.324786
4343 3.544394
4344 3.725293
4345 3.424927
4346 3.671114
4347 5.656335
4348 5.832710
4349 5.575158
4350 3.674520
4351 6.329944
4352 5.260780
4353 7.999234
4354 5.182430
4355 6.629791
4356 5.288723
4357 6.642511
4358 5.867271
4359 5.955900
4360 5.181310
4361 6.245781
4362 5.964899
4363 6.327484
4364 9.616558
4365 8.125733
4366 8.978291
4367 8.529723
4368 8.365853
4369 9.471057
4370 9.040652
4371 9.177050
4372 8.913496
4373 9.709936
4374 7.410275
4375 7.659739
4376 7.752445
4377 8.093339
4378 8.778572
4379 9.689490
4380 9.705718
4381 7.923191
4382 6.978849
4383 6.085076
4384 7.498568
4385 5.833943
4386 3.777580
4387 5.045000
4388 6.826827
4389 7.545740
4390 5.037152
4391 5.577286
4392 6.383027
4393 5.620408
4394 7.088141
4395 5.098008
4396 5.033149
4397 5.443905
4398 5.461877
4399 7.742464
4400 8.540975
4401 3.764360
4402 3.698183
4403 3.469252
4404 3.624489
4405 3.844029
4406 5.112571
4407 7.208672
4408 6.389432
4409 5.530308
4410 5.662868
4411 5.387589
4412 5.163912
4413 5.955179
4414 5.610613
4415 5.987679
4416 8.288373
4417 8.319571
4418 5.571167
4419 7.043895
4420 5.582559
4421 8.925430
4422 7.936815
4423 8.238278
4424 6.508616
4425 5.340909
4426 5.721027
4427 5.455731
4428 5.246986
4429 7.303631
4430 6.815426
4431 7.349403
4432 5.440470
4433 5.114390
4434 5.466162
4435 5.905733
4436 6.519806
4437 6.774797
4438 6.175004
4439 6.263978
4440 6.274305
4441 5.235084
4442 5.649564
4443 6.149168
4444 5.609725
4445 4.627687
4446 6.082676
4447 5.623110
4448 6.300970
4449 5.323926
4450 6.941477
4451 8.696287
4452 6.822336
4453 5.604330
4454 6.041274
4455 8.302111
4456 7.349623
4457 7.740166
4458 9.224854
4459 9.256251
4460 9.240371
4461 8.390595
4462 8.022002
4463 9.161269
4464 6.843373
4465 8.929441
4466 7.419703
4467 5.830651
4468 7.182857
4469 8.884006
4470 8.490942
4471 8.600606
4472 8.832293
4473 5.773264
4474 3.769477
4475 5.676309
4476 6.159753
4477 6.368988
4478 5.728918
4479 8.109967
4480 6.557139
4481 5.592574
4482 6.376335
4483 5.012084
4484 7.143524
4485 6.429443
4486 6.137838
4487 5.854959
4488 4.889389
4489 5.045053
4490 6.096562
4491 4.595589
4492 5.225676
4493 5.830213
4494 6.913702
4495 6.075379
4496 5.749373
4497 5.846339
4498 7.389893
4499 6.607214
4500 6.078143
4501 6.734912
4502 6.325925
4503 6.683267
4504 8.848422
4505 8.945097
4506 8.528497
4507 7.677770
4508 7.774021
4509 8.409200
4510 8.108286
4511 7.878236
4512 6.157032
4513 4.828292
4514 8.563437
4515 6.021849
4516 5.805775
4517 6.979490
4518 6.254320
4519 7.142395
4520 5.885151
4521 6.738196
4522 6.507215
4523 5.777576
4524 6.582867
4525 7.421664
4526 6.099723
4527 5.383512
4528 5.787270
4529 6.055697
4530 6.085023
4531 4.041460
4532 3.765329
4533 3.391016
4534 3.839827
4535 3.121364
4536 3.512377
4537 3.772147
4538 3.799699
4539 3.984592
4540 4.093043
4541 3.637722
4542 3.640303
4543 3.709584
4544 3.824943
4545 4.514472
4546 4.787790
4547 6.082798
4548 6.296871
4549 5.319484
4550 7.391817
4551 6.422965
4552 4.790213
4553 5.062864
4554 6.545582
4555 6.483870
4556 6.278838
4557 5.672084
4558 7.475733
4559 10.671274
4560 8.743983
4561 8.579171
4562 8.942047
4563 7.729097
4564 7.404484
4565 7.257510
4566 4.970898
4567 5.720648
4568 7.542974
4569 5.494304
4570 3.868477
4571 3.254795
4572 3.203280
4573 3.118944
4574 3.235260
4575 3.109612
4576 3.430008
4577 3.170697
4578 3.539900
4579 3.216287
4580 3.591854
4581 3.137296
4582 3.842757
4583 3.299167
4584 3.483503
4585 3.447608
4586 3.998672
4587 3.828448
4588 3.498587
4589 3.628018
4590 3.757368
4591 3.642446
4592 3.411669
4593 3.339508
4594 3.593729
4595 3.616826
4596 3.347077
4597 3.878775
4598 3.262835
4599 3.178444
4600 3.769735
4601 3.394516
4602 3.305828
4603 3.571105
4604 3.279113
4605 3.618946
4606 3.894277
4607 3.313747
4608 3.345356
4609 3.632096
4610 3.263403
4611 3.556475
4612 3.606449
4613 3.384981
4614 3.619421
4615 3.792432
4616 3.298578
4617 3.374032
4618 3.493721
4619 3.807337
4620 3.453204
4621 3.351940
4622 3.440261
4623 3.756010
4624 3.529718
4625 5.064781
4626 5.106985
4627 5.221142
4628 3.506581
4629 3.723238
4630 3.560181
4631 3.320395
4632 3.596554
4633 3.624171
4634 3.407961
4635 3.414626
4636 3.976105
4637 3.580698
4638 3.920472
4639 3.502112
4640 3.247060
4641 3.434545
4642 3.575670
4643 3.850530
4644 3.745799
4645 3.599522
4646 3.699693
4647 3.788429
4648 3.404984
4649 3.571487
4650 3.593297
4651 3.644975
4652 3.489116
4653 3.384727
4654 3.367702
4655 4.026411
4656 3.417064
4657 3.604967
4658 3.708286
4659 3.444198
4660 3.592268
4661 3.412697
4662 3.282573
4663 3.964315
4664 3.564872
4665 3.568279
4666 3.547536
4667 3.365886
4668 3.403186
4669 3.566430
4670 3.591234
4671 3.578462
4672 3.144058
4673 3.468946
4674 3.633540
4675 3.467808
4676 3.643599
4677 3.719503
4678 3.658673
4679 3.793863
4680 3.749947
4681 3.418023
4682 3.411587
4683 3.841680
4684 3.370384
4685 3.380444
4686 3.266714
4687 3.481517
4688 3.569104
4689 3.215210
4690 3.387299
4691 3.834323
4692 3.514167
4693 3.710223
4694 3.561759
4695 3.399351
4696 3.321592
4697 3.255934
4698 3.547181
4699 3.332324
4700 3.248401
4701 3.506037
4702 3.372195
4703 3.283730
4704 3.463439
4705 3.346443
4706 3.625411
4707 3.524202
4708 3.178946
4709 3.356335
4710 3.827911
4711 3.692235
4712 3.304480
4713 3.795471
4714 3.798865
4715 3.360610
4716 3.723483
4717 3.375746
4718 3.642060
4719 3.298621
4720 3.327024
4721 3.302197
4722 3.544661
4723 3.397014
4724 3.455040
4725 3.584495
4726 3.292245
4727 3.383814
4728 3.619514
4729 3.378541
4730 3.977602
4731 3.376167
4732 3.356325
4733 3.674258
4734 3.221304
4735 3.596730
4736 3.583199
4737 3.215365
4738 3.282002
4739 3.276047
4740 3.492779
4741 3.287384
4742 3.146364
4743 4.162559
4744 3.446699
4745 3.450190
4746 3.310424
4747 3.140920
4748 3.199471
4749 3.265888
4750 3.430351
4751 3.118684
4752 3.413659
4753 3.206446
4754 3.192018
4755 3.221487
4756 3.257334
4757 7.785309
4758 6.618230
4759 6.177742
4760 6.340588
4761 5.246098
4762 3.612233
4763 3.459314
4764 3.590391
4765 3.196798
4766 3.480501
4767 3.611886
4768 3.852906
4769 3.073390
4770 3.788761
4771 3.230252
4772 3.223135
4773 3.752342
4774 3.525142
4775 3.122194
4776 3.165531
4777 3.288979
4778 3.743262
4779 3.200952
4780 3.252704
4781 3.172430
4782 3.110659
4783 3.317244
4784 3.897001
4785 3.572900
4786 3.575069
4787 3.827440
4788 3.109569
4789 3.729850
4790 3.064702
4791 3.192119
4792 3.588401
4793 3.604817
4794 3.713411
4795 3.882709
4796 3.663723
4797 3.438679
4798 3.852608
4799 4.007088
4800 3.643762
4801 3.779866
4802 3.100807
4803 3.238969
4804 3.448552
4805 3.549095
4806 3.790687
4807 3.754742
4808 3.684200
4809 3.860426
4810 3.116459
4811 4.361075
4812 6.214900
4813 8.981525
4814 10.093053
4815 9.419624
4816 8.926935
4817 8.405198
4818 8.727571
4819 8.053866
4820 8.581038
4821 8.218521
4822 9.108266
4823 8.981343
4824 9.070242
4825 7.594213
4826 7.443802
4827 5.864648
4828 6.738529
4829 5.724562
4830 6.181478
4831 5.413028
4832 6.262663
4833 6.418761
4834 6.118832
4835 5.643660
4836 4.929049
4837 8.823628
4838 9.303109
4839 9.306931
4840 7.650187
4841 5.846555
4842 9.955270
4843 8.627101
4844 8.248399
4845 8.609957
4846 8.612610
4847 9.302541
4848 9.060208
4849 10.475753
4850 8.997504
4851 9.619335
4852 9.265485
4853 9.596658
4854 8.595614
4855 8.557693
4856 9.267822
4857 8.962447
4858 8.953774
4859 9.507874
4860 11.336967
4861 10.237310
4862 7.735278
4863 7.557175
4864 6.202354
4865 8.003187
4866 6.275868
4867 6.716589
4868 5.591539
4869 6.245909
4870 4.952835
4871 6.779600
4872 3.628182
4873 3.531430
4874 3.937614
4875 3.699814
4876 5.315113
4877 8.643932
4878 7.186893
4879 9.101413
4880 9.653198
4881 8.692994
4882 7.861974
4883 8.851243
4884 8.223413
4885 8.705096
4886 8.420242
4887 4.753953
4888 4.942771
4889 5.363033
4890 7.103480
4891 7.636031
4892 8.439280
4893 7.282947
4894 6.957626
4895 5.306916
4896 6.109845
4897 5.978204
4898 5.981373
4899 6.534192
4900 7.218150
4901 9.530713
4902 10.213367
4903 6.191395
4904 8.454730
4905 8.191978
4906 7.741871
4907 6.066515
4908 6.314559
4909 7.421106
4910 6.300652
4911 7.474736
4912 6.807015
4913 5.648430
4914 5.759696
4915 6.134250
4916 5.831073
4917 5.363489
4918 6.620155
4919 8.789284
4920 7.982713
4921 7.477260
4922 7.893878
4923 7.682762
4924 6.898674
4925 8.918771
4926 9.246048
4927 9.532225
4928 9.811765
4929 9.799337
4930 8.741520
4931 6.909513
4932 8.731426
4933 8.559289
4934 8.762706
4935 8.140941
4936 8.967971
4937 9.543854
4938 6.333785
4939 7.927757
4940 6.486377
4941 6.472852
4942 8.083719
4943 10.380729
4944 9.912063
4945 6.822007
4946 6.087382
4947 7.596506
4948 8.471652
4949 7.268909
4950 8.331362
4951 7.047229
4952 7.160417
4953 7.106625
4954 5.878354
4955 5.940682
4956 7.278230
4957 8.574713
4958 7.233558
4959 7.482010
4960 9.224808
4961 7.493791
4962 8.793098
4963 7.987617
4964 7.054554
4965 7.378858
4966 6.447766
4967 7.328504
4968 6.672818
4969 6.235834
4970 5.867016
4971 6.258894
4972 5.161054
4973 5.876438
4974 6.129574
4975 5.256521
4976 8.248424
4977 5.281187
4978 8.919935
4979 7.325283
4980 6.738747
4981 9.344953
4982 8.407456
4983 7.987041
4984 8.921247
4985 8.307394
4986 8.974245
4987 6.340733
4988 9.247495
4989 7.667001
4990 6.979840
4991 5.966783
4992 6.410217
4993 6.388346
4994 6.243764
4995 7.064466
4996 7.592564
4997 7.088531
4998 6.017556
4999 7.444212
5000 6.427281
5001 8.546897

