0 5.250164
1 9.208419
2 9.004717
3 9.572011
4 9.419580
5 10.391420
6 7.775377
7 7.590878
8 7.923117
9 8.094027
10 8.200523
11 6.476954
12 7.458846
13 7.735386
14 7.483388
15 9.061279
16 9.891746
17 9.223065
18 9.639847
19 9.007878
20 8.084690
21 9.012548
22 8.792811
23 10.112156
24 9.398582
25 9.727365
26 8.205877
27 10.334990
28 9.742730
29 7.490935
30 7.651917
31 6.014891
32 6.390728
33 6.394936
34 5.459911
35 8.360773
36 8.011121
37 8.703617
38 8.369264
39 8.172232
40 8.973619
41 9.531093
42 8.507056
43 9.046272
44 8.209997
45 8.948954
46 8.420881
47 7.675193
48 10.511198
49 9.565471
50 8.754852
51 8.428731
52 8.726854
53 7.996057
54 8.435421
55 9.200438
56 9.079838
57 9.203440
58 10.540986
59 8.888066
60 7.485508
61 8.905313
62 6.891141
63 7.619470
64 8.059772
65 7.843048
66 5.736273
67 7.003157
68 6.127521
69 6.220224
70 5.869122
71 6.005434
72 5.884384
73 5.997886
74 5.525006
75 5.788803
76 5.979483
77 6.203887
78 6.192422
79 7.774796
80 8.325556
81 8.794933
82 8.546286
83 8.205593
84 8.941061
85 8.125875
86 7.703988
87 9.191149
88 7.248844
89 6.678030
90 5.435321
91 7.106965
92 6.408398
93 7.883609
94 8.179326
95 7.917684
96 8.741910
97 9.528389
98 8.128187
99 7.783788
100 7.338598
101 7.795108
102 8.646900
103 7.615998
104 8.556412
105 6.471821
106 6.215242
107 6.397449
108 8.436789
109 8.379799
110 7.641759
111 8.230223
112 8.179152
113 9.014547
114 7.787515
115 8.177987
116 6.036833
117 5.372419
118 5.751602
119 5.244627
120 6.196017
121 7.417451
122 8.590836
123 8.383876
124 7.097584
125 6.391169
126 6.606881
127 7.884177
128 5.912306
129 7.557888
130 8.217407
131 8.299330
132 7.606906
133 8.110945
134 7.683007
135 8.074786
136 7.261699
137 9.604429
138 8.083091
139 8.122103
140 7.225328
141 7.440513
142 7.669479
143 8.369730
144 8.073775
145 8.667000
146 8.928699
147 7.265515
148 8.285678
149 8.232861
150 7.464969
151 6.492564
152 7.869954
153 8.573152
154 8.117807
155 8.668367
156 8.541327
157 9.503112
158 7.742769
159 7.450656
160 7.028158
161 8.827080
162 7.880021
163 8.667071
164 7.861326
165 9.123385
166 7.552961
167 6.185937
168 5.819327
169 7.046436
170 7.943331
171 6.669529
172 6.389285
173 7.078650
174 6.349144
175 6.417636
176 6.277937
177 6.381138
178 7.180664
179 6.532402
180 7.719915
181 7.785917
182 7.322045
183 8.566029
184 8.093346
185 8.359145
186 7.369518
187 8.188216
188 8.318238
189 8.492804
190 7.505635
191 7.857231
192 8.432137
193 8.629658
194 8.551151
195 7.618543
196 8.466057
197 7.810722
198 7.903330
199 8.463552
200 8.445601
201 6.570759
202 7.787495
203 8.297264
204 8.817583
205 8.993599
206 8.285956
207 9.689047
208 7.405489
209 9.829109
210 7.758520
211 7.815420
212 6.435346
213 7.487028
214 5.653041
215 5.930901
216 5.737041
217 5.798136
218 6.173433
219 6.181305
220 3.746799
221 3.715113
222 3.758257
223 3.887454
224 4.142573
225 3.788861
226 3.704123
227 3.525253
228 3.705485
229 3.719493
230 3.700351
231 3.911550
232 3.306572
233 3.768206
234 5.754625
235 6.159304
236 6.271529
237 6.353177
238 6.990651
239 8.888140
240 6.491881
241 8.722041
242 10.007784
243 9.859031
244 8.288098
245 9.716353
246 6.458467
247 8.077381
248 10.678013
249 6.598438
250 9.172791
251 8.036798
252 8.885207
253 7.922843
254 7.766521
255 8.249633
256 8.211374
257 7.863456
258 6.499117
259 7.598447
260 8.806953
261 8.391975
262 8.447594
263 6.865320
264 8.040730
265 8.028154
266 7.031911
267 7.198377
268 6.792050
269 7.819154
270 8.471531
271 7.076224
272 6.506475
273 6.450388
274 7.910535
275 6.246194
276 7.888751
277 6.443647
278 7.760593
279 7.250198
280 7.113974
281 7.706174
282 8.247951
283 8.435300
284 7.077773
285 7.806161
286 7.296882
287 8.318615
288 8.278565
289 7.767839
290 8.331739
291 8.609065
292 6.548912
293 8.145905
294 8.077855
295 8.690989
296 7.457915
297 8.002810
298 8.055513
299 8.014624
300 7.452073
301 7.725320
302 7.840060
303 8.007360
304 8.252949
305 6.575871
306 6.152312
307 5.982037
308 6.260587
309 6.034478
310 6.527224
311 6.347900
312 7.614322
313 6.525746
314 5.591039
315 5.597803
316 6.483751
317 6.693807
318 6.285805
319 6.158598
320 6.156673
321 8.208414
322 9.672631
323 8.242693
324 8.824627
325 6.456974
326 6.212224
327 7.360035
328 8.343354
329 8.644198
330 7.410078
331 6.341382
332 5.951725
333 7.311649
334 8.659089
335 7.013517
336 7.514593
337 6.627584
338 7.495584
339 6.787819
340 6.003795
341 6.101190
342 6.312050
343 6.747995
344 7.088167
345 6.701289
346 8.347742
347 5.931245
348 5.369041
349 5.935747
350 6.607677
351 5.935157
352 6.477632
353 6.485784
354 7.386143
355 5.714868
356 6.344179
357 3.832452
358 3.706940
359 3.775740
360 4.007569
361 3.804078
362 3.537458
363 5.194169
364 3.747334
365 3.602486
366 3.900794
367 3.734716
368 3.825977
369 4.037338
370 3.704994
371 3.644984
372 3.719029
373 3.832191
374 4.020375
375 3.610441
376 3.710488
377 3.884368
378 3.825677
379 3.831136
380 3.808769
381 5.433362
382 3.968251
383 4.143935
384 3.896895
385 3.943742
386 4.077385
387 3.980971
388 3.859782
389 3.559410
390 3.937995
391 3.804014
392 3.764599
393 3.874031
394 3.803788
395 3.789679
396 3.875497
397 3.624111
398 3.935075
399 3.992546
400 3.879908
401 3.880132
402 6.562228
403 5.603123
404 5.613029
405 7.298292
406 8.168256
407 5.074115
408 5.973443
409 5.914464
410 5.619156
411 7.434560
412 7.363555
413 6.972933
414 7.892279
415 7.499197
416 7.379469
417 7.499782
418 7.029222
419 6.592061
420 7.493345
421 6.437599
422 5.424859
423 5.748333
424 6.364498
425 6.405348
426 6.197269
427 6.095384
428 6.283516
429 6.095059
430 5.627948
431 8.129016
432 9.804886
433 8.856739
434 7.657698
435 5.847693
436 5.905502
437 5.770317
438 3.827350
439 3.712210
440 3.722650
441 3.764850
442 3.787676
443 4.040176
444 3.599524
445 3.804659
446 3.860805
447 3.809052
448 3.858870
449 7.294777
450 7.450450
451 8.154274
452 8.695335
453 9.730788
454 9.828842
455 9.929684
456 9.366263
457 8.665878
458 7.610322
459 7.547942
460 7.682922
461 3.942596
462 3.978503
463 3.959656
464 5.936024
465 3.585794
466 3.796082
467 3.950709
468 3.800125
469 4.010052
470 7.476610
471 7.930021
472 7.938787
473 6.394202
474 5.239053
475 6.592823
476 6.174667
477 5.823154
478 5.915832
479 5.776788
480 6.210137
481 6.275824
482 6.040152
483 6.508534
484 6.192948
485 5.828259
486 6.155397
487 5.919477
488 7.430838
489 8.112218
490 7.523008
491 7.115231
492 8.654737
493 8.424937
494 6.960496
495 7.685213
496 7.731634
497 7.473293
498 6.092460
499 5.985067
500 6.299640
501 6.387738
502 5.801975
503 5.978980
504 5.998843
505 5.687221
506 6.213386
507 6.810492
508 8.571987
509 7.800499
510 8.311741
511 8.725586
512 8.607211
513 7.466840
514 10.626450
515 8.312376
516 9.221221
517 8.251557
518 9.063348
519 8.359917
520 8.830241
521 8.777884
522 8.526915
523 7.240136
524 6.355645
525 6.569900
526 8.358721
527 8.763776
528 6.037854
529 8.758379
530 7.591293
531 8.433512
532 7.526153
533 6.732454
534 8.169951
535 7.926094
536 7.287149
537 8.105420
538 8.308973
539 6.859374
540 8.244669
541 7.952319
542 8.040405
543 8.230158
544 8.649560
545 7.993004
546 6.838559
547 6.153789
548 6.260176
549 5.348778
550 6.410883
551 7.608331
552 7.800873
553 9.367679
554 7.695117
555 8.283413
556 8.746327
557 9.519498
558 8.228909
559 7.719351
560 6.977129
561 8.704855
562 7.533685
563 7.704976
564 8.404340
565 7.940910
566 8.439299
567 8.272528
568 7.711744
569 8.128557
570 8.869549
571 8.660309
572 7.188401
573 7.229758
574 8.142196
575 7.594392
576 7.671434
577 8.094791
578 8.836147
579 8.627566
580 8.728490
581 8.409389
582 6.110229
583 6.186610
584 5.858655
585 5.918834
586 5.710537
587 5.426058
588 5.342491
589 5.695034
590 5.483836
591 6.686452
592 5.792552
593 5.676252
594 5.668326
595 5.904991
596 5.956033
597 5.506155
598 6.126124
599 6.371022
600 6.589966
601 6.475124
602 6.203296
603 7.932697
604 6.821575
605 5.905745
606 6.216244
607 6.242267
608 7.878635
609 9.161995
610 6.116239
611 6.198692
612 5.758708
613 7.807936
614 7.575106
615 7.773239
616 6.816994
617 7.587971
618 6.120468
619 6.974892
620 5.919195
621 7.562233
622 8.924448
623 7.311276
624 7.639876
625 9.311371
626 7.863237
627 9.341578
628 9.721178
629 10.889549
630 7.980104
631 8.663499
632 7.956840
633 8.406414
634 8.244739
635 7.917237
636 9.896921
637 8.174000
638 8.384336
639 9.308021
640 9.017430
641 8.874151
642 6.936812
643 7.659597
644 7.350820
645 7.453149
646 7.890278
647 7.636561
648 6.015861
649 6.118764
650 5.934788
651 5.927872
652 5.979002
653 6.104275
654 5.944027
655 5.616425
656 5.553854
657 5.495914
658 5.462924
659 5.940664
660 6.205750
661 6.789351
662 5.511806
663 5.783963
664 5.333824
665 5.533594
666 5.794829
667 5.906696
668 5.766090
669 6.075743
670 5.716625
671 5.889216
672 5.525048
673 5.507433
674 5.655672
675 5.550834
676 6.541826
677 5.450036
678 5.834897
679 6.089944
680 5.855541
681 5.892987
682 5.555088
683 7.225140
684 5.986326
685 6.581469
686 6.104298
687 6.169814
688 6.031937
689 5.767379
690 6.303595
691 5.893334
692 5.906607
693 6.408665
694 7.221016
695 5.541804
696 5.833941
697 5.992809
698 6.038887
699 6.071648
700 6.600137
701 7.707901
702 6.041091
703 8.228002
704 8.591564
705 7.865099
706 8.222555
707 8.129878
708 7.595880
709 9.023781
710 8.636477
711 8.472601
712 7.466313
713 8.016650
714 8.468829
715 8.630395
716 6.811502
717 8.156792
718 8.434848
719 9.196248
720 9.199017
721 9.375629
722 8.889768
723 8.873883
724 8.362082
725 8.450624
726 9.351180
727 8.801446
728 8.539791
729 8.907996
730 8.310365
731 7.846850
732 8.463317
733 8.736424
734 8.935016
735 8.021067
736 7.977822
737 8.403954
738 8.242241
739 8.849260
740 9.017501
741 8.949168
742 8.599374
743 8.533840
744 8.942872
745 8.410141
746 8.574406
747 8.255012
748 8.645308
749 8.850596
750 8.532046
751 8.138538
752 8.921556
753 8.462914
754 8.081204
755 8.254702
756 7.228994
757 8.917729
758 7.765637
759 8.662803
760 9.335253
761 8.542166
762 8.745767
763 8.626345
764 8.250118
765 8.581669
766 7.417745
767 7.735585
768 8.160794
769 8.499413
770 8.141456
771 6.948020
772 8.456905
773 7.862955
774 8.554873
775 8.023356
776 8.505669
777 8.822710
778 8.904721
779 8.242542
780 7.777165
781 8.033182
782 9.261036
783 8.690289
784 8.655151
785 8.619497
786 8.648810
787 8.785931
788 9.429888
789 9.151506
790 8.708289
791 8.912093
792 7.251830
793 8.659315
794 7.909647
795 9.418963
796 9.039676
797 9.520307
798 8.851909
799 8.858292
800 8.967873
801 9.403122
802 8.508096
803 6.750305
804 7.658327
805 7.494915
806 6.067651
807 7.474188
808 5.817053
809 6.386430
810 8.289682
811 8.419618
812 8.464162
813 7.923382
814 8.934907
815 7.609871
816 8.812328
817 8.168269
818 8.328985
819 8.673574
820 7.686594
821 8.608275
822 8.772873
823 7.196970
824 9.090043
825 9.449284
826 8.913745
827 7.815025
828 6.492177
829 6.737341
830 7.040954
831 5.839117
832 7.775268
833 6.186833
834 6.157228
835 5.788730
836 5.827870
837 7.494304
838 10.171856
839 9.193280
840 8.768996
841 9.244348
842 6.282434
843 6.302466
844 5.506264
845 5.505617
846 5.758549
847 6.491581
848 6.240904
849 7.985942
850 8.492506
851 7.642517
852 7.876867
853 8.347412
854 7.336277
855 6.215868
856 5.934761
857 5.649649
858 5.458250
859 5.354643
860 5.826190
861 6.847169
862 7.089958
863 7.286132
864 8.162263
865 8.091832
866 8.161359
867 8.786100
868 8.102778
869 8.331533
870 8.126678
871 8.543996
872 8.537810
873 7.840848
874 7.996040
875 8.597398
876 8.221396
877 7.720169
878 7.307138
879 8.195140
880 8.424117
881 7.861206
882 9.089905
883 8.461271
884 8.847891
885 7.243626
886 8.349021
887 9.239508
888 8.275286
889 8.637066
890 8.578580
891 8.007782
892 7.875912
893 8.101052
894 8.228876
895 8.293937
896 8.748031
897 7.767075
898 8.904083
899 8.717849
900 8.224255
901 9.085262
902 8.013516
903 9.240105
904 8.120651
905 8.381935
906 8.474767
907 7.531806
908 9.473465
909 8.555472
910 8.275031
911 6.446671
912 6.712269
913 6.147240
914 5.248062
915 6.530834
916 6.756712
917 7.046117
918 5.825464
919 6.232129
920 4.624048
921 5.333476
922 5.746488
923 5.640157
924 5.858343
925 7.941594
926 8.428591
927 8.527057
928 8.459287
929 8.041312
930 8.036258
931 7.738969
932 8.670834
933 8.281791
934 8.886476
935 6.546392
936 5.767327
937 8.737830
938 8.865244
939 7.550028
940 7.983454
941 8.276740
942 8.761970
943 8.134016
944 6.313057
945 5.621256
946 5.548229
947 6.942974
948 6.782628
949 8.234401
950 9.190523
951 7.910202
952 8.570994
953 10.477255
954 8.677706
955 8.621699
956 8.064381
957 7.512342
958 8.280733
959 8.673184
960 9.561597
961 6.339465
962 5.956266
963 3.680503
964 3.986114
965 3.711151
966 5.350265
967 5.907780
968 6.423504
969 7.186503
970 6.249259
971 6.482045
972 6.098934
973 6.117371
974 5.603042
975 6.097624
976 7.592132
977 6.180135
978 5.623140
979 6.409792
980 5.816279
981 5.815578
982 6.498500
983 6.409753
984 5.735793
985 5.889221
986 5.793286
987 6.414071
988 6.315384
989 5.887223
990 5.750132
991 6.313766
992 7.207906
993 6.163053
994 6.168840
995 5.988052
996 5.896245
997 5.863998
998 5.883928
999 6.590554
1000 6.776609
1001 8.302250
1002 9.863451
1003 8.081340
1004 8.150991
1005 8.158024
1006 7.452612
1007 8.312791
1008 8.817863
1009 9.164577
1010 8.864252
1011 9.059079
1012 9.341802
1013 7.619225
1014 8.573886
1015 7.528470
1016 8.332516
1017 9.478137
1018 8.189754
1019 9.836201
1020 9.169564
1021 9.099744
1022 8.627329
1023 9.243126
1024 8.839105
1025 8.953442
1026 9.376245
1027 8.081343
1028 6.103755
1029 6.993211
1030 6.379755
1031 5.885926
1032 6.226861
1033 6.319881
1034 5.955034
1035 5.407901
1036 6.791726
1037 5.527683
1038 6.666863
1039 6.437840
1040 6.075232
1041 7.179717
1042 6.440473
1043 5.644495
1044 5.801033
1045 6.277018
1046 5.818213
1047 3.642442
1048 3.933961
1049 3.678707
1050 3.711508
1051 5.820137
1052 5.473751
1053 6.388261
1054 5.962596
1055 6.857995
1056 7.440436
1057 6.088587
1058 8.387734
1059 9.773175
1060 9.141231
1061 9.369145
1062 9.209485
1063 9.613644
1064 9.125021
1065 8.347183
1066 8.246700
1067 8.395321
1068 7.995365
1069 8.245480
1070 8.002835
1071 7.277160
1072 5.487206
1073 6.761309
1074 5.882262
1075 5.917487
1076 6.151591
1077 7.306585
1078 6.316722
1079 9.653940
1080 9.591020
1081 8.469105
1082 7.697458
1083 6.772750
1084 9.175667
1085 8.484186
1086 9.055254
1087 8.926916
1088 7.846802
1089 8.966106
1090 7.469808
1091 8.426039
1092 8.963004
1093 7.626799
1094 8.893404
1095 9.223557
1096 7.613006
1097 8.382805
1098 8.279479
1099 8.151253
1100 9.684193
1101 9.287251
1102 8.432370
1103 8.354564
1104 9.171062
1105 7.989124
1106 7.493630
1107 7.352962
1108 9.134837
1109 7.623245
1110 5.896247
1111 6.812142
1112 7.651699
1113 8.624434
1114 9.669174
1115 8.553933
1116 8.606979
1117 9.654746
1118 9.107306
1119 9.678723
1120 8.084106
1121 8.425782
1122 8.530258
1123 8.083123
1124 8.820390
1125 7.398528
1126 8.332262
1127 8.802288
1128 9.490763
1129 9.095628
1130 9.654606
1131 8.549765
1132 8.802508
1133 8.718545
1134 9.335957
1135 8.173163
1136 8.110982
1137 7.671441
1138 9.963097
1139 9.354921
1140 8.845774
1141 8.967643
1142 9.013477
1143 9.786739
1144 10.037873
1145 9.828356
1146 8.706511
1147 10.257355
1148 8.360579
1149 9.257711
1150 9.076354
1151 8.963362
1152 9.856114
1153 9.677856
1154 9.299143
1155 10.163909
1156 10.251172
1157 9.277860
1158 10.027838
1159 8.986867
1160 8.946851
1161 9.203334
1162 8.440764
1163 7.215229
1164 7.102468
1165 6.240416
1166 7.598584
1167 6.741726
1168 7.326104
1169 8.666427
1170 8.610389
1171 7.789548
1172 8.075310
1173 7.278915
1174 7.199598
1175 7.132151
1176 8.058302
1177 7.946220
1178 8.899199
1179 8.364316
1180 7.592537
1181 7.641491
1182 9.897534
1183 6.554307
1184 6.805502
1185 7.375651
1186 7.127144
1187 7.012597
1188 8.738965
1189 5.821175
1190 6.337592
1191 6.994817
1192 7.644876
1193 8.746792
1194 7.706212
1195 7.171731
1196 6.219376
1197 5.913442
1198 5.631983
1199 6.435355
1200 5.948605
1201 6.532221
1202 6.672232
1203 8.027036
1204 6.990982
1205 6.061795
1206 7.389197
1207 5.082705
1208 5.473104
1209 6.109797
1210 5.958142
1211 7.442643
1212 8.629606
1213 8.589027
1214 8.954069
1215 8.469912
1216 7.126085
1217 5.652948
1218 5.867762
1219 7.084612
1220 7.812263
1221 7.994077
1222 9.029785
1223 8.769371
1224 8.270947
1225 8.621001
1226 7.758674
1227 8.523598
1228 10.103288
1229 7.867511
1230 7.620984
1231 9.684388
1232 8.809872
1233 8.987555
1234 9.067536
1235 8.005732
1236 8.135715
1237 8.896032
1238 9.330263
1239 9.174532
1240 9.604176
1241 9.082124
1242 10.218720
1243 9.639443
1244 9.507768
1245 8.209593
1246 10.738200
1247 10.325589
1248 8.387256
1249 8.792603
1250 8.327175
1251 9.917569
1252 10.554958
1253 9.418989
1254 10.223930
1255 8.951427
1256 8.835567
1257 8.705137
1258 7.385480
1259 9.743177
1260 9.894566
1261 8.701089
1262 8.455134
1263 8.907214
1264 8.216090
1265 8.859494
1266 8.354753
1267 7.774610
1268 8.684613
1269 7.442835
1270 8.387054
1271 9.228142
1272 8.051792
1273 9.657856
1274 8.483495
1275 9.193013
1276 9.833625
1277 8.659019
1278 10.195360
1279 9.733047
1280 11.355890
1281 10.009878
1282 8.539518
1283 9.719782
1284 8.592685
1285 9.477769
1286 9.452159
1287 10.252582
1288 9.305706
1289 9.410658
1290 9.924884
1291 9.417830
1292 9.708237
1293 9.032891
1294 10.944744
1295 9.420776
1296 9.917934
1297 10.235377
1298 8.699250
1299 8.802379
1300 9.186208
1301 9.750675
1302 9.062492
1303 6.914338
1304 7.512985
1305 9.890850
1306 8.914671
1307 9.619274
1308 9.527926
1309 10.332085
1310 9.633788
1311 10.173556
1312 10.802458
1313 9.970003
1314 9.756179
1315 10.021928
1316 6.917144
1317 8.192684
1318 8.652161
1319 8.004158
1320 9.044538
1321 7.069724
1322 8.114110
1323 8.817109
1324 8.063698
1325 8.248200
1326 8.468678
1327 6.900907
1328 5.923221
1329 4.001268
1330 3.679145
1331 3.858263
1332 5.654539
1333 8.406099
1334 8.583033
1335 7.410838
1336 9.401819
1337 8.089860
1338 8.348134
1339 8.878425
1340 9.198810
1341 8.563995
1342 8.252234
1343 7.861869
1344 6.322392
1345 8.019753
1346 8.720900
1347 8.239689
1348 7.995947
1349 8.595901
1350 8.020009
1351 8.463382
1352 7.425467
1353 8.068712
1354 8.653313
1355 7.208068
1356 8.764737
1357 7.954082
1358 7.260124
1359 7.639714
1360 7.605387
1361 5.664988
1362 9.286597
1363 9.071767
1364 7.442137
1365 6.869271
1366 7.011384
1367 6.207191
1368 4.150786
1369 3.800105
1370 3.620347
1371 3.689734
1372 3.747188
1373 3.877074
1374 3.664924
1375 3.967480
1376 3.886838
1377 3.892325
1378 3.675486
1379 3.921532
1380 3.655802
1381 3.887851
1382 3.712963
1383 3.872118
1384 3.791233
1385 3.774927
1386 3.962991
1387 3.802065
1388 5.232636
1389 5.646638
1390 5.853012
1391 6.673941
1392 6.771855
1393 9.535409
1394 7.333821
1395 4.024067
1396 3.547480
1397 3.734639
1398 3.843815
1399 6.152969
1400 6.460598
1401 3.785244
1402 3.748744
1403 3.639398
1404 3.704140
1405 3.702903
1406 3.711886
1407 3.861022
1408 4.181259
1409 3.648039
1410 3.709248
1411 3.610456
1412 3.693360
1413 3.491389
1414 3.713458
1415 3.577514
1416 3.520293
1417 3.515594
1418 3.671769
1419 3.907154
1420 3.944729
1421 3.893762
1422 3.845226
1423 3.817038
1424 3.836743
1425 3.689569
1426 3.785244
1427 3.721948
1428 3.673951
1429 3.801371
1430 4.355790
1431 3.838816
1432 3.558452
1433 4.002267
1434 3.775683
1435 3.688356
1436 3.880328
1437 3.892839
1438 3.790133
1439 3.971159
1440 3.714269
1441 3.710378
1442 3.727261
1443 3.926871
1444 3.849850
1445 4.026488
1446 3.702356
1447 3.806964
1448 4.080797
1449 6.021939
1450 6.121594
1451 5.631291
1452 5.812524
1453 5.436255
1454 5.874240
1455 6.172880
1456 7.687613
1457 6.547555
1458 7.271138
1459 7.980763
1460 5.480043
1461 7.912511
1462 6.129183
1463 5.917439
1464 6.094491
1465 5.932920
1466 7.197063
1467 7.089575
1468 6.126869
1469 5.997981
1470 6.132195
1471 5.372999
1472 6.528521
1473 6.252792
1474 5.331314
1475 5.273273
1476 5.848232
1477 5.349517
1478 5.612854
1479 6.087781
1480 5.538423
1481 5.678964
1482 5.214822
1483 4.799115
1484 3.903971
1485 5.049165
1486 6.415310
1487 5.248832
1488 7.674843
1489 9.327175
1490 8.327436
1491 8.295097
1492 7.308742
1493 7.210237
1494 5.688516
1495 7.337150
1496 8.169928
1497 7.893484
1498 7.384100
1499 7.779394
1500 8.300673
1501 8.331111
1502 8.039224
1503 6.719324
1504 7.824324
1505 8.553049
1506 7.347853
1507 7.398544
1508 8.104191
1509 9.471921
1510 5.555058
1511 6.548792
1512 6.553607
1513 6.622567
1514 6.094825
1515 5.982946
1516 6.325140
1517 6.179389
1518 6.403162
1519 7.501453
1520 6.772544
1521 3.919315
1522 7.380410
1523 5.972252
1524 6.055063
1525 6.572448
1526 5.482964
1527 5.804462
1528 5.339425
1529 5.985527
1530 5.794920
1531 6.100451
1532 7.666293
1533 5.960384
1534 6.140208
1535 6.132753
1536 5.826585
1537 7.556524
1538 8.703802
1539 8.242477
1540 8.037371
1541 8.749817
1542 7.803799
1543 8.685474
1544 9.084185
1545 9.073170
1546 8.403223
1547 8.324624
1548 8.827030
1549 7.883035
1550 9.320393
1551 7.735754
1552 6.848696
1553 6.850289
1554 5.496890
1555 8.202559
1556 7.978135
1557 9.460208
1558 8.277061
1559 8.228230
1560 7.519988
1561 7.234764
1562 7.314149
1563 7.458478
1564 7.352321
1565 7.042276
1566 6.838456
1567 8.196789
1568 7.446091
1569 8.745289
1570 9.766087
1571 7.903677
1572 8.252901
1573 8.140621
1574 9.259394
1575 9.098691
1576 9.171242
1577 8.406909
1578 6.400032
1579 7.936271
1580 7.938229
1581 7.922076
1582 8.439348
1583 8.616384
1584 8.047674
1585 8.924413
1586 8.731889
1587 7.845478
1588 8.752925
1589 9.508987
1590 9.166183
1591 7.243239
1592 9.546300
1593 7.546349
1594 8.764727
1595 7.525091
1596 7.760361
1597 7.791128
1598 7.817424
1599 7.680816
1600 7.082576
1601 8.596805
1602 8.428202
1603 9.062043
1604 9.398732
1605 8.437986
1606 9.722740
1607 6.975680
1608 8.370843
1609 9.781833
1610 9.351129
1611 8.431548
1612 8.666817
1613 10.482691
1614 8.877224
1615 9.237929
1616 9.148009
1617 9.472830
1618 7.988730
1619 8.188124
1620 7.759625
1621 7.562601
1622 7.965551
1623 9.818812
1624 9.116693
1625 8.956173
1626 7.803796
1627 7.810070
1628 8.621738
1629 9.823738
1630 9.408449
1631 9.462839
1632 8.628144
1633 7.176332
1634 5.917314
1635 5.552423
1636 6.022359
1637 3.764466
1638 3.714510
1639 3.578044
1640 3.785160
1641 3.837121
1642 3.940865
1643 3.782677
1644 3.832050
1645 3.926906
1646 4.032349
1647 5.702026
1648 5.407265
1649 5.688673
1650 6.178775
1651 4.946735
1652 5.607366
1653 3.755222
1654 3.853167
1655 3.514382
1656 5.925592
1657 5.112103
1658 3.717375
1659 6.453562
1660 5.345746
1661 5.917474
1662 5.852708
1663 5.309385
1664 5.427287
1665 5.555419
1666 5.689467
1667 5.016668
1668 5.350046
1669 5.565105
1670 6.103525
1671 4.757699
1672 5.513956
1673 6.421168
1674 5.815897
1675 5.111370
1676 5.656402
1677 6.454166
1678 5.664807
1679 5.111123
1680 4.965239
1681 6.096369
1682 3.489069
1683 5.682516
1684 7.184135
1685 8.951654
1686 5.735513
1687 3.791161
1688 3.705107
1689 3.862651
1690 3.606733
1691 3.607745
1692 3.682785
1693 3.563434
1694 3.721774
1695 3.917872
1696 4.055587
1697 5.336274
1698 4.838311
1699 4.741025
1700 3.566203
1701 3.858824
1702 5.712664
1703 4.690119
1704 5.550232
1705 9.047527
1706 7.554555
1707 5.840975
1708 6.121289
1709 5.781364
1710 5.845211
1711 5.440572
1712 5.623463
1713 5.587571
1714 5.033779
1715 6.785729
1716 5.723054
1717 5.167091
1718 6.076819
1719 6.102726
1720 5.897462
1721 3.364844
1722 5.439023
1723 5.547801
1724 8.121085
1725 5.755225
1726 5.558545
1727 5.452347
1728 5.642715
1729 5.813552
1730 5.592721
1731 7.803493
1732 8.472328
1733 9.157457
1734 8.824480
1735 8.646396
1736 8.474112
1737 8.573766
1738 8.957930
1739 9.237408
1740 8.251564
1741 8.280210
1742 7.282319
1743 8.184458
1744 7.223863
1745 8.239112
1746 5.881749
1747 5.810483
1748 5.289110
1749 5.995574
1750 6.030942
1751 5.965445
1752 5.731107
1753 6.376655
1754 3.695633
1755 3.823860
1756 3.984103
1757 3.573468
1758 4.040038
1759 3.767134
1760 3.928281
1761 3.655423
1762 3.631284
1763 3.702174
1764 3.687669
1765 3.479471
1766 3.660013
1767 3.640217
1768 3.720320
1769 5.282882
1770 6.834277
1771 5.191177
1772 3.953773
1773 3.440014
1774 3.773927
1775 3.553731
1776 3.777740
1777 3.684042
1778 3.766311
1779 3.731459
1780 3.570519
1781 3.653026
1782 3.608058
1783 4.006523
1784 3.837914
1785 3.555137
1786 3.546732
1787 3.778224
1788 3.702125
1789 3.756874
1790 3.869739
1791 3.808465
1792 3.587353
1793 3.779539
1794 3.819960
1795 3.488054
1796 3.774988
1797 3.657613
1798 3.918599
1799 4.077331
1800 3.691299
1801 3.741099
1802 3.618411
1803 3.817448
1804 3.514797
1805 3.925671
1806 3.620089
1807 3.845100
1808 4.013910
1809 3.958738
1810 3.589138
1811 3.625714
1812 3.673502
1813 3.905942
1814 3.522742
1815 3.636629
1816 3.709040
1817 3.662093
1818 3.480820
1819 5.279629
1820 3.647367
1821 3.906841
1822 3.500660
1823 3.901286
1824 3.668434
1825 3.787898
1826 3.339776
1827 3.566076
1828 3.581617
1829 3.759962
1830 4.992917
1831 3.730628
1832 3.630685
1833 3.573650
1834 3.760771
1835 3.686856
1836 3.938302
1837 3.342840
1838 4.001322
1839 3.770812
1840 3.860414
1841 3.470461
1842 3.700459
1843 3.527758
1844 3.695519
1845 3.992752
1846 3.448642
1847 3.585109
1848 3.826559
1849 3.478344
1850 3.663177
1851 3.395782
1852 3.792971
1853 3.537639
1854 3.705320
1855 3.742785
1856 3.657881
1857 3.586045
1858 3.498142
1859 3.658035
1860 3.510831
1861 3.855811
1862 3.755982
1863 3.745638
1864 3.902895
1865 3.947090
1866 3.386773
1867 3.858664
1868 3.866019
1869 3.079645
1870 3.872544
1871 3.767998
1872 3.213317
1873 3.504539
1874 3.917788
1875 3.795395
1876 3.662158
1877 3.922316
1878 3.765701
1879 3.884642
1880 3.804221
1881 3.998013
1882 3.788301
1883 6.059484
1884 5.687825
1885 6.149103
1886 6.201170
1887 5.766718
1888 5.708011
1889 9.569328
1890 6.259149
1891 6.417663
1892 7.094350
1893 6.918598
1894 6.972332
1895 8.747226
1896 7.155820
1897 5.502081
1898 7.407300
1899 7.502309
1900 8.656674
1901 6.518056
1902 8.092914
1903 8.056784
1904 7.931242
1905 8.809570
1906 6.995924
1907 8.403934
1908 8.525790
1909 7.949207
1910 8.683091
1911 6.109975
1912 5.812054
1913 5.979710
1914 9.252166
1915 8.406908
1916 3.802381
1917 3.903122
1918 3.888883
1919 5.753793
1920 5.468033
1921 5.969841
1922 6.720356
1923 9.316854
1924 9.903663
1925 9.421687
1926 8.819410
1927 7.288639
1928 8.202078
1929 7.921450
1930 7.580015
1931 7.273564
1932 7.350060
1933 7.714852
1934 7.080079
1935 7.860307
1936 8.093299
1937 7.502179
1938 8.777952
1939 8.733889
1940 7.736273
1941 5.939461
1942 6.105097
1943 6.081734
1944 5.812927
1945 5.808494
1946 5.846200
1947 5.535511
1948 6.066088
1949 5.529781
1950 6.237863
1951 5.280984
1952 6.168876
1953 6.308922
1954 5.990675
1955 5.963831
1956 6.374814
1957 6.114426
1958 5.555186
1959 5.879252
1960 5.903770
1961 5.589503
1962 6.470190
1963 7.418797
1964 6.914158
1965 3.713800
1966 3.631888
1967 3.599694
1968 3.701513
1969 3.696768
1970 3.870777
1971 6.153838
1972 5.836247
1973 5.134958
1974 6.027709
1975 5.776338
1976 8.924674
1977 7.965508
1978 7.688467
1979 8.740585
1980 5.993487
1981 6.483654
1982 6.006838
1983 6.770124
1984 5.908958
1985 8.458845
1986 7.901948
1987 7.715796
1988 8.035630
1989 8.972834
1990 9.017344
1991 8.305329
1992 7.411942
1993 8.226794
1994 6.537532
1995 6.049428
1996 7.680813
1997 7.218460
1998 9.041876
1999 9.138988
2000 8.320653
2001 9.288992
2002 8.558648
2003 8.047847
2004 8.620318
2005 8.267366
2006 8.438255
2007 9.031748
2008 9.526892
2009 8.360744
2010 7.704412
2011 8.948982
2012 8.310248
2013 9.091742
2014 8.206463
2015 8.822220
2016 9.849060
2017 8.603827
2018 8.720008
2019 9.025061
2020 9.619514
2021 8.476276
2022 9.528510
2023 9.733516
2024 10.141964
2025 8.617548
2026 7.392463
2027 8.329737
2028 8.695207
2029 9.396739
2030 9.684836
2031 10.211588
2032 8.193325
2033 9.701798
2034 9.488282
2035 9.372902
2036 10.251116
2037 9.718674
2038 9.642711
2039 9.938891
2040 10.208807
2041 11.060427
2042 11.063229
2043 9.967561
2044 10.572654
2045 10.543973
2046 9.678224
2047 10.164872
2048 10.612494
2049 10.011985
2050 10.404723
2051 9.705135
2052 9.120584
2053 9.698087
2054 10.015157
2055 9.891218
2056 10.739505
2057 11.415753
2058 10.545057
2059 9.978463
2060 9.783101
2061 9.650625
2062 9.422327
2063 9.785246
2064 10.280397
2065 10.727745
2066 9.374026
2067 9.461246
2068 10.312759
2069 10.037578
2070 10.429097
2071 10.309048
2072 9.873672
2073 9.855093
2074 8.515547
2075 9.448134
2076 9.138806
2077 9.850873
2078 9.264322
2079 10.326633
2080 10.341614
2081 9.744135
2082 10.193189
2083 9.760687
2084 9.809975
2085 8.592982
2086 9.883533
2087 9.387581
2088 8.011402
2089 9.231323
2090 8.487222
2091 9.906851
2092 10.408318
2093 9.662095
2094 11.067856
2095 10.456145
2096 10.067343
2097 9.383032
2098 8.311654
2099 7.712677
2100 8.896214
2101 9.694672
2102 8.251678
2103 8.534528
2104 8.262411
2105 8.871779
2106 9.236713
2107 9.042584
2108 9.688758
2109 9.385022
2110 9.842224
2111 10.233426
2112 11.138088
2113 9.104423
2114 8.827019
2115 8.587558
2116 8.671664
2117 8.976420
2118 8.951520
2119 8.268885
2120 8.668428
2121 8.454210
2122 7.975121
2123 8.439705
2124 9.085927
2125 7.978352
2126 8.253935
2127 8.159392
2128 7.953095
2129 8.118062
2130 6.088848
2131 7.723322
2132 7.813351
2133 9.532117
2134 7.722109
2135 7.050025
2136 8.689322
2137 8.179303
2138 7.575490
2139 8.742668
2140 8.249683
2141 5.941918
2142 6.006874
2143 4.046837
2144 3.401386
2145 3.469569
2146 3.454071
2147 3.635755
2148 3.880260
2149 3.950807
2150 6.684836
2151 6.161495
2152 5.946433
2153 6.588207
2154 5.522449
2155 6.208490
2156 6.348104
2157 6.067133
2158 3.763430
2159 3.931489
2160 3.512150
2161 3.676846
2162 3.550634
2163 7.529963
2164 6.210685
2165 5.862236
2166 5.578611
2167 5.836645
2168 6.739947
2169 5.717278
2170 6.405231
2171 5.103428
2172 5.672644
2173 3.866235
2174 5.238983
2175 5.638668
2176 6.342149
2177 5.612273
2178 6.233472
2179 6.265473
2180 6.335940
2181 6.516712
2182 6.064501
2183 5.664101
2184 6.213966
2185 6.288152
2186 6.412379
2187 9.904448
2188 9.084597
2189 8.047044
2190 4.853231
2191 7.271492
2192 7.235803
2193 7.504310
2194 8.213536
2195 7.951738
2196 8.369978
2197 7.586239
2198 7.359632
2199 8.603893
2200 7.226071
2201 8.244497
2202 8.289836
2203 6.479159
2204 7.762589
2205 8.589447
2206 6.219240
2207 6.074362
2208 8.793532
2209 8.895443
2210 8.980198
2211 9.494065
2212 10.383106
2213 5.851860
2214 6.433355
2215 6.223909
2216 9.527904
2217 9.383461
2218 8.417816
2219 5.845349
2220 5.944964
2221 3.662527
2222 3.840051
2223 3.724209
2224 3.980615
2225 3.839596
2226 3.651655
2227 3.718426
2228 3.760440
2229 3.748679
2230 3.682582
2231 3.898215
2232 3.665663
2233 3.711940
2234 3.561642
2235 4.022905
2236 3.705686
2237 3.352641
2238 3.476910
2239 3.756702
2240 3.611013
2241 4.170988
2242 4.049705
2243 3.915610
2244 3.684797
2245 3.799685
2246 3.813672
2247 4.142331
2248 3.410075
2249 3.386753
2250 3.727920
2251 3.761383
2252 3.614719
2253 3.388761
2254 3.299953
2255 3.435871
2256 3.853945
2257 3.897252
2258 3.856745
2259 3.897450
2260 3.755664
2261 3.412636
2262 3.815835
2263 3.653739
2264 5.638548
2265 5.392301
2266 5.608217
2267 5.658602
2268 6.063209
2269 5.965142
2270 5.027782
2271 5.495761
2272 5.731903
2273 6.049128
2274 5.679915
2275 5.529466
2276 6.317819
2277 5.895948
2278 8.126141
2279 8.095897
2280 8.730211
2281 8.585182
2282 6.444323
2283 6.243923
2284 6.411876
2285 5.766160
2286 6.480207
2287 6.284777
2288 6.877886
2289 6.150295
2290 7.251163
2291 6.846241
2292 6.100470
2293 7.704241
2294 5.880451
2295 3.878269
2296 3.689407
2297 3.993635
2298 3.627969
2299 3.856891
2300 6.770146
2301 5.281458
2302 6.101952
2303 5.811800
2304 6.141339
2305 6.879628
2306 6.392668
2307 5.907583
2308 5.773216
2309 6.105633
2310 6.322423
2311 5.526320
2312 3.330745
2313 3.646935
2314 3.765819
2315 3.845786
2316 4.034216
2317 3.923727
2318 3.817972
2319 3.986849
2320 3.677025
2321 3.727949
2322 3.281163
2323 3.792541
2324 3.851170
2325 3.682878
2326 3.515750
2327 3.849131
2328 3.886153
2329 6.164634
2330 4.118569
2331 3.868089
2332 3.977148
2333 3.893312
2334 3.606258
2335 3.843239
2336 3.869106
2337 3.936561
2338 4.039680
2339 3.896882
2340 3.847671
2341 3.456836
2342 8.386084
2343 7.715397
2344 9.073726
2345 8.267295
2346 8.249403
2347 7.786953
2348 8.357638
2349 9.015427
2350 9.264529
2351 7.003437
2352 6.064036
2353 6.407141
2354 7.537553
2355 8.287976
2356 5.889461
2357 5.673745
2358 5.428676
2359 4.699296
2360 3.861955
2361 3.894686
2362 3.903576
2363 3.849428
2364 3.948596
2365 3.803431
2366 3.851298
2367 3.902448
2368 3.716601
2369 3.708667
2370 3.707548
2371 3.560986
2372 3.804232
2373 3.806271
2374 3.848220
2375 3.809895
2376 3.967635
2377 3.464634
2378 3.976355
2379 3.958861
2380 3.268121
2381 3.145363
2382 3.347298
2383 3.924794
2384 3.787611
2385 3.749057
2386 3.687969
2387 3.998262
2388 3.943667
2389 3.392255
2390 3.737858
2391 3.797412
2392 3.863398
2393 3.983593
2394 3.810316
2395 3.365903
2396 3.958837
2397 3.720121
2398 3.838482
2399 3.758061
2400 3.687099
2401 3.688749
2402 3.925954
2403 3.561026
2404 3.707428
2405 3.395616
2406 3.732813
2407 3.804860
2408 3.478991
2409 3.778519
2410 3.794164
2411 3.468790
2412 3.931945
2413 3.528909
2414 3.589182
2415 4.149050
2416 3.700232
2417 3.591476
2418 3.496454
2419 3.257284
2420 3.337153
2421 3.619098
2422 3.698444
2423 3.832048
2424 5.427228
2425 5.121184
2426 5.503854
2427 5.286148
2428 5.094797
2429 9.581371
2430 10.880638
2431 9.093567
2432 6.154941
2433 5.384021
2434 5.920183
2435 3.877640
2436 3.825138
2437 3.776679
2438 3.722339
2439 3.704372
2440 4.143498
2441 3.769604
2442 3.871551
2443 3.692263
2444 3.948188
2445 3.907286
2446 5.370855
2447 3.928680
2448 3.915814
2449 4.136956
2450 3.752293
2451 3.680518
2452 3.940810
2453 6.538853
2454 6.158473
2455 11.062459
2456 6.390561
2457 6.349333
2458 6.384777
2459 6.075249
2460 5.635222
2461 7.244009
2462 6.093838
2463 8.407475
2464 5.247531
2465 6.544987
2466 5.694439
2467 3.631779
2468 3.646216
2469 3.989351
2470 3.694493
2471 3.958207
2472 3.793845
2473 4.652149
2474 5.931094
2475 5.418875
2476 5.317536
2477 3.678504
2478 3.815045
2479 3.769255
2480 3.850782
2481 5.365504
2482 6.510559
2483 6.018813
2484 5.561449
2485 3.981017
2486 3.839607
2487 4.002980
2488 3.659000
2489 3.871100
2490 3.507049
2491 3.831218
2492 3.650891
2493 4.061885
2494 3.900786
2495 3.681601
2496 3.915627
2497 3.854163
2498 3.850728
2499 3.854159
2500 3.757051
2501 3.535722
2502 3.830119
2503 3.728647
2504 3.661216
2505 3.763958
2506 3.554310
2507 3.966842
2508 3.768741
2509 3.948735
2510 3.466269
2511 3.885988
2512 3.869493
2513 3.465459
2514 4.041484
2515 5.473287
2516 5.412535
2517 3.057794
2518 3.676885
2519 3.951872
2520 3.694130
2521 3.794811
2522 3.926375
2523 3.736551
2524 3.469317
2525 6.395648
2526 6.411251
2527 6.692151
2528 6.156534
2529 6.498596
2530 7.155732
2531 5.655738
2532 6.168028
2533 7.363761
2534 5.876300
2535 6.316545
2536 6.397198
2537 5.669366
2538 5.407425
2539 6.187784
2540 8.327627
2541 8.947932
2542 8.273476
2543 8.331486
2544 6.470768
2545 9.044769
2546 8.637372
2547 7.666807
2548 8.510655
2549 8.167681
2550 8.319140
2551 8.736324
2552 8.456982
2553 7.923421
2554 7.866440
2555 6.302157
2556 7.792023
2557 5.792780
2558 6.272513
2559 8.800716
2560 9.277372
2561 7.741545
2562 6.013938
2563 6.389810
2564 6.392590
2565 5.746206
2566 6.558460
2567 6.249967
2568 5.523888
2569 5.817369
2570 7.968017
2571 5.491027
2572 5.864614
2573 6.185484
2574 6.364594
2575 5.860427
2576 5.873953
2577 6.059743
2578 5.780504
2579 6.267126
2580 6.253128
2581 7.937512
2582 7.120501
2583 6.944335
2584 7.539054
2585 6.101482
2586 6.356652
2587 6.871407
2588 6.076758
2589 5.907402
2590 6.366263
2591 6.651811
2592 6.047694
2593 6.400670
2594 6.086904
2595 6.420038
2596 6.209499
2597 6.124992
2598 5.870858
2599 6.308886
2600 6.236290
2601 4.983764
2602 6.110200
2603 5.952028
2604 6.261949
2605 6.571829
2606 5.826051
2607 6.934575
2608 5.497856
2609 6.009204
2610 6.383434
2611 5.896823
2612 6.468121
2613 5.847487
2614 6.308507
2615 5.352952
2616 6.096537
2617 6.601649
2618 6.038597
2619 5.866972
2620 7.160009
2621 7.540253
2622 5.751036
2623 8.529752
2624 7.803926
2625 7.659361
2626 7.286081
2627 6.183294
2628 7.787747
2629 8.220582
2630 8.275905
2631 6.964672
2632 7.412536
2633 6.970877
2634 5.540658
2635 6.376580
2636 5.882051
2637 6.527522
2638 6.005416
2639 5.954065
2640 6.054098
2641 6.346166
2642 7.572727
2643 6.105639
2644 8.145298
2645 7.879357
2646 7.596989
2647 6.011833
2648 7.453340
2649 8.944052
2650 6.858088
2651 7.978357
2652 8.948683
2653 8.306582
2654 8.078525
2655 7.176890
2656 7.112395
2657 6.707870
2658 6.155161
2659 7.456571
2660 7.076252
2661 6.384890
2662 7.299322
2663 6.248986
2664 6.943163
2665 7.369971
2666 6.056677
2667 6.398692
2668 6.721671
2669 7.135811
2670 7.438088
2671 7.367365
2672 6.782355
2673 7.996660
2674 7.961625
2675 7.774095
2676 6.892555
2677 8.163342
2678 7.407915
2679 7.150168
2680 7.158641
2681 7.486887
2682 7.729379
2683 7.119781
2684 5.541269
2685 5.945730
2686 7.119819
2687 8.476706
2688 6.810012
2689 8.199079
2690 9.157985
2691 7.724401
2692 7.180667
2693 7.394681
2694 7.837940
2695 7.602569
2696 7.719311
2697 7.837949
2698 7.398177
2699 7.394797
2700 8.612912
2701 8.322248
2702 8.451823
2703 6.857890
2704 8.613650
2705 8.586144
2706 9.181318
2707 9.625519
2708 8.831327
2709 9.001031
2710 7.956517
2711 9.391703
2712 7.717390
2713 8.255386
2714 8.733826
2715 8.603864
2716 8.144804
2717 7.038562
2718 8.140152
2719 7.611327
2720 8.266223
2721 8.798581
2722 8.447397
2723 8.502832
2724 6.939660
2725 7.978232
2726 7.166871
2727 7.084305
2728 7.095615
2729 8.241271
2730 7.356150
2731 8.733354
2732 8.087243
2733 8.816894
2734 9.486460
2735 8.537707
2736 9.935317
2737 7.204588
2738 8.072393
2739 7.709079
2740 8.011328
2741 8.846535
2742 7.404144
2743 8.428892
2744 6.580283
2745 8.300762
2746 7.192969
2747 7.936309
2748 9.092434
2749 8.408485
2750 7.568446
2751 7.030862
2752 7.838905
2753 7.885740
2754 8.051354
2755 7.990810
2756 6.644976
2757 6.711399
2758 6.686808
2759 7.664994
2760 8.001600
2761 7.742802
2762 7.766429
2763 7.461881
2764 8.142550
2765 5.746969
2766 6.948814
2767 7.160800
2768 8.456574
2769 7.551146
2770 8.042496
2771 7.660042
2772 7.960824
2773 7.181929
2774 7.171759
2775 8.287717
2776 8.638201
2777 8.184232
2778 7.822561
2779 7.245097
2780 6.675336
2781 8.704103
2782 7.865527
2783 8.032883
2784 8.596770
2785 8.127816
2786 5.926266
2787 7.364141
2788 7.562948
2789 8.101793
2790 8.571167
2791 9.193397
2792 6.634708
2793 9.051043
2794 7.774121
2795 8.588004
2796 7.546605
2797 7.560476
2798 7.429003
2799 7.603505
2800 9.065707
2801 8.484610
2802 8.940625
2803 8.298926
2804 9.121230
2805 8.433408
2806 8.281092
2807 8.013823
2808 6.542707
2809 7.212790
2810 8.496349
2811 8.608393
2812 8.234963
2813 7.862050
2814 8.231873
2815 5.688909
2816 7.178988
2817 5.895020
2818 4.949386
2819 8.660501
2820 7.496198
2821 7.874148
2822 7.871222
2823 8.243541
2824 8.586898
2825 9.873957
2826 8.893854
2827 7.448871
2828 8.154145
2829 8.009605
2830 7.741610
2831 8.252763
2832 6.899841
2833 8.242868
2834 7.289025
2835 8.199572
2836 7.143431
2837 8.711435
2838 6.791127
2839 6.420634
2840 7.786325
2841 7.819628
2842 8.943518
2843 8.329050
2844 7.768821
2845 7.823264
2846 6.250514
2847 5.720880
2848 5.208816
2849 5.962267
2850 6.596473
2851 6.652867
2852 9.198999
2853 7.627556
2854 9.751971
2855 9.791183
2856 6.827779
2857 8.599163
2858 8.316513
2859 8.011024
2860 8.901134
2861 8.489915
2862 8.687005
2863 7.404395
2864 5.987532
2865 6.476187
2866 6.386692
2867 6.540483
2868 6.470400
2869 7.175663
2870 6.092823
2871 6.196173
2872 7.211525
2873 6.119191
2874 8.326013
2875 7.208258
2876 8.555589
2877 8.950545
2878 7.223918
2879 7.106805
2880 8.505424
2881 8.525835
2882 8.417204
2883 7.777766
2884 8.208418
2885 7.060327
2886 8.538059
2887 8.025777
2888 7.559829
2889 7.677214
2890 7.971233
2891 7.477122
2892 8.534510
2893 8.990973
2894 8.292521
2895 8.325291
2896 8.210243
2897 8.439980
2898 7.312552
2899 8.385900
2900 8.604703
2901 8.036229
2902 8.070420
2903 9.186213
2904 7.955606
2905 7.724984
2906 8.664432
2907 8.205710
2908 8.716570
2909 8.276285
2910 6.149357
2911 6.175671
2912 5.562550
2913 6.126416
2914 6.916488
2915 5.873716
2916 5.760280
2917 6.503542
2918 6.090370
2919 5.700181
2920 5.523267
2921 6.081429
2922 5.889664
2923 5.968619
2924 6.310793
2925 6.289845
2926 6.469381
2927 8.252304
2928 7.544141
2929 6.693355
2930 6.673424
2931 9.509212
2932 7.302739
2933 8.371812
2934 9.227148
2935 8.244761
2936 7.869352
2937 8.906754
2938 8.193579
2939 8.685313
2940 8.834687
2941 9.592732
2942 8.290589
2943 8.409310
2944 7.458158
2945 8.148145
2946 6.727275
2947 6.189306
2948 9.151071
2949 7.892087
2950 8.034788
2951 8.583101
2952 7.174076
2953 8.806110
2954 7.016444
2955 8.027122
2956 6.817175
2957 7.293520
2958 7.969573
2959 8.242358
2960 9.262185
2961 8.603078
2962 8.153444
2963 7.573337
2964 8.283016
2965 9.156241
2966 6.804650
2967 7.138604
2968 8.465796
2969 8.059136
2970 8.805465
2971 7.427073
2972 8.765378
2973 9.699654
2974 8.622234
2975 8.723657
2976 7.403116
2977 8.748015
2978 8.040379
2979 6.118676
2980 8.497836
2981 7.782143
2982 7.812414
2983 7.788101
2984 8.025149
2985 8.746875
2986 7.457868
2987 5.482015
2988 5.817982
2989 8.346370
2990 8.912087
2991 10.280003
2992 9.545112
2993 8.970917
2994 8.252195
2995 8.360027
2996 8.627328
2997 9.630593
2998 8.990490
2999 8.871408
3000 9.235065
3001 7.869245
3002 8.445032
3003 10.151737
3004 9.910858
3005 8.503777
3006 8.666657
3007 9.907115
3008 9.229719
3009 10.024427
3010 8.933665
3011 8.507460
3012 7.621663
3013 6.698848
3014 6.210653
3015 7.448497
3016 6.884947
3017 6.778799
3018 5.776298
3019 5.671427
3020 6.644735
3021 6.419786
3022 5.853687
3023 5.396758
3024 6.886004
3025 5.105638
3026 7.086791
3027 7.631290
3028 8.086596
3029 8.150743
3030 7.693666
3031 9.503575
3032 8.126044
3033 7.870828
3034 6.860333
3035 7.163528
3036 7.355827
3037 8.027205
3038 8.562392
3039 7.829216
3040 7.770567
3041 5.793497
3042 5.949481
3043 5.925554
3044 5.650705
3045 6.280396
3046 5.863123
3047 5.627668
3048 6.648508
3049 6.374896
3050 5.977067
3051 5.922653
3052 5.710808
3053 7.082125
3054 7.994847
3055 9.196283
3056 7.478216
3057 8.945126
3058 7.608372
3059 7.531358
3060 8.032859
3061 8.000685
3062 8.865110
3063 7.556548
3064 7.117537
3065 8.407472
3066 7.724698
3067 7.582855
3068 8.848192
3069 8.905918
3070 9.118694
3071 7.483621
3072 6.873642
3073 7.866958
3074 9.399084
3075 8.297344
3076 9.525980
3077 9.508992
3078 9.450404
3079 8.985195
3080 8.332982
3081 8.546087
3082 8.413483
3083 7.384999
3084 8.400342
3085 9.430352
3086 8.539791
3087 9.380198
3088 8.124320
3089 7.863111
3090 8.652039
3091 9.743677
3092 7.196487
3093 7.830714
3094 9.441214
3095 9.056982
3096 8.559971
3097 9.295527
3098 9.003912
3099 8.559382
3100 8.337901
3101 8.311740
3102 7.212744
3103 8.442989
3104 9.038863
3105 7.968668
3106 9.111920
3107 9.583764
3108 8.797306
3109 7.982836
3110 9.437787
3111 8.922561
3112 8.538586
3113 9.155768
3114 8.336501
3115 8.694215
3116 9.084330
3117 10.216557
3118 10.200147
3119 10.209840
3120 8.312786
3121 8.554042
3122 7.154643
3123 7.431379
3124 6.102099
3125 5.468060
3126 5.969229
3127 5.683880
3128 5.897466
3129 6.152372
3130 6.260388
3131 7.196908
3132 5.886371
3133 5.218554
3134 7.509388
3135 9.293281
3136 8.734398
3137 8.686500
3138 8.464808
3139 8.403249
3140 7.940385
3141 7.690145
3142 8.624260
3143 8.607588
3144 9.839456
3145 9.042815
3146 8.967989
3147 8.584257
3148 6.199788
3149 5.822321
3150 6.170937
3151 6.029022
3152 6.848021
3153 6.883793
3154 6.299595
3155 8.325458
3156 8.593888
3157 7.940458
3158 8.325896
3159 8.958128
3160 8.309836
3161 8.929890
3162 9.386467
3163 8.008085
3164 8.107529
3165 9.252001
3166 8.418138
3167 8.718912
3168 9.640609
3169 10.096287
3170 8.668251
3171 8.196447
3172 8.989495
3173 9.467407
3174 9.372481
3175 9.481130
3176 9.855261
3177 9.346678
3178 9.945780
3179 10.471469
3180 10.001294
3181 10.241123
3182 7.996557
3183 8.702518
3184 9.181661
3185 10.136379
3186 8.768950
3187 9.066188
3188 9.604549
3189 8.723171
3190 9.881559
3191 9.977780
3192 9.147836
3193 9.297925
3194 10.126349
3195 8.819697
3196 10.741286
3197 9.731002
3198 9.394346
3199 10.157386
3200 8.706873
3201 9.741484
3202 9.722314
3203 10.025393
3204 9.307118
3205 9.447139
3206 9.850037
3207 9.706559
3208 9.533731
3209 9.398029
3210 9.548034
3211 10.415965
3212 9.894831
3213 10.683619
3214 9.564528
3215 10.188998
3216 8.805250
3217 8.803202
3218 9.756951
3219 9.805820
3220 9.499801
3221 10.108351
3222 9.806154
3223 9.626598
3224 9.448402
3225 9.841633
3226 9.925748
3227 10.625670
3228 8.545571
3229 9.337613
3230 8.406320
3231 9.663363
3232 9.347803
3233 7.766529
3234 8.732958
3235 8.292665
3236 8.072836
3237 8.641772
3238 8.359073
3239 7.946511
3240 7.631361
3241 6.963243
3242 7.871384
3243 7.717033
3244 8.339753
3245 8.584659
3246 8.712670
3247 7.743891
3248 7.663558
3249 7.373662
3250 6.806669
3251 9.413155
3252 8.549272
3253 7.933734
3254 8.448299
3255 7.722395
3256 8.663563
3257 7.785298
3258 7.632725
3259 7.501874
3260 7.223912
3261 7.204187
3262 7.464624
3263 6.254093
3264 6.936584
3265 7.415822
3266 7.020267
3267 7.411591
3268 8.118206
3269 8.356671
3270 6.392689
3271 5.736741
3272 5.661045
3273 5.519282
3274 7.879016
3275 8.168412
3276 5.771914
3277 5.854373
3278 7.148636
3279 5.658568
3280 5.614106
3281 5.801878
3282 5.628446
3283 6.259585
3284 5.905803
3285 5.826998
3286 6.422467
3287 5.917381
3288 7.041406
3289 5.828145
3290 7.595804
3291 7.538773
3292 8.281004
3293 7.628735
3294 7.792836
3295 7.133269
3296 7.708152
3297 7.528778
3298 8.271802
3299 8.343385
3300 5.947237
3301 8.561480
3302 8.466311
3303 8.440727
3304 6.966031
3305 7.317200
3306 7.113552
3307 7.814814
3308 6.104804
3309 8.623729
3310 7.051084
3311 7.400765
3312 4.393792
3313 3.586375
3314 3.578459
3315 3.870786
3316 3.657840
3317 3.680543
3318 4.005221
3319 3.582527
3320 3.901515
3321 3.536635
3322 3.504467
3323 5.415882
3324 5.178213
3325 5.630864
3326 6.321856
3327 8.605071
3328 8.044831
3329 8.808204
3330 8.436829
3331 7.102813
3332 7.350893
3333 9.394084
3334 7.761065
3335 8.607205
3336 9.189874
3337 7.825944
3338 6.167724
3339 5.632076
3340 6.459453
3341 6.756516
3342 5.876784
3343 6.275464
3344 6.072179
3345 6.530393
3346 6.389400
3347 8.642322
3348 9.506095
3349 8.583595
3350 9.091099
3351 9.920606
3352 8.192621
3353 8.649443
3354 6.988312
3355 7.156443
3356 7.309451
3357 8.837358
3358 7.488156
3359 8.089023
3360 8.825112
3361 7.438358
3362 8.199275
3363 8.541922
3364 9.405589
3365 8.007561
3366 8.629020
3367 9.411974
3368 9.172509
3369 7.808492
3370 8.292678
3371 8.686647
3372 8.073788
3373 8.559094
3374 8.341525
3375 9.539349
3376 8.905619
3377 8.198473
3378 8.747284
3379 8.907760
3380 8.365525
3381 8.227728
3382 8.571324
3383 8.066980
3384 8.806414
3385 9.164663
3386 8.330364
3387 6.531661
3388 8.105788
3389 6.335029
3390 5.733659
3391 5.348382
3392 5.852599
3393 5.330372
3394 8.229681
3395 6.461401
3396 5.551872
3397 6.989057
3398 6.102593
3399 6.297453
3400 8.717899
3401 9.832122
3402 8.207146
3403 6.536743
3404 6.323976
3405 9.272653
3406 7.998409
3407 8.312816
3408 8.124761
3409 8.331450
3410 9.150945
3411 8.076294
3412 7.433527
3413 7.813508
3414 8.649453
3415 9.745630
3416 8.238010
3417 7.577076
3418 7.967772
3419 8.451635
3420 8.434369
3421 7.855194
3422 7.931716
3423 7.798089
3424 8.256249
3425 7.109013
3426 8.068399
3427 7.559540
3428 8.445271
3429 7.258546
3430 8.546287
3431 8.374519
3432 9.064025
3433 8.133688
3434 8.681084
3435 6.941252
3436 7.222584
3437 9.138940
3438 7.671746
3439 7.427160
3440 8.380393
3441 7.958073
3442 8.348254
3443 7.708477
3444 7.375864
3445 8.398778
3446 6.578212
3447 7.325990
3448 8.361484
3449 8.338309
3450 8.220983
3451 7.858686
3452 7.624706
3453 8.191493
3454 8.960243
3455 9.564745
3456 6.959368
3457 7.162695
3458 7.541283
3459 7.600764
3460 7.254105
3461 7.816100
3462 7.895852
3463 7.879412
3464 8.301285
3465 8.530728
3466 9.319594
3467 5.909833
3468 8.554375
3469 8.607758
3470 7.886244
3471 8.578753
3472 8.362738
3473 8.739197
3474 8.194149
3475 8.443233
3476 8.732408
3477 8.809947
3478 7.592329
3479 7.466257
3480 8.160489
3481 8.030030
3482 8.390488
3483 8.457546
3484 6.854173
3485 6.355605
3486 7.980558
3487 6.408401
3488 6.360582
3489 5.318886
3490 6.030079
3491 6.421255
3492 5.913620
3493 5.498630
3494 6.319129
3495 6.527344
3496 7.340352
3497 6.404006
3498 7.935356
3499 7.187918
3500 8.138980
3501 7.004328
3502 7.687354
3503 6.924669
3504 8.240685
3505 6.109326
3506 5.412855
3507 6.593580
3508 6.383020
3509 7.526976
3510 8.074764
3511 8.350768
3512 7.193121
3513 8.042074
3514 7.101931
3515 8.260863
3516 7.763951
3517 7.969109
3518 8.655246
3519 7.739343
3520 7.947836
3521 7.805470
3522 7.530034
3523 8.002728
3524 6.410917
3525 9.903060
3526 10.129231
3527 7.998713
3528 8.789316
3529 7.451995
3530 9.862337
3531 7.885073
3532 7.777691
3533 7.789479
3534 7.772698
3535 9.685346
3536 8.567019
3537 7.513964
3538 6.145724
3539 7.178369
3540 8.050657
3541 8.317039
3542 7.067947
3543 6.843124
3544 5.948530
3545 6.340990
3546 8.454642
3547 8.506810
3548 7.504193
3549 9.093833
3550 8.182094
3551 7.877388
3552 7.900403
3553 8.735737
3554 8.932196
3555 8.884219
3556 9.073420
3557 8.250440
3558 7.986178
3559 6.675190
3560 5.485017
3561 6.364305
3562 7.114954
3563 7.988903
3564 6.862729
3565 8.086547
3566 9.005098
3567 8.838993
3568 8.205337
3569 9.104280
3570 9.243558
3571 8.853679
3572 8.018803
3573 9.058298
3574 9.438016
3575 8.703315
3576 7.455160
3577 5.502673
3578 6.653100
3579 5.909997
3580 6.217422
3581 5.999893
3582 7.687397
3583 7.194644
3584 7.543990
3585 7.500031
3586 8.394146
3587 6.652830
3588 7.073071
3589 7.968803
3590 8.097259
3591 7.722195
3592 6.785526
3593 7.067573
3594 8.365670
3595 8.725439
3596 8.129169
3597 8.579514
3598 6.729362
3599 7.866348
3600 5.073084
3601 8.683739
3602 6.480435
3603 6.764387
3604 7.567589
3605 6.044914
3606 6.185474
3607 5.966995
3608 7.319785
3609 7.764446
3610 8.576272
3611 7.636722
3612 8.679645
3613 8.452822
3614 9.087201
3615 8.570284
3616 7.543898
3617 8.128067
3618 8.432994
3619 8.615119
3620 7.992217
3621 7.391257
3622 7.906409
3623 8.242490
3624 8.047015
3625 8.612601
3626 7.867645
3627 7.880872
3628 7.895735
3629 8.230435
3630 7.168993
3631 5.867305
3632 6.352329
3633 5.933676
3634 6.467154
3635 6.149100
3636 6.086126
3637 6.485071
3638 5.809318
3639 6.071281
3640 7.089677
3641 7.704154
3642 9.251079
3643 7.798809
3644 8.055425
3645 7.956110
3646 7.155877
3647 7.610429
3648 8.293277
3649 7.023148
3650 7.270724
3651 7.793758
3652 8.157237
3653 7.324168
3654 8.427483
3655 7.475297
3656 7.721902
3657 7.892390
3658 6.365233
3659 8.019016
3660 7.452542
3661 7.395136
3662 6.615664
3663 8.071638
3664 8.327112
3665 7.952454
3666 6.455576
3667 7.490215
3668 8.714637
3669 7.830874
3670 8.233190
3671 7.817646
3672 7.303872
3673 7.748539
3674 8.151869
3675 8.144966
3676 8.170593
3677 8.065641
3678 7.019433
3679 7.548723
3680 7.882294
3681 7.565591
3682 7.463037
3683 8.481186
3684 9.280925
3685 8.772197
3686 8.165056
3687 8.724158
3688 9.068819
3689 8.094992
3690 8.465951
3691 8.091106
3692 7.616177
3693 7.562738
3694 8.854548
3695 7.310518
3696 7.035600
3697 7.419383
3698 8.552783
3699 8.439468
3700 8.517388
3701 8.080656
3702 7.640797
3703 8.100627
3704 8.257583
3705 6.774613
3706 8.115563
3707 7.830586
3708 7.641439
3709 8.444839
3710 8.034761
3711 8.174808
3712 7.609292
3713 7.956446
3714 7.201680
3715 7.488797
3716 8.563789
3717 8.265337
3718 7.781579
3719 5.449851
3720 7.805253
3721 8.238022
3722 7.943733
3723 7.219512
3724 5.230624
3725 4.898217
3726 7.473106
3727 6.381229
3728 5.545855
3729 6.419642
3730 7.021246
3731 5.690418
3732 6.393321
3733 6.212144
3734 6.484421
3735 6.008708
3736 6.041739
3737 5.712032
3738 6.372361
3739 6.607918
3740 5.518332
3741 6.546247
3742 5.976731
3743 6.230597
3744 5.904104
3745 5.594864
3746 6.719773
3747 9.404290
3748 8.419390
3749 9.175652
3750 9.939984
3751 8.815270
3752 9.516775
3753 8.449777
3754 8.031724
3755 8.388954
3756 8.114315
3757 8.532753
3758 8.444320
3759 8.512494
3760 9.244440
3761 9.089448
3762 9.623660
3763 8.512821
3764 9.119393
3765 7.807934
3766 8.775698
3767 8.468581
3768 8.458189
3769 9.071655
3770 9.227600
3771 8.875455
3772 8.138647
3773 8.489132
3774 9.043789
3775 6.666595
3776 7.149117
3777 8.617334
3778 5.650727
3779 5.802230
3780 5.712674
3781 6.758235
3782 6.488254
3783 6.591925
3784 7.357773
3785 6.321596
3786 7.177877
3787 7.955303
3788 7.825377
3789 8.242777
3790 6.977815
3791 5.781914
3792 8.056405
3793 9.464128
3794 8.240398
3795 7.432815
3796 7.658101
3797 7.951765
3798 8.757775
3799 8.229011
3800 7.635380
3801 6.695051
3802 6.465859
3803 7.468129
3804 8.140282
3805 9.690419
3806 7.960914
3807 7.536383
3808 8.815092
3809 9.056566
3810 8.012672
3811 8.471747
3812 8.220860
3813 7.618104
3814 7.859741
3815 7.287908
3816 7.757926
3817 7.509552
3818 7.844196
3819 9.213153
3820 7.711269
3821 6.693560
3822 7.746253
3823 7.895550
3824 9.689533
3825 6.301827
3826 6.960606
3827 7.821392
3828 8.552229
3829 8.219134
3830 7.531488
3831 8.380632
3832 8.296322
3833 7.296267
3834 8.967408
3835 7.761512
3836 8.845894
3837 8.888956
3838 8.420792
3839 7.772265
3840 8.782869
3841 7.405682
3842 6.937209
3843 7.560813
3844 6.592008
3845 8.485032
3846 6.930005
3847 7.834187
3848 8.652242
3849 9.161250
3850 7.922047
3851 7.860188
3852 9.156745
3853 8.517200
3854 8.354356
3855 8.045555
3856 8.080509
3857 7.886739
3858 8.339363
3859 7.741739
3860 8.585141
3861 8.357733
3862 7.888909
3863 9.270601
3864 7.574283
3865 8.517760
3866 6.566437
3867 5.846635
3868 7.981939
3869 7.002014
3870 8.009783
3871 9.190387
3872 9.740681
3873 7.475437
3874 8.079412
3875 8.524976
3876 8.501366
3877 8.364415
3878 8.219793
3879 8.337088
3880 8.109178
3881 8.090990
3882 7.992792
3883 9.511918
3884 9.532608
3885 6.942447
3886 7.748012
3887 7.842822
3888 8.751002
3889 8.547007
3890 8.895311
3891 8.936584
3892 8.906598
3893 8.151741
3894 9.306972
3895 9.614728
3896 7.529821
3897 8.170063
3898 8.931639
3899 8.198321
3900 8.197045
3901 9.239763
3902 7.753613
3903 6.332289
3904 7.939631
3905 6.251065
3906 5.624979
3907 6.303719
3908 5.967359
3909 8.050809
3910 6.653997
3911 6.207656
3912 6.721195
3913 6.345154
3914 5.259776
3915 5.591177
3916 6.893771
3917 6.191163
3918 3.880592
3919 3.782210
3920 6.011276
3921 5.328763
3922 6.317159
3923 3.982590
3924 3.843622
3925 3.465182
3926 3.589239
3927 6.146430
3928 6.448670
3929 5.852405
3930 5.169156
3931 6.097456
3932 6.260250
3933 6.229117
3934 6.264418
3935 6.654698
3936 8.183611
3937 8.843105
3938 9.336457
3939 9.870409
3940 9.496846
3941 5.837468
3942 7.813329
3943 6.965443
3944 9.479148
3945 6.522904
3946 8.471478
3947 7.681873
3948 8.487803
3949 7.782862
3950 7.659834
3951 9.018665
3952 7.989223
3953 7.147419
3954 8.109587
3955 7.559649
3956 7.701072
3957 8.788800
3958 8.816565
3959 9.225619
3960 9.523335
3961 9.209702
3962 8.127657
3963 7.433311
3964 6.086226
3965 6.113014
3966 8.516743
3967 9.587647
3968 7.732616
3969 5.595810
3970 6.020710
3971 5.816619
3972 5.050870
3973 5.951872
3974 5.512692
3975 7.981884
3976 6.174641
3977 5.637714
3978 5.615738
3979 6.383017
3980 6.081950
3981 10.326524
3982 8.236320
3983 9.781425
3984 7.783302
3985 9.144561
3986 8.773717
3987 9.269416
3988 9.914370
3989 8.293910
3990 9.959496
3991 7.976783
3992 7.132260
3993 8.648574
3994 8.560659
3995 8.094998
3996 8.405250
3997 7.448641
3998 8.368886
3999 6.412654
4000 8.312164
4001 7.718175
4002 6.400482
4003 6.474760
4004 8.394923
4005 7.046794
4006 7.861532
4007 8.086469
4008 8.343163
4009 7.659720
4010 6.523847
4011 7.655908
4012 7.118222
4013 7.815892
4014 9.371264
4015 9.128971
4016 9.459084
4017 9.567152
4018 9.380217
4019 7.967182
4020 9.055088
4021 9.419778
4022 9.614032
4023 10.778783
4024 9.119920
4025 9.383018
4026 9.539633
4027 9.789884
4028 9.778803
4029 8.561702
4030 10.236279
4031 10.066860
4032 9.975496
4033 8.221660
4034 8.867927
4035 8.769526
4036 7.816612
4037 8.491381
4038 8.303315
4039 8.246979
4040 8.067801
4041 8.408317
4042 7.784451
4043 8.049537
4044 5.968660
4045 6.178647
4046 6.435722
4047 6.191484
4048 6.368907
4049 7.414086
4050 5.700790
4051 5.990153
4052 5.988031
4053 6.604132
4054 5.720742
4055 6.491474
4056 6.077483
4057 5.493734
4058 5.507558
4059 5.215600
4060 6.179322
4061 5.453631
4062 3.709310
4063 3.622751
4064 3.880014
4065 3.774823
4066 3.495341
4067 3.540807
4068 3.635233
4069 3.708828
4070 3.783817
4071 4.286826
4072 4.051011
4073 5.241387
4074 6.044413
4075 5.275615
4076 5.911719
4077 6.080672
4078 5.423917
4079 5.686503
4080 5.859710
4081 5.976164
4082 6.509681
4083 6.720602
4084 5.645399
4085 6.047893
4086 5.801263
4087 6.880092
4088 6.395138
4089 6.904248
4090 6.307146
4091 6.297981
4092 5.575714
4093 5.499188
4094 6.327126
4095 6.203696
4096 5.855496
4097 6.125638
4098 6.112457
4099 7.875039
4100 7.658595
4101 7.283976
4102 7.350984
4103 6.586701
4104 7.899435
4105 10.138301
4106 10.620156
4107 9.485196
4108 9.561747
4109 9.167125
4110 10.159898
4111 10.618383
4112 9.192089
4113 10.241660
4114 10.199286
4115 9.479838
4116 11.027324
4117 10.596650
4118 9.863417
4119 10.087349
4120 9.759559
4121 10.361128
4122 9.190827
4123 10.461610
4124 8.689056
4125 8.862603
4126 9.572930
4127 10.841117
4128 9.220534
4129 9.604720
4130 9.579595
4131 9.497691
4132 9.516442
4133 10.018457
4134 9.667415
4135 9.304888
4136 10.303211
4137 10.270527
4138 9.032750
4139 9.580511
4140 8.544788
4141 8.548474
4142 7.092454
4143 6.302713
4144 5.913393
4145 7.398811
4146 8.250125
4147 7.396233
4148 7.927588
4149 7.097890
4150 7.767791
4151 7.992622
4152 7.120310
4153 9.045783
4154 8.122611
4155 9.062698
4156 8.544038
4157 9.068834
4158 6.537343
4159 6.552323
4160 6.462974
4161 8.409314
4162 5.779947
4163 5.331444
4164 5.404831
4165 7.322110
4166 7.154763
4167 8.373107
4168 7.026192
4169 7.625568
4170 5.534860
4171 6.336189
4172 6.805793
4173 8.618826
4174 9.740433
4175 9.614816
4176 8.332240
4177 9.382797
4178 8.710934
4179 9.036834
4180 8.216798
4181 9.605602
4182 10.639672
4183 10.306704
4184 8.856914
4185 8.866413
4186 8.546312
4187 8.483809
4188 8.410145
4189 7.452909
4190 8.198414
4191 7.455880
4192 8.812542
4193 8.273573
4194 7.026245
4195 5.945848
4196 6.327027
4197 5.747138
4198 7.807572
4199 9.641560
4200 8.776846
4201 8.289756
4202 8.860140
4203 7.317764
4204 9.492427
4205 8.454858
4206 8.291594
4207 9.214311
4208 8.430625
4209 8.640956
4210 8.080757
4211 9.258317
4212 8.191318
4213 10.028295
4214 9.028289
4215 7.790577
4216 8.566498
4217 7.752348
4218 7.281438
4219 6.348894
4220 5.777523
4221 6.916490
4222 6.189619
4223 7.876175
4224 6.006470
4225 5.792512
4226 8.751119
4227 8.571311
4228 8.649679
4229 8.170261
4230 8.306021
4231 8.421266
4232 9.215126
4233 8.968958
4234 7.606217
4235 9.120757
4236 8.261789
4237 9.867186
4238 6.365167
4239 8.141969
4240 7.352727
4241 9.124191
4242 9.447165
4243 6.262502
4244 5.460367
4245 6.038629
4246 5.925657
4247 6.319247
4248 7.602373
4249 5.973045
4250 8.382573
4251 8.425711
4252 8.172610
4253 9.367073
4254 9.375267
4255 9.905603
4256 8.601879
4257 9.568381
4258 8.303047
4259 9.648652
4260 10.647663
4261 9.206393
4262 10.117795
4263 8.616461
4264 9.795276
4265 10.173470
4266 8.246994
4267 8.669867
4268 9.228796
4269 8.811695
4270 8.929298
4271 9.319018
4272 9.892518
4273 9.724715
4274 8.686107
4275 9.986116
4276 9.666691
4277 9.366100
4278 9.882541
4279 10.521260
4280 9.876126
4281 9.551151
4282 8.569263
4283 8.888757
4284 9.991645
4285 10.248947
4286 8.576813
4287 10.074188
4288 9.233710
4289 10.554931
4290 9.064442
4291 8.448794
4292 8.931038
4293 8.872640
4294 9.042418
4295 10.111073
4296 9.253804
4297 8.084534
4298 8.321662
4299 9.180911
4300 10.012299
4301 7.810827
4302 7.140013
4303 9.359836
4304 8.693613
4305 8.135048
4306 9.386770
4307 7.874739
4308 8.936498
4309 9.638807
4310 8.741684
4311 8.803554
4312 9.121448
4313 7.780711
4314 7.172872
4315 8.545577
4316 8.068394
4317 8.825647
4318 10.233909
4319 9.040602
4320 8.353735
4321 8.069567
4322 8.649891
4323 9.166982
4324 8.012212
4325 8.363238
4326 7.998638
4327 5.192436
4328 5.513022
4329 3.945626
4330 3.311150
4331 3.792268
4332 3.725881
4333 4.007105
4334 3.819874
4335 3.553898
4336 4.008103
4337 3.673613
4338 4.110830
4339 3.858769
4340 3.535110
4341 3.526148
4342 3.713459
4343 3.693574
4344 3.671863
4345 4.027172
4346 3.734883
4347 3.717000
4348 3.529190
4349 3.566639
4350 3.606940
4351 3.837394
4352 5.309293
4353 5.547667
4354 6.057242
4355 5.551582
4356 5.754311
4357 3.986720
4358 3.415642
4359 3.896806
4360 3.585233
4361 3.580562
4362 4.020260
4363 3.702984
4364 3.564520
4365 3.604234
4366 3.716584
4367 3.642129
4368 3.694887
4369 3.514056
4370 3.886631
4371 3.748384
4372 3.535152
4373 3.667396
4374 3.774757
4375 3.625410
4376 3.613197
4377 3.572832
4378 3.815156
4379 3.692888
4380 3.649850
4381 3.634291
4382 3.920830
4383 3.762803
4384 3.560827
4385 3.537285
4386 3.711875
4387 3.442759
4388 3.866758
4389 4.102224
4390 3.769418
4391 3.540777
4392 3.877705
4393 3.839219
4394 3.903906
4395 3.861568
4396 3.925967
4397 3.723452
4398 3.853182
4399 3.783569
4400 3.644432
4401 3.506008
4402 3.455512
4403 3.566176
4404 3.667520
4405 3.132316
4406 3.901602
4407 3.593230
4408 3.322365
4409 3.721074
4410 3.592061
4411 3.924908
4412 3.929838
4413 3.469789
4414 3.495744
4415 3.675502
4416 3.732357
4417 3.505112
4418 5.411746
4419 3.873231
4420 3.716615
4421 3.648917
4422 3.780227
4423 5.291098
4424 6.039696
4425 3.982624
4426 3.543295
4427 3.576042
4428 3.821595
4429 3.755981
4430 3.748426
4431 3.579551
4432 3.617747
4433 3.760331
4434 3.629831
4435 3.426907
4436 3.871356
4437 3.519005
4438 3.275441
4439 3.671851
4440 3.797840
4441 4.038687
4442 3.837422
4443 3.829605
4444 3.704190
4445 3.647152
4446 3.724997
4447 3.858057
4448 3.962940
4449 3.649402
4450 3.815898
4451 3.837839
4452 3.888276
4453 5.561827
4454 5.815496
4455 5.226680
4456 6.109305
4457 6.213700
4458 6.061994
4459 3.641620
4460 3.843254
4461 3.690013
4462 5.375930
4463 5.653551
4464 6.279722
4465 5.160746
4466 6.093037
4467 5.228490
4468 3.824264
4469 3.976707
4470 3.677580
4471 3.729568
4472 3.671741
4473 3.523991
4474 3.265258
4475 3.573724
4476 3.967230
4477 3.515508
4478 3.769072
4479 3.598816
4480 3.585558
4481 5.952927
4482 5.920219
4483 8.239963
4484 8.592129
4485 7.814171
4486 8.129587
4487 6.636845
4488 7.879114
4489 9.559881
4490 9.151772
4491 9.509056
4492 9.770795
4493 9.587040
4494 9.281096
4495 10.418642
4496 9.542397
4497 9.891535
4498 9.763389
4499 10.028770
4500 10.514513
4501 10.026352
4502 10.357882
4503 9.809591
4504 9.270172
4505 8.462924
4506 8.549584
4507 7.953893
4508 9.990494
4509 10.279542
4510 10.560749
4511 9.288838
4512 9.259364
4513 9.620803
4514 8.192501
4515 9.429089
4516 10.319238
4517 10.816773
4518 10.610019
4519 10.786388
4520 10.130419
4521 9.854813
4522 10.858077
4523 9.373436
4524 9.827861
4525 10.584351
4526 10.238389
4527 10.777563
4528 10.196475
4529 9.827602
4530 9.115012
4531 8.902884
4532 8.564044
4533 8.455729
4534 8.813638
4535 9.182837
4536 8.572107
4537 8.890543
4538 8.952516
4539 8.965763
4540 8.207878
4541 8.325825
4542 8.100897
4543 8.152769
4544 8.328948
4545 7.857252
4546 9.231719
4547 8.726807
4548 8.225562
4549 8.439960
4550 8.146591
4551 9.005273
4552 8.982347
4553 9.051322
4554 8.773177
4555 9.138240
4556 8.900283
4557 9.418307
4558 7.968319
4559 5.971776
4560 5.769921
4561 5.809079
4562 5.586719
4563 6.014821
4564 6.199144
4565 5.973983
4566 5.396607
4567 6.478207
4568 6.409944
4569 8.901249
4570 8.390516
4571 9.859580
4572 8.962399
4573 8.928953
4574 9.051014
4575 9.131200
4576 8.146419
4577 9.187143
4578 7.523149
4579 6.665268
4580 6.268474
4581 5.731753
4582 5.925111
4583 5.404158
4584 5.865910
4585 5.974488
4586 5.709060
4587 6.157253
4588 5.868950
4589 6.176133
4590 5.768281
4591 5.724178
4592 3.906735
4593 3.775313
4594 3.851455
4595 6.209582
4596 6.186553
4597 6.043905
4598 5.700011
4599 6.684142
4600 6.249622
4601 5.346952
4602 5.691242
4603 6.294672
4604 7.463442
4605 5.730408
4606 7.462626
4607 7.748964
4608 7.344856
4609 7.261777
4610 7.296695
4611 8.636052
4612 9.438670
4613 9.038815
4614 8.357328
4615 7.523835
4616 7.363986
4617 8.032791
4618 6.197221
4619 7.511517
4620 7.464587
4621 7.710331
4622 7.572930
4623 7.980105
4624 8.069753
4625 8.720446
4626 7.198747
4627 6.108326
4628 6.489511
4629 6.390476
4630 5.629247
4631 3.901027
4632 3.680627
4633 5.391607
4634 3.926948
4635 4.580274
4636 3.719587
4637 3.682677
4638 3.671529
4639 3.682108
4640 3.333857
4641 3.441714
4642 3.259852
4643 3.682094
4644 3.639410
4645 3.180501
4646 4.360194
4647 5.949905
4648 7.664690
4649 9.725438
4650 8.312597
4651 9.430920
4652 9.656706
4653 9.614557
4654 9.782317
4655 9.990998
4656 9.609877
4657 9.161983
4658 8.280888
4659 9.150790
4660 9.820431
4661 9.510169
4662 9.037823
4663 8.721658
4664 7.840224
4665 8.790465
4666 9.101323
4667 9.708912
4668 9.080296
4669 5.915318
4670 7.589833
4671 7.700711
4672 7.168744
4673 8.635763
4674 8.280439
4675 6.670297
4676 6.481912
4677 6.720307
4678 6.651566
4679 8.085854
4680 7.623101
4681 7.213152
4682 8.697848
4683 9.449925
4684 9.121111
4685 6.929890
4686 7.269426
4687 8.619840
4688 7.487648
4689 9.538875
4690 9.638013
4691 10.145711
4692 9.709602
4693 8.994728
4694 9.532862
4695 7.563731
4696 9.826375
4697 9.027853
4698 9.585772
4699 8.824115
4700 9.465797
4701 9.619033
4702 9.764983
4703 8.329860
4704 8.868539
4705 8.877325
4706 10.188683
4707 10.043067
4708 9.188652
4709 9.730575
4710 9.543583
4711 9.955357
4712 9.614046
4713 8.564510
4714 7.315587
4715 8.741000
4716 8.939018
4717 6.094799
4718 5.415247
4719 5.484498
4720 6.254353
4721 7.346527
4722 6.175226
4723 6.433387
4724 6.092692
4725 3.828875
4726 3.717716
4727 3.606065
4728 3.797693
4729 3.311812
4730 3.571608
4731 3.520881
4732 3.641501
4733 3.275534
4734 3.868362
4735 3.749268
4736 3.554336
4737 3.606912
4738 3.606745
4739 3.528865
4740 3.774945
4741 3.709916
4742 5.840635
4743 4.183556
4744 3.615536
4745 3.202890
4746 3.740119
4747 3.814578
4748 4.073744
4749 3.906471
4750 3.541028
4751 3.704780
4752 3.753467
4753 3.790372
4754 3.758327
4755 3.786556
4756 3.637101
4757 3.858803
4758 3.776836
4759 3.768103
4760 3.834398
4761 3.727860
4762 3.857218
4763 3.486314
4764 3.876101
4765 3.611398
4766 3.600233
4767 3.395423
4768 3.842250
4769 3.375017
4770 3.467332
4771 3.280869
4772 3.602405
4773 3.708560
4774 3.741737
4775 3.470750
4776 3.815875
4777 3.534062
4778 3.575852
4779 3.786633
4780 3.401709
4781 3.612048
4782 3.520584
4783 3.589179
4784 3.611095
4785 3.871536
4786 3.537485
4787 3.429067
4788 3.068842
4789 3.603973
4790 3.550630
4791 3.841810
4792 3.551651
4793 3.565463
4794 3.649743
4795 3.543117
4796 3.558835
4797 3.681602
4798 3.750478
4799 3.586100
4800 3.687556
4801 3.899400
4802 3.473907
4803 3.792125
4804 3.717662
4805 3.947011
4806 3.504485
4807 3.837240
4808 3.726920
4809 3.748950
4810 3.683178
4811 3.678302
4812 3.655694
4813 3.409189
4814 3.691422
4815 3.865567
4816 3.478636
4817 3.603702
4818 3.848973
4819 3.597697
4820 3.641550
4821 3.529205
4822 3.610251
4823 3.449004
4824 3.639094
4825 3.558215
4826 3.899707
4827 3.937014
4828 3.929530
4829 4.136490
4830 3.908108
4831 5.524215
4832 5.286563
4833 5.718048
4834 3.786781
4835 3.603860
4836 3.734312
4837 4.055614
4838 3.521194
4839 3.577892
4840 3.643408
4841 3.765649
4842 3.580237
4843 3.729297
4844 3.779275
4845 3.469886
4846 3.925735
4847 3.572241
4848 3.601234
4849 3.845847
4850 3.548891
4851 3.811942
4852 3.569621
4853 3.492294
4854 3.998553
4855 3.755438
4856 3.803345
4857 3.646696
4858 3.661748
4859 3.835242
4860 3.870564
4861 3.800658
4862 3.675487
4863 3.603137
4864 3.681645
4865 3.349825
4866 3.655326
4867 3.414452
4868 3.712803
4869 3.711134
4870 3.852117
4871 3.766949
4872 3.686409
4873 3.551972
4874 3.728609
4875 3.474770
4876 3.611614
4877 4.095573
4878 3.711102
4879 3.745100
4880 3.843296
4881 3.676018
4882 3.868298
4883 3.929182
4884 3.857292
4885 7.497854
4886 8.154192
4887 6.742299
4888 6.427462
4889 5.186151
4890 4.912729
4891 3.952631
4892 3.832680
4893 3.567310
4894 3.871047
4895 4.002073
4896 3.627795
4897 5.863537
4898 4.994156
4899 3.780011
4900 3.531228
4901 3.819165
4902 3.833498
4903 3.384719
4904 6.101167
4905 5.743959
4906 5.600296
4907 6.081982
4908 6.619812
4909 7.145429
4910 8.063497
4911 7.582284
4912 5.760069
4913 7.626612
4914 7.524216
4915 6.734643
4916 7.237404
4917 5.614701
4918 5.953398
4919 6.585508
4920 5.829897
4921 6.195291
4922 6.371856
4923 7.558474
4924 6.377888
4925 7.078790
4926 6.291971
4927 5.925218
4928 6.523448
4929 6.641908
4930 5.969458
4931 6.523258
4932 5.462471
4933 3.719825
4934 3.935492
4935 3.601793
4936 3.921079
4937 3.979271
4938 3.682403
4939 3.748199
4940 3.815731
4941 3.882747
4942 3.753050
4943 3.882914
4944 3.826456
4945 3.729737
4946 3.483650
4947 3.839561
4948 3.746970
4949 3.393834
4950 5.603583
4951 3.931487
4952 3.937272
4953 3.908416
4954 3.991890
4955 3.915883
4956 3.665653
4957 3.736580
4958 3.580514
4959 4.102448
4960 5.443025
4961 4.961704
4962 5.691707
4963 5.734686
4964 5.512248
4965 5.718349
4966 5.703846
4967 5.375355
4968 3.742024
4969 3.658461
4970 3.679319
4971 3.630661
4972 3.628623
4973 3.477787
4974 3.661597
4975 3.821006
4976 3.713339
4977 3.588732
4978 3.663184
4979 3.533426
4980 3.845955
4981 3.830127
4982 3.384762
4983 3.685837
4984 3.604731
4985 3.757989
4986 3.393773
4987 5.327564
4988 5.915076
4989 5.387039
4990 6.257206
4991 5.867965
4992 7.778040
4993 7.291843
4994 7.754915
4995 7.960695
4996 7.356964
4997 8.673766
4998 7.213856
4999 6.160983
5000 6.978289
5001 9.127570

