@type xy
@title "Label Graph"
@s0 legend "2"
0 5.388484
1 5.264225
2 9.210052
3 6.945259
4 8.436400
5 9.311803
6 6.607397
7 8.816409
8 7.663191
9 6.765307
10 6.767076
11 5.860343
12 5.816821
13 5.857192
14 5.968164
15 5.998876
16 5.494886
17 3.787215
18 3.598013
19 4.899034
20 7.999530
21 5.631784
22 3.530480
23 3.808012
24 3.703270
25 3.848710
26 3.239046
27 3.296591
28 3.998213
29 3.927479
30 3.515609
31 3.777018
32 3.411436
33 3.457325
34 3.181986
35 3.203595
36 3.224177
37 3.568980
38 3.262974
39 3.286228
40 3.245969
41 3.961025
42 3.263688
43 5.031518
44 3.295210
45 3.429125
46 3.179713
47 3.186128
48 3.595304
49 3.741460
50 3.213662
51 3.604250
52 3.237545
53 3.866124
54 3.626690
55 3.625203
56 3.587127
57 3.881909
58 3.509264
59 3.490972
60 3.250352
61 3.609488
62 3.834224
63 3.802383
64 3.874031
65 3.926015
66 3.825503
67 3.328693
68 3.220576
69 3.174695
70 3.169994
71 3.663999
72 3.346548
73 3.594458
74 3.740452
75 3.398517
76 3.321760
77 3.179275
78 3.719543
79 3.546295
80 3.329773
81 3.496298
82 3.634526
83 3.701429
84 3.422415
85 3.152789
86 3.520087
87 3.320371
88 3.528742
89 3.168124
90 3.169397
91 3.084368
92 3.375985
93 3.414589
94 3.218744
95 3.167240
96 3.396734
97 3.757992
98 3.318432
99 3.649082
100 3.178206
101 3.466598
102 3.333898
103 3.104112
104 3.201044
105 3.347476
106 3.163953
107 3.339253
108 3.621190
109 3.209606
110 3.413884
111 3.506310
112 3.234468
113 3.213161
114 3.285316
115 3.392289
116 3.256774
117 3.202575
118 3.445084
119 3.231272
120 3.279587
121 3.347030
122 3.344772
123 3.051573
124 3.601849
125 3.327967
126 3.578408
127 3.605193
128 3.491994
129 3.585558
130 3.786149
131 3.178586
132 3.761317
133 6.373422
134 3.044767
135 3.464144
136 3.349942
137 3.326329
138 3.197202
139 3.334740
140 3.350080
141 3.779327
142 5.012290
143 3.391519
144 3.182216
145 3.321849
146 3.572196
147 3.573025
148 3.730777
149 3.529004
150 3.120277
151 3.754187
152 5.607640
153 5.441627
154 3.417674
155 7.843339
156 7.587623
157 8.056918
158 5.644917
159 6.515077
160 5.771723
161 5.903681
162 7.794283
163 7.362422
164 7.827569
165 7.960789
166 7.491631
167 7.840080
168 6.391844
169 5.773161
170 5.336618
171 5.745561
172 3.792111
173 3.426792
174 3.350105
175 3.349906
176 3.215374
177 4.077215
178 3.153716
179 3.378122
180 3.350524
181 3.113023
182 3.243976
183 3.251972
184 3.439830
185 3.425377
186 3.413091
187 3.603910
188 3.287523
189 3.412111
190 3.544941
191 3.682338
192 3.118636
193 3.463525
194 3.247289
195 3.820286
196 3.350236
197 3.172331
198 4.026163
199 3.251414
200 3.041860
201 3.340706
202 3.451742
203 3.288434
204 3.490629
205 3.840237
206 3.295463
207 3.398510
208 3.180076
209 4.049816
210 3.144406
211 3.799538
212 3.747820
213 3.319566
214 3.374138
215 3.420675
216 3.489482
217 3.466151
218 3.713969
219 3.288256
220 3.280317
221 4.061014
222 3.323252
223 3.215742
224 3.158638
225 5.091421
226 4.841877
227 3.574161
228 3.668703
229 3.585900
230 3.533440
231 3.558964
232 3.202173
233 4.688933
234 3.370016
235 3.351740
236 3.272813
237 5.212290
238 3.186789
239 4.690392
240 3.365548
241 3.318161
242 3.762580
243 3.624613
244 3.306811
245 3.811048
246 3.618504
247 3.972203
248 3.373338
249 3.818195
250 3.933057
251 3.609451
252 3.792941
253 3.702887
254 3.644296
255 3.525182
256 3.594734
257 3.458252
258 3.255240
259 4.007174
260 3.365988
261 5.706485
262 3.539565
263 3.336076
264 3.628087
265 3.533853
266 3.404866
267 3.723353
268 3.471150
269 3.627810
270 3.774190
271 3.832216
272 3.577990
273 3.396277
274 3.582647
275 3.849490
276 3.682473
277 3.980108
278 3.092310
279 5.584563
280 3.573371
281 3.368156
282 3.370593
283 3.556586
284 3.238673
285 3.658813
286 3.334798
287 3.384513
288 3.543308
289 3.875607
290 3.414020
291 3.147714
292 3.958042
293 3.329038
294 3.645293
295 3.590345
296 3.535672
297 3.150742
298 3.331936
299 3.726986
300 3.542156
301 3.422924
302 3.354533
303 3.966090
304 3.054454
305 3.671649
306 3.798273
307 3.752989
308 3.489572
309 3.162501
310 3.795919
311 3.912609
312 2.982429
313 3.697862
314 3.472748
315 3.408372
316 3.313698
317 3.811812
318 3.630151
319 4.940130
320 3.390609
321 3.311719
322 3.230312
323 3.226069
324 3.417253
325 3.806341
326 3.276288
327 3.636056
328 3.554518
329 3.900464
330 3.550519
331 3.593517
332 3.484439
333 3.589159
334 3.749624
335 3.601406
336 3.592119
337 3.948530
338 3.438926
339 3.677880
340 3.675796
341 3.587703
342 3.353653
343 3.676479
344 3.522583
345 3.887739
346 3.514322
347 3.774057
348 3.514008
349 3.573347
350 2.960220
351 3.733111
352 3.562426
353 3.618692
354 3.618343
355 3.396157
356 5.014662
357 3.384243
358 3.506838
359 3.221070
360 3.511141
361 3.788483
362 3.468605
363 3.726393
364 3.312296
365 3.845569
366 3.905864
367 3.667273
368 3.307163
369 3.712964
370 4.701864
371 3.678912
372 3.610127
373 3.487190
374 2.993941
375 3.361857
376 3.969316
377 5.859302
378 6.228860
379 5.465430
380 3.615645
381 3.500142
382 3.842674
383 3.481507
384 3.725503
385 3.902010
386 3.934529
387 3.396641
388 3.397662
389 3.183375
390 2.984661
391 3.848573
392 3.726045
393 3.877074
394 3.783559
395 5.918834
396 5.985648
397 6.537744
398 3.728926
399 4.677333
400 3.338770
401 3.612546
402 3.343416
403 3.162815
404 3.981217
405 3.617802
406 3.362569
407 3.488008
408 3.493605
409 3.532772
410 3.414673
411 3.686529
412 3.315299
413 3.710998
414 5.998531
415 3.601236
416 3.708234
417 3.286548
418 3.807387
419 3.229145
420 3.724634
421 3.486172
422 3.696442
423 3.432693
424 4.586441
425 5.270723
426 3.834236
427 3.410070
428 3.167034
429 3.126675
430 3.378372
431 5.822803
432 6.972587
433 6.018424
434 5.815412
435 5.370374
436 6.624201
437 6.211585
438 5.264197
439 5.666224
440 7.488454
441 9.395288
442 8.319512
443 7.206791
444 8.577250
445 7.381935
446 7.933393
447 6.432323
448 5.053060
449 3.783041
450 3.772996
451 3.603360
452 3.327778
453 3.712376
454 3.210690
455 3.699450
456 3.112972
457 3.508237
458 3.461605
459 3.400676
460 3.480819
461 3.265887
462 3.660561
463 3.841637
464 3.562593
465 3.183250
466 3.456299
467 3.580016
468 3.752998
469 3.497845
470 3.289469
471 3.326650
472 3.583141
473 3.641896
474 5.798293
475 5.229057
476 5.947083
477 3.325178
478 3.239924
479 3.407566
480 3.586759
481 3.969398
482 3.346534
483 3.231930
484 3.086697
485 3.239058
486 3.145483
487 3.176448
488 3.090004
489 3.632091
490 3.301122
491 4.117491
492 3.650892
493 3.222060
494 3.530112
495 3.551693
496 3.573136
497 3.607022
498 3.893070
499 3.274479
500 3.201468
501 3.544263
502 4.895327
503 3.569013
504 3.596287
505 3.504467
506 3.250446
507 3.305283
508 3.505037
509 3.226235
510 3.898537
511 3.943018
512 3.679955
513 3.994219
514 3.883478
515 3.491846
516 3.631252
517 3.283304
518 3.394539
519 3.636455
520 3.756924
521 3.577795
522 3.218041
523 3.472104
524 3.743501
525 3.741094
526 3.834473
527 3.702779
528 3.555589
529 3.171669
530 3.924829
531 3.822002
532 6.706758
533 3.480241
534 3.551294
535 3.799275
536 3.516519
537 3.723992
538 3.431458
539 4.682262
540 5.264340
541 5.518051
542 7.160901
543 8.139395
544 7.205810
545 6.111390
546 6.585948
547 7.988297
548 9.473620
549 8.502101
550 5.558750
551 6.155724
552 9.070174
553 8.539406
554 6.761074
555 7.502649
556 7.946359
557 8.822415
558 9.226418
559 7.299056
560 7.104350
561 7.218040
562 7.794770
563 8.131450
564 5.831332
565 5.451786
566 6.202217
567 6.240366
568 6.191389
569 6.569533
570 8.207474
571 8.282626
572 7.128652
573 6.288482
574 7.069304
575 7.283222
576 3.448853
577 4.876030
578 3.974826
579 8.221391
580 9.073972
581 7.905046
582 8.819586
583 9.122658
584 7.260042
585 3.643489
586 3.827187
587 3.723414
588 3.754791
589 3.473470
590 3.587615
591 3.165343
592 3.143790
593 3.281583
594 3.204899
595 3.846932
596 3.797446
597 3.662028
598 3.412710
599 2.973612
600 3.842581
601 3.517329
602 3.598150
603 3.531954
604 3.374698
605 3.353995
606 3.041264
607 3.171418
608 3.475721
609 3.312446
610 3.392615
611 3.285314
612 4.150638
613 3.726308
614 3.578617
615 5.057464
616 3.181411
617 3.366855
618 3.502542
619 3.479007
620 3.150034
621 3.890425
622 3.687739
623 3.713774
624 3.199574
625 3.660879
626 3.168973
627 3.916082
628 3.263433
629 3.629381
630 3.309651
631 3.436307
632 3.397708
633 3.442370
634 3.287068
635 3.816307
636 3.325911
637 3.538897
638 3.795971
639 3.713245
640 3.319804
641 3.109821
642 3.737458
643 3.333782
644 4.927834
645 3.622458
646 5.987464
647 5.508158
648 5.584530
649 3.794837
650 3.127087
651 3.576662
652 3.563734
653 5.448789
654 3.328998
655 3.274688
656 3.797973
657 3.514695
658 3.383031
659 3.159065
660 3.559634
661 3.258249
662 5.893272
663 3.948177
664 3.578295
665 3.819657
666 8.265388
667 7.799705
668 6.946573
669 6.923871
670 6.396794
671 7.495583
672 6.449233
673 8.465705
674 7.367909
675 7.893938
676 7.323398
677 8.617066
678 7.630086
679 6.533896
680 8.203233
681 4.215617
682 7.657564
683 4.087552
684 7.293078
685 6.970032
686 7.061870
687 6.976096
688 7.929174
689 7.364549
690 6.795371
691 8.406653
692 8.209932
693 8.995000
694 7.346932
695 9.867131
696 9.498074
697 6.219534
698 5.364793
699 5.396186
700 5.933313
701 8.107210
702 7.220720
703 7.757121
704 8.444028
705 10.263260
706 10.224991
707 9.730808
708 9.173832
709 8.329355
710 8.595664
711 8.931501
712 7.391921
713 5.762415
714 6.619707
715 5.068735
716 4.334481
717 5.352989
718 5.303855
719 6.554699
720 7.383369
721 6.761459
722 7.437799
723 6.261672
724 6.642989
725 6.209679
726 6.173955
727 7.743730
728 6.396016
729 9.248125
730 6.487305
731 7.888800
732 7.755378
733 5.292355
734 5.111887
735 6.212837
736 5.659662
737 6.011762
738 5.943249
739 5.633878
740 6.130199
741 7.210379
742 10.020268
743 5.507256
744 5.674910
745 6.030040
746 7.076168
747 5.847345
748 6.724833
749 6.806826
750 5.769233
751 5.537590
752 3.851103
753 3.711952
754 3.865176
755 4.676326
756 5.751322
757 6.593174
758 5.185193
759 5.592777
760 3.218911
761 4.298318
762 5.567452
763 6.970350
764 7.983556
765 6.445251
766 7.550188
767 6.789485
768 7.065012
769 7.178172
770 9.224383
771 9.207955
772 9.292926
773 9.200665
774 10.073160
775 8.450528
776 6.623016
777 8.448678
778 5.897460
779 6.570187
780 5.676381
781 8.722410
782 5.791562
783 6.055954
784 5.344850
785 5.620130
786 3.882719
787 3.972557
788 3.844396
789 5.747040
790 5.627868
791 6.005903
792 5.642888
793 5.730072
794 5.549138
795 6.084407
796 5.499005
797 5.329361
798 5.870245
799 3.632974
800 3.313999
801 3.518947
802 3.647150
803 5.142025
804 4.311403
805 3.423961
806 3.513419
807 5.515962
808 5.872959
809 5.831861
810 6.093623
811 5.764120
812 3.476592
813 3.468784
814 4.293166
815 3.696293
816 3.630068
817 5.236464
818 5.153821
819 5.213342
820 8.328315
821 5.338355
822 5.419013
823 8.677396
824 5.832820
825 4.526257
826 5.496352
827 5.916131
828 6.979558
829 7.257020
830 7.501860
831 6.189721
832 9.378639
833 10.917223
834 9.215133
835 8.824004
836 7.051451
837 9.149008
838 8.935701
839 6.644514
840 7.147755
841 7.548862
842 6.578954
843 6.366893
844 6.801600
845 8.552630
846 8.637054
847 5.645866
848 6.001701
849 5.694171
850 9.095654
851 6.178517
852 8.119352
853 7.406075
854 6.688204
855 10.666380
856 9.217406
857 5.492876
858 6.366071
859 5.494267
860 6.096228
861 5.741935
862 7.597802
863 7.912153
864 6.270573
865 5.435484
866 7.779692
867 6.776853
868 5.516106
869 6.319348
870 7.543218
871 5.993075
872 5.380613
873 5.064435
874 5.140711
875 5.947952
876 7.163188
877 7.421889
878 6.726032
879 7.475059
880 7.581119
881 7.747427
882 6.708489
883 4.799296
884 7.147655
885 7.154834
886 6.063838
887 3.414688
888 3.313868
889 3.633913
890 3.498297
891 3.569217
892 3.165690
893 3.774148
894 4.017035
895 3.023160
896 3.498014
897 3.817552
898 3.653850
899 3.259890
900 3.709204
901 3.543248
902 3.278066
903 3.285726
904 3.031435
905 5.253657
906 3.961350
907 3.319400
908 3.496373
909 3.616573
910 5.625237
911 3.415758
912 3.732149
913 4.795976
914 3.653894
915 3.453285
916 3.272032
917 5.861976
918 3.279561
919 3.194821
920 3.349792
921 3.349344
922 3.507903
923 3.875695
924 3.530904
925 3.584311
926 3.644033
927 3.575538
928 3.431283
929 3.662813
930 3.610114
931 4.492249
932 3.541937
933 3.620899
934 3.332508
935 3.620291
936 5.016462
937 5.233218
938 4.902211
939 3.370597
940 3.885206
941 3.390143
942 3.220586
943 3.433867
944 3.626431
945 3.897754
946 3.400898
947 3.618924
948 3.271270
949 3.105766
950 3.169182
951 3.344305
952 3.457199
953 3.355624
954 3.804121
955 3.130896
956 3.562708
957 3.748509
958 3.853115
959 3.384713
960 3.642871
961 3.800027
962 3.485770
963 3.190882
964 3.198328
965 5.471033
966 3.518492
967 3.671553
968 3.589323
969 3.844920
970 3.201471
971 3.436405
972 3.512878
973 3.650337
974 3.825517
975 3.603373
976 3.346730
977 3.961878
978 3.267458
979 3.693092
980 3.225474
981 3.285194
982 3.408491
983 3.593480
984 3.441648
985 3.650178
986 3.757941
987 2.962652
988 3.718090
989 3.420257
990 3.326452
991 3.826296
992 3.750583
993 3.451637
994 3.051312
995 3.316309
996 3.547476
997 3.564983
998 3.548153
999 3.318403
1000 3.482662
1001 4.562342
1002 3.435829
1003 3.235325
1004 3.488349
1005 2.977471
1006 3.206575
1007 3.649258
1008 3.329474
1009 3.181725
1010 3.702572
1011 3.198767
1012 3.301726
1013 3.434328
1014 3.714703
1015 3.560376
1016 3.753589
1017 3.599683
1018 3.388819
1019 3.747147
1020 3.727548
1021 3.545332
1022 3.459898
1023 3.496928
1024 3.411364
1025 4.681406
1026 3.288296
1027 3.277086
1028 3.382586
1029 3.272018
1030 3.457315
1031 3.397911
1032 3.353952
1033 3.761408
1034 3.628293
1035 3.315875
1036 3.259359
1037 3.259421
1038 3.625522
1039 3.399839
1040 3.569202
1041 3.539576
1042 3.781759
1043 3.123284
1044 3.285637
1045 3.263280
1046 3.706577
1047 3.145996
1048 3.626212
1049 3.436776
1050 3.746597
1051 3.799067
1052 3.634131
1053 8.954252
1054 8.920280
1055 8.284810
1056 9.750708
1057 6.371543
1058 5.697937
1059 6.124898
1060 5.866616
1061 6.024434
1062 6.582748
1063 5.868850
1064 7.259365
1065 6.177582
1066 6.377823
1067 4.241542
1068 5.784032
1069 3.526512
1070 5.355570
1071 5.814291
1072 5.143628
1073 6.171380
1074 7.310937
1075 5.462499
1076 6.560011
1077 6.921580
1078 5.884604
1079 6.326524
1080 6.197823
1081 7.160824
1082 6.812704
1083 6.630740
1084 8.066201
1085 6.533244
1086 3.746545
1087 6.901307
1088 7.146204
1089 5.697139
1090 7.325965
1091 7.272311
1092 6.080741
1093 3.693642
1094 3.558006
1095 5.406174
1096 5.616854
1097 7.090620
1098 5.749835
1099 4.854784
1100 8.458415
1101 7.486189
1102 7.965480
1103 8.394745
1104 6.332924
1105 7.134346
1106 7.132497
1107 7.561543
1108 7.383293
1109 6.287718
1110 7.264687
1111 7.392771
1112 6.045006
1113 8.636008
1114 5.525085
1115 3.895680
1116 3.622872
1117 3.571845
1118 3.421314
1119 3.193272
1120 3.374511
1121 3.810365
1122 3.854699
1123 3.800122
1124 4.699940
1125 6.503030
1126 3.430641
1127 3.575541
1128 3.473508
1129 3.242795
1130 3.337635
1131 3.236219
1132 3.453760
1133 3.391252
1134 3.067816
1135 3.282815
1136 3.719274
1137 3.411055
1138 3.174804
1139 3.475910
1140 3.219845
1141 3.622085
1142 3.380252
1143 3.077742
1144 3.182910
1145 3.750697
1146 6.085608
1147 3.877369
1148 3.752136
1149 3.704337
1150 3.365914
1151 6.270157
1152 6.379946
1153 6.376118
1154 7.547294
1155 5.679165
1156 6.432340
1157 7.627522
1158 7.071656
1159 7.510173
1160 7.233545
1161 6.929427
1162 8.004660
1163 6.278191
1164 7.343954
1165 7.332382
1166 7.730597
1167 7.803749
1168 6.286284
1169 7.284557
1170 5.817676
1171 6.242159
1172 6.829425
1173 7.125152
1174 6.567904
1175 6.725664
1176 6.973015
1177 8.050023
1178 7.141072
1179 7.215346
1180 6.172417
1181 7.383047
1182 8.295015
1183 6.931101
1184 8.215952
1185 7.289839
1186 6.100376
1187 6.700075
1188 7.482038
1189 7.485673
1190 6.495885
1191 5.350934
1192 7.300749
1193 6.296393
1194 7.488059
1195 7.217005
1196 5.340390
1197 7.003005
1198 7.547463
1199 7.452312
1200 7.078446
1201 8.341622
1202 6.083776
1203 6.648982
1204 7.263316
1205 6.992528
1206 4.477643
1207 6.499893
1208 6.138947
1209 5.679800
1210 6.962211
1211 3.475869
1212 3.802417
1213 3.383994
1214 3.391137
1215 7.387650
1216 6.132654
1217 7.130925
1218 6.214005
1219 5.734724
1220 6.503701
1221 7.181550
1222 6.183762
1223 5.750148
1224 7.196808
1225 9.146745
1226 9.026438
1227 8.762112
1228 8.508138
1229 6.572378
1230 8.245255
1231 6.736390
1232 5.597473
1233 9.157983
1234 6.660874
1235 6.246558
1236 7.586041
1237 8.411007
1238 7.101510
1239 7.635086
1240 7.857487
1241 10.235637
1242 9.111708
1243 6.491029
1244 5.260476
1245 6.841120
1246 6.724986
1247 7.128342
1248 10.306146
1249 9.734383
1250 9.772357
1251 6.577862
1252 7.782374
1253 7.620973
1254 5.801972
1255 7.140322
1256 8.856375
1257 10.943062
1258 7.900593
1259 9.739656
1260 7.605875
1261 10.071575
1262 7.961472
1263 7.219623
1264 7.165346
1265 6.480561
1266 8.982551
1267 12.048491
1268 11.759492
1269 9.610210
1270 11.413139
1271 10.705636
1272 9.494321
1273 8.707473
1274 8.940250
1275 8.989173
1276 8.653616
1277 10.177535
1278 8.477160
1279 9.556051
1280 11.760559
1281 8.941059
1282 6.369423
1283 6.660934
1284 5.918741
1285 3.649794
1286 5.657888
1287 9.136600
1288 9.023642
1289 8.405464
1290 5.232587
1291 5.629567
1292 7.659519
1293 7.305164
1294 6.725360
1295 5.988141
1296 6.212268
1297 6.775742
1298 7.991197
1299 6.532884
1300 7.903538
1301 5.585717
1302 5.844707
1303 5.606151
1304 5.263582
1305 7.163275
1306 6.740330
1307 6.561557
1308 5.865930
1309 5.618424
1310 6.822206
1311 7.168675
1312 5.898345
1313 6.974374
1314 7.432690
1315 7.806165
1316 8.915257
1317 8.332507
1318 7.622038
1319 8.370893
1320 7.561753
1321 5.559175
1322 6.802652
1323 6.715101
1324 5.590649
1325 6.382171
1326 8.002463
1327 5.753929
1328 7.057629
1329 6.887808
1330 7.659387
1331 7.148097
1332 4.908328
1333 3.709179
1334 3.757511
1335 3.656678
1336 3.493674
1337 3.158261
1338 3.717995
1339 3.824725
1340 3.312549
1341 3.767922
1342 3.422763
1343 3.471557
1344 3.367388
1345 3.504864
1346 3.824422
1347 3.741457
1348 3.849895
1349 3.522284
1350 3.638285
1351 3.615153
1352 3.488763
1353 3.388345
1354 3.888755
1355 4.688645
1356 3.162290
1357 3.582320
1358 3.294436
1359 3.751164
1360 3.187521
1361 3.213732
1362 3.122097
1363 3.474544
1364 3.695766
1365 3.273608
1366 3.155535
1367 5.549968
1368 5.193284
1369 5.915294
1370 6.938003
1371 6.569160
1372 9.110023
1373 7.750725
1374 6.887019
1375 7.478355
1376 5.603790
1377 7.825893
1378 10.114724
1379 8.907393
1380 11.334737
1381 5.854475
1382 6.462704
1383 4.717722
1384 5.954166
1385 5.274218
1386 8.278168
1387 7.223227
1388 6.189298
1389 7.985290
1390 8.386856
1391 5.521864
1392 7.387914
1393 7.170282
1394 6.475161
1395 7.627319
1396 7.372710
1397 6.867739
1398 6.115374
1399 6.872769
1400 7.775533
1401 6.183321
1402 9.127792
1403 8.511978
1404 7.060090
1405 8.055373
1406 10.508018
1407 9.387313
1408 8.720976
1409 10.297691
1410 9.212994
1411 9.659205
1412 8.084174
1413 10.878998
1414 10.921762
1415 9.634833
1416 10.155692
1417 10.382130
1418 7.763665
1419 9.029208
1420 8.501253
1421 9.291680
1422 8.078329
1423 10.912516
1424 9.747025
1425 9.299394
1426 8.000782
1427 9.263226
1428 9.537688
1429 5.971549
1430 9.262943
1431 6.470151
1432 7.011632
1433 8.391358
1434 8.664841
1435 8.858842
1436 10.061097
1437 8.595734
1438 9.542260
1439 11.032728
1440 9.239626
1441 10.464040
1442 8.986536
1443 8.421712
1444 9.077935
1445 9.012239
1446 8.580877
1447 6.959197
1448 8.283027
1449 8.740027
1450 10.239635
1451 9.595885
1452 8.774371
1453 8.516345
1454 7.315497
1455 7.702538
1456 8.250591
1457 6.474365
1458 6.325163
1459 6.767404
1460 4.073636
1461 3.332465
1462 3.594132
1463 3.292023
1464 3.594270
1465 3.161983
1466 3.121617
1467 3.423814
1468 3.303999
1469 3.660394
1470 3.458930
1471 3.859779
1472 3.733603
1473 6.379781
1474 7.343311
1475 5.087900
1476 6.176201
1477 7.182237
1478 6.073928
1479 6.419238
1480 5.358637
1481 5.873762
1482 3.920992
1483 6.871830
1484 5.831243
1485 3.470463
1486 4.261058
1487 3.666292
1488 3.531319
1489 3.848299
1490 5.122517
1491 11.178999
1492 7.062563
1493 7.582577
1494 6.491053
1495 5.606238
1496 5.118109
1497 6.154747
1498 7.162891
1499 6.115236
1500 6.337781
1501 5.356877
1502 5.026471
1503 4.975677
1504 5.975727
1505 5.561781
1506 3.741615
1507 3.493052
1508 3.357631
1509 3.701267
1510 3.630912
1511 5.246910
1512 3.937651
1513 3.538996
1514 3.905661
1515 3.586754
1516 3.549057
1517 3.235629
1518 3.748357
1519 3.690703
1520 3.598904
1521 3.706400
1522 3.334574
1523 3.321984
1524 4.716192
1525 3.797641
1526 3.320525
1527 3.565348
1528 5.328656
1529 4.739765
1530 6.129613
1531 3.914309
1532 3.195528
1533 3.287006
1534 3.504863
1535 3.651999
1536 3.551149
1537 3.291850
1538 3.504084
1539 3.672874
1540 3.966131
1541 3.423944
1542 3.737779
1543 3.595134
1544 3.236264
1545 3.589513
1546 3.858147
1547 7.424940
1548 3.767186
1549 3.529686
1550 3.456877
1551 3.732055
1552 5.384914
1553 5.150330
1554 5.783545
1555 5.481951
1556 5.901613
1557 3.580809
1558 6.569699
1559 4.569093
1560 6.843550
1561 6.259380
1562 3.152996
1563 3.571327
1564 3.787585
1565 3.365977
1566 3.236825
1567 3.493611
1568 3.650651
1569 3.128117
1570 3.187238
1571 5.122354
1572 3.251926
1573 3.087929
1574 3.244535
1575 3.196221
1576 3.472145
1577 3.197966
1578 3.449841
1579 3.249418
1580 3.748078
1581 3.662913
1582 3.681700
1583 3.497627
1584 3.727796
1585 3.129120
1586 3.360864
1587 6.023075
1588 4.853926
1589 3.582807
1590 3.416517
1591 3.468875
1592 3.443425
1593 3.384035
1594 3.396266
1595 3.495443
1596 3.355860
1597 3.574410
1598 3.116825
1599 3.543937
1600 6.011505
1601 6.980789
1602 5.867965
1603 7.235473
1604 7.139258
1605 7.236503
1606 5.575929
1607 5.637599
1608 7.152005
1609 6.823665
1610 6.189751
1611 6.220202
1612 6.287953
1613 6.164783
1614 6.974882
1615 7.500698
1616 6.548968
1617 6.143557
1618 7.161040
1619 5.830528
1620 5.019865
1621 6.675279
1622 5.810596
1623 7.367909
1624 7.221470
1625 8.881474
1626 6.274536
1627 8.726117
1628 5.877284
1629 5.079766
1630 8.517165
1631 7.916531
1632 6.743484
1633 7.872416
1634 7.089111
1635 9.432105
1636 7.176059
1637 6.900691
1638 6.158026
1639 7.035251
1640 4.152209
1641 3.278671
1642 3.132000
1643 3.263046
1644 3.512351
1645 3.162811
1646 3.256753
1647 3.488752
1648 3.365426
1649 3.193467
1650 3.402043
1651 3.357058
1652 3.330239
1653 3.080212
1654 3.275642
1655 3.211637
1656 3.545681
1657 3.161649
1658 3.271791
1659 4.772508
1660 3.563443
1661 3.580515
1662 3.360071
1663 3.096334
1664 3.377576
1665 5.184793
1666 5.377923
1667 3.357466
1668 3.178267
1669 3.355668
1670 3.321584
1671 3.298017
1672 3.285014
1673 3.530952
1674 3.491746
1675 3.750065
1676 3.452347
1677 3.659417
1678 3.500372
1679 3.621508
1680 5.098602
1681 3.628168
1682 3.328743
1683 5.000613
1684 5.259146
1685 5.540257
1686 8.619145
1687 8.261296
1688 7.798652
1689 6.552035
1690 5.958826
1691 8.228845
1692 5.773262
1693 5.227673
1694 8.599657
1695 5.494276
1696 7.315306
1697 4.962345
1698 8.841331
1699 11.130195
1700 8.903645
1701 5.461777
1702 3.955984
1703 3.808701
1704 3.395909
1705 3.639024
1706 5.523629
1707 6.140073
1708 5.185405
1709 7.281817
1710 6.867839
1711 6.423354
1712 7.061749
1713 6.014233
1714 6.322945
1715 4.772531
1716 8.000872
1717 7.432298
1718 7.294622
1719 5.728437
1720 5.270520
1721 6.684697
1722 7.696292
1723 6.542428
1724 6.072464
1725 7.324549
1726 7.842455
1727 5.944924
1728 7.240839
1729 6.523927
1730 5.780217
1731 7.273306
1732 6.536709
1733 5.919574
1734 5.938026
1735 5.719744
1736 6.560071
1737 6.993883
1738 8.319054
1739 6.993181
1740 5.197858
1741 6.905709
1742 5.458945
1743 7.114253
1744 7.651804
1745 7.058507
1746 5.686697
1747 7.343676
1748 7.564512
1749 8.350257
1750 5.175665
1751 7.330839
1752 7.215514
1753 6.871716
1754 6.715995
1755 7.451639
1756 9.145220
1757 9.125967
1758 9.150508
1759 8.192355
1760 7.583152
1761 8.703704
1762 8.761449
1763 10.420350
1764 9.436789
1765 8.562195
1766 8.498680
1767 7.560117
1768 10.634860
1769 8.831479
1770 9.069523
1771 8.890747
1772 8.758528
1773 8.994160
1774 9.419466
1775 9.768777
1776 8.266993
1777 5.523501
1778 7.802480
1779 9.477936
1780 6.622296
1781 7.034561
1782 7.365420
1783 6.245755
1784 7.044713
1785 9.233645
1786 8.999966
1787 7.163203
1788 7.062468
1789 8.526553
1790 7.277514
1791 10.746416
1792 11.071642
1793 8.111899
1794 8.974693
1795 8.069037
1796 7.709794
1797 7.659390
1798 8.884220
1799 8.455541
1800 8.453847
1801 7.577008
1802 7.238162
1803 7.246879
1804 6.798529
1805 6.983187
1806 7.528015
1807 7.777236
1808 7.009088
1809 7.083267
1810 7.534335
1811 9.310437
1812 10.443455
1813 9.357510
1814 9.280722
1815 9.672070
1816 9.845090
1817 8.560265
1818 8.421335
1819 9.591091
1820 9.789662
1821 9.115479
1822 9.730233
1823 9.461827
1824 9.131606
1825 10.287880
1826 8.245450
1827 9.701261
1828 9.219146
1829 7.664969
1830 6.422383
1831 7.807312
1832 7.417439
1833 11.787054
1834 7.548368
1835 6.001710
1836 7.741428
1837 5.507504
1838 6.118536
1839 6.950554
1840 6.705407
1841 9.224784
1842 6.222392
1843 11.776439
1844 10.270004
1845 8.968308
1846 11.519101
1847 8.416479
1848 7.201821
1849 6.874983
1850 10.339721
1851 7.180456
1852 8.521205
1853 8.640541
1854 6.716762
1855 8.139685
1856 7.793895
1857 9.678770
1858 10.481959
1859 8.801283
1860 10.174596
1861 7.813103
1862 8.981417
1863 5.607530
1864 6.761496
1865 6.947935
1866 8.008518
1867 8.477181
1868 6.583396
1869 6.755818
1870 6.131283
1871 6.383636
1872 8.641353
1873 7.059134
1874 6.658543
1875 8.782130
1876 6.772117
1877 5.628224
1878 6.923264
1879 7.271732
1880 7.314445
1881 6.687599
1882 9.553286
1883 9.137810
1884 8.261531
1885 8.219833
1886 8.575114
1887 8.252110
1888 10.552284
1889 8.158934
1890 9.227632
1891 9.782454
1892 9.182953
1893 8.242144
1894 6.004607
1895 7.052887
1896 9.423618
1897 9.498631
1898 10.382535
1899 9.741123
1900 6.900502
1901 8.592123
1902 10.564291
1903 10.830561
1904 11.089356
1905 10.849084
1906 8.745472
1907 9.007723
1908 10.213951
1909 9.108692
1910 8.058547
1911 6.299358
1912 6.952423
1913 8.235126
1914 5.609448
1915 6.076337
1916 9.470763
1917 8.938994
1918 10.337078
1919 9.376513
1920 10.310689
1921 9.583628
1922 7.140371
1923 6.802275
1924 7.316238
1925 4.899221
1926 7.358264
1927 8.487803
1928 5.245264
1929 8.145586
1930 7.124704
1931 7.409576
1932 6.992213
1933 5.832471
1934 8.416203
1935 6.911940
1936 11.896730
1937 9.942581
1938 11.544888
1939 9.591393
1940 9.771231
1941 8.219772
1942 8.760334
1943 8.090180
1944 8.521435
1945 9.417262
1946 9.858506
1947 8.812003
1948 9.007450
1949 9.808143
1950 9.164166
1951 9.288457
1952 7.559325
1953 9.578311
1954 7.421214
1955 5.965776
1956 8.142291
1957 7.367405
1958 7.662592
1959 6.590723
1960 7.755236
1961 7.927641
1962 7.104991
1963 6.955493
1964 6.773690
1965 7.826341
1966 10.447477
1967 9.347344
1968 7.674511
1969 5.512950
1970 7.857798
1971 5.339007
1972 6.707058
1973 3.810382
1974 3.544871
1975 3.108669
1976 3.640030
1977 3.629627
1978 4.022944
1979 3.853240
1980 3.908328
1981 6.014433
1982 5.070170
1983 5.383020
1984 5.392884
1985 5.582747
1986 7.465346
1987 7.257007
1988 8.014819
1989 7.464718
1990 8.364945
1991 6.245085
1992 7.383451
1993 8.203773
1994 6.266428
1995 7.517755
1996 8.010456
1997 6.866540
1998 8.117051
1999 7.888374
2000 5.175645
2001 6.401042
2002 5.164153
2003 6.768766
2004 8.563004
2005 5.854278
2006 6.002282
2007 8.572823
2008 9.345284
2009 9.400112
2010 9.063600
2011 6.125238
2012 8.110861
2013 5.252850
2014 5.249391
2015 6.887796
2016 7.044514
2017 6.069407
2018 5.875447
2019 8.850083
2020 8.871515
2021 6.528258
2022 5.233218
2023 3.680177
2024 3.683589
2025 4.178942
2026 7.277651
2027 3.499387
2028 8.514633
2029 3.220782
2030 3.435932
2031 3.373421
2032 3.602151
2033 3.152266
2034 3.570850
2035 3.687303
2036 2.990333
2037 3.315754
2038 3.308567
2039 3.229690
2040 3.796062
2041 3.427841
2042 3.437952
2043 3.362233
2044 3.181493
2045 3.169070
2046 3.417765
2047 3.415683
2048 3.950975
2049 3.680625
2050 4.722822
2051 3.754109
2052 3.446763
2053 5.654389
2054 3.174950
2055 3.373679
2056 3.443110
2057 3.717455
2058 3.671525
2059 4.998853
2060 3.210378
2061 3.787596
2062 3.741202
2063 3.336633
2064 3.211800
2065 3.642608
2066 3.647475
2067 3.508547
2068 3.801197
2069 3.681114
2070 3.323217
2071 3.526485
2072 3.760975
2073 3.301058
2074 3.053207
2075 3.335295
2076 3.316713
2077 3.278732
2078 3.013538
2079 3.696333
2080 3.460562
2081 3.534302
2082 3.211389
2083 4.409922
2084 3.631048
2085 3.188810
2086 3.062447
2087 3.846416
2088 3.107763
2089 3.494911
2090 3.161220
2091 3.170190
2092 3.423114
2093 3.929911
2094 3.382855
2095 3.245133
2096 3.714216
2097 3.508018
2098 3.428282
2099 7.082190
2100 5.542749
2101 3.264201
2102 3.312973
2103 3.374216
2104 6.016094
2105 4.953643
2106 3.561699
2107 3.311676
2108 3.250864
2109 8.721591
2110 7.594819
2111 8.346578
2112 7.443074
2113 7.350187
2114 6.818347
2115 7.323565
2116 7.196221
2117 7.813892
2118 5.641010
2119 7.079254
2120 9.080860
2121 7.515457
2122 3.246123
2123 3.740706
2124 3.075990
2125 3.498642
2126 3.334160
2127 3.436629
2128 3.296088
2129 3.371487
2130 3.939480
2131 3.345354
2132 3.467249
2133 3.730014
2134 5.246363
2135 3.086051
2136 3.040543
2137 3.765419
2138 2.971413
2139 3.097937
2140 3.324667
2141 3.247178
2142 3.718027
2143 3.549913
2144 3.488512
2145 3.733071
2146 3.744345
2147 3.788166
2148 3.767505
2149 3.209506
2150 3.711832
2151 3.192338
2152 3.399313
2153 3.292251
2154 8.761904
2155 7.542793
2156 6.184947
2157 8.725605
2158 6.911158
2159 6.743864
2160 7.169152
2161 5.811890
2162 6.592732
2163 5.445375
2164 6.418922
2165 8.274938
2166 6.959692
2167 5.894635
2168 4.990952
2169 5.531672
2170 5.577223
2171 8.332996
2172 8.939225
2173 7.572426
2174 7.345541
2175 8.194812
2176 9.977223
2177 8.393295
2178 9.987244
2179 8.156865
2180 9.966469
2181 9.153443
2182 7.154363
2183 7.200017
2184 7.997165
2185 6.512142
2186 6.495104
2187 7.142117
2188 6.872479
2189 8.092404
2190 7.094856
2191 8.121298
2192 6.105879
2193 7.623785
2194 6.232502
2195 7.234879
2196 5.938826
2197 3.683722
2198 3.805386
2199 3.623726
2200 3.870372
2201 3.784356
2202 3.934916
2203 4.158233
2204 3.933574
2205 3.152192
2206 9.625945
2207 8.272690
2208 9.705883
2209 7.910960
2210 7.482656
2211 11.055017
2212 9.212908
2213 9.631187
2214 10.544905
2215 10.649858
2216 8.327008
2217 7.597464
2218 7.606326
2219 8.609841
2220 8.304187
2221 7.319624
2222 7.441052
2223 7.506034
2224 8.481074
2225 7.634366
2226 6.978896
2227 6.904864
2228 8.110865
2229 6.193865
2230 5.361324
2231 5.652195
2232 5.554003
2233 5.591230
2234 6.149254
2235 5.484906
2236 5.250464
2237 6.195138
2238 6.247991
2239 6.043906
2240 6.885255
2241 5.684656
2242 7.190910
2243 7.223248
2244 7.118808
2245 6.994500
2246 6.160790
2247 5.794062
2248 6.012570
2249 6.317135
2250 5.224566
2251 6.761114
2252 7.760522
2253 7.464008
2254 8.620568
2255 10.362863
2256 7.409055
2257 8.375496
2258 9.365215
2259 11.347692
2260 11.718405
2261 9.949609
2262 9.082850
2263 10.024030
2264 9.459947
2265 9.628178
2266 8.873045
2267 9.119762
2268 5.261110
2269 8.392557
2270 6.942930
2271 6.825200
2272 6.198905
2273 6.361654
2274 8.289860
2275 6.531559
2276 5.553890
2277 7.172537
2278 5.536207
2279 5.518796
2280 7.454128
2281 6.081655
2282 5.454739
2283 7.511616
2284 6.640069
2285 7.854715
2286 8.565647
2287 8.964259
2288 5.377510
2289 9.105786
2290 7.949698
2291 3.814930
2292 5.184148
2293 4.514177
2294 3.690069
2295 3.695335
2296 3.587548
2297 7.890435
2298 3.302376
2299 3.369941
2300 3.520638
2301 3.620471
2302 3.601583
2303 3.222737
2304 3.697810
2305 3.561198
2306 3.122866
2307 3.371496
2308 3.331153
2309 3.324304
2310 3.876339
2311 3.164270
2312 3.692008
2313 3.569439
2314 3.504229
2315 3.521663
2316 4.098595
2317 3.259284
2318 3.578519
2319 3.296996
2320 3.537701
2321 3.410371
2322 3.258003
2323 3.591570
2324 3.704443
2325 3.293314
2326 6.185729
2327 3.398882
2328 3.418843
2329 3.676764
2330 3.842926
2331 3.830653
2332 3.320515
2333 3.147970
2334 3.458813
2335 3.459973
2336 5.399673
2337 3.748850
2338 3.411185
2339 3.686383
2340 3.308489
2341 4.997890
2342 3.490186
2343 3.307050
2344 3.257249
2345 3.070817
2346 3.344696
2347 3.255103
2348 3.363242
2349 3.489185
2350 3.501660
2351 3.268657
2352 3.512195
2353 3.653849
2354 3.595521
2355 5.247554
2356 3.396083
2357 3.617860
2358 3.378227
2359 3.970615
2360 3.490828
2361 3.515808
2362 3.873243
2363 3.355204
2364 3.482614
2365 3.874197
2366 3.891258
2367 3.711346
2368 3.692545
2369 3.955897
2370 3.510784
2371 3.814460
2372 3.757315
2373 3.688077
2374 3.597124
2375 3.622512
2376 3.134230
2377 3.559910
2378 3.455894
2379 3.206151
2380 3.420136
2381 3.614830
2382 3.343799
2383 3.133735
2384 3.746815
2385 3.160822
2386 3.289047
2387 3.683330
2388 3.417442
2389 3.849926
2390 3.783238
2391 3.404026
2392 3.481048
2393 3.402620
2394 3.467934
2395 3.359793
2396 8.182502
2397 7.671171
2398 9.233119
2399 6.040341
2400 9.483274
2401 9.644452
2402 7.211177
2403 7.733592
2404 8.646963
2405 9.433211
2406 9.850003
2407 9.705040
2408 9.840700
2409 9.814358
2410 8.279066
2411 6.685251
2412 6.866123
2413 7.024961
2414 4.042202
2415 3.450593
2416 3.723132
2417 3.396971
2418 3.530903
2419 3.647440
2420 5.138191
2421 3.526246
2422 3.585872
2423 3.684250
2424 3.438402
2425 3.826865
2426 3.525380
2427 7.375865
2428 6.588522
2429 7.109465
2430 8.122961
2431 9.478956
2432 6.500383
2433 6.266685
2434 5.895302
2435 6.757855
2436 5.166250
2437 10.045680
2438 9.120996
2439 8.400036
2440 8.294656
2441 8.814371
2442 8.208492
2443 10.465259
2444 9.765110
2445 9.511290
2446 9.393642
2447 10.184071
2448 7.717471
2449 9.184395
2450 8.038315
2451 9.837683
2452 5.360502
2453 6.520447
2454 6.807324
2455 4.729579
2456 6.230592
2457 5.918285
2458 7.874603
2459 7.357315
2460 7.717410
2461 6.829193
2462 6.053781
2463 8.296772
2464 6.968794
2465 7.457306
2466 8.383132
2467 7.857454
2468 6.107653
2469 5.552918
2470 5.047988
2471 7.840847
2472 5.213003
2473 6.311526
2474 5.592465
2475 9.351523
2476 6.047167
2477 5.674600
2478 8.013726
2479 9.217429
2480 9.467643
2481 9.289569
2482 7.384889
2483 5.852094
2484 6.652779
2485 8.140180
2486 8.266562
2487 8.473473
2488 9.915105
2489 9.565421
2490 8.036427
2491 6.481867
2492 6.249370
2493 6.083261
2494 8.205754
2495 8.826580
2496 11.030530
2497 9.600424
2498 8.574087
2499 8.939386
2500 5.436701
2501 6.460308
2502 5.919562
2503 5.954702
2504 5.526756
2505 6.948933
2506 7.389918
2507 9.447824
2508 7.460739
2509 7.764902
2510 6.312692
2511 8.710876
2512 7.083427
2513 8.123130
2514 7.567311
2515 6.510123
2516 5.703382
2517 7.295866
2518 6.916411
2519 7.843009
2520 7.618307
2521 8.223111
2522 6.709138
2523 7.380111
2524 7.290158
2525 6.585910
2526 7.644047
2527 9.918572
2528 8.828620
2529 7.606380
2530 8.306500
2531 8.189972
2532 9.250593
2533 9.209979
2534 9.816576
2535 9.358348
2536 6.332793
2537 3.654176
2538 3.211822
2539 3.356013
2540 3.407462
2541 3.087606
2542 3.383339
2543 3.382590
2544 5.464240
2545 3.317512
2546 3.344680
2547 3.620253
2548 3.685171
2549 3.107313
2550 3.408503
2551 3.192708
2552 3.446196
2553 3.224252
2554 3.606039
2555 3.629300
2556 3.296206
2557 3.354236
2558 4.054881
2559 3.729350
2560 3.711939
2561 3.779708
2562 3.799218
2563 3.601237
2564 3.746468
2565 4.055871
2566 3.864825
2567 3.530679
2568 3.732280
2569 3.651544
2570 3.607574
2571 3.614331
2572 3.822017
2573 3.051214
2574 3.857997
2575 5.508301
2576 5.739023
2577 4.951007
2578 5.513487
2579 5.466166
2580 5.508297
2581 5.438104
2582 5.851446
2583 6.596257
2584 3.220990
2585 5.536628
2586 7.392285
2587 5.809418
2588 3.778609
2589 4.841469
2590 5.738378
2591 5.187252
2592 3.891862
2593 6.777768
2594 7.121102
2595 8.583973
2596 9.425519
2597 8.569501
2598 8.663638
2599 7.236607
2600 8.164331
2601 8.236852
2602 10.183170
2603 9.594952
2604 8.156557
2605 5.557992
2606 6.836687
2607 7.319139
2608 9.711006
2609 9.482641
2610 10.350137
2611 9.612752
2612 9.966811
2613 8.469100
2614 9.713264
2615 8.550727
2616 9.577444
2617 8.780279
2618 11.439732
2619 7.409378
2620 6.007513
2621 7.857741
2622 8.894748
2623 7.643050
2624 8.765060
2625 8.343774
2626 8.404445
2627 5.376956
2628 7.626193
2629 5.015742
2630 7.257163
2631 5.715730
2632 4.743722
2633 3.677894
2634 6.441901
2635 6.555237
2636 7.874289
2637 8.105639
2638 6.503722
2639 6.807358
2640 7.063851
2641 7.417368
2642 9.012160
2643 7.818285
2644 9.832977
2645 9.145571
2646 9.166538
2647 8.658669
2648 8.942237
2649 8.367465
2650 8.147809
2651 9.316229
2652 8.649032
2653 8.973226
2654 7.815970
2655 6.169371
2656 9.670850
2657 9.977709
2658 8.614861
2659 9.167621
2660 5.989860
2661 9.381278
2662 8.441993
2663 8.980783
2664 9.085714
2665 9.162210
2666 9.990923
2667 9.253486
2668 9.728293
2669 8.544779
2670 6.784216
2671 8.531857
2672 9.407969
2673 9.696705
2674 5.784470
2675 5.608967
2676 3.483234
2677 5.718830
2678 5.750369
2679 8.910630
2680 9.388273
2681 9.195558
2682 9.865602
2683 11.798891
2684 8.943164
2685 7.442454
2686 6.568602
2687 8.342218
2688 7.565666
2689 7.545234
2690 9.248384
2691 10.687378
2692 10.910461
2693 8.663939
2694 9.687449
2695 9.620208
2696 9.149114
2697 9.765955
2698 9.540495
2699 7.618171
2700 7.335492
2701 6.805742
2702 5.011878
2703 6.650301
2704 6.108363
2705 6.116669
2706 7.601585
2707 7.844906
2708 10.430769
2709 10.661934
2710 10.666067
2711 7.908323
2712 6.940417
2713 9.762874
2714 11.033786
2715 7.629443
2716 6.882395
2717 6.524191
2718 7.098344
2719 7.087409
2720 7.276939
2721 6.594621
2722 7.627121
2723 7.197474
2724 6.247764
2725 6.643419
2726 6.984929
2727 7.292810
2728 7.719779
2729 7.098009
2730 8.346815
2731 7.482044
2732 7.275207
2733 7.886531
2734 3.819764
2735 3.620688
2736 6.280070
2737 7.156322
2738 7.321102
2739 6.073695
2740 5.622333
2741 5.277466
2742 7.953882
2743 5.906251
2744 7.461010
2745 6.499831
2746 5.891767
2747 6.294640
2748 5.915456
2749 6.604751
2750 6.062062
2751 8.997632
2752 7.826587
2753 9.248838
2754 8.563951
2755 8.803100
2756 7.181993
2757 7.755369
2758 6.681379
2759 5.321476
2760 3.878593
2761 7.665522
2762 7.043983
2763 9.018171
2764 9.692620
2765 9.769608
2766 7.778965
2767 7.328701
2768 5.541667
2769 9.153343
2770 8.186686
2771 6.084186
2772 9.023619
2773 6.863537
2774 7.569715
2775 5.536622
2776 5.407938
2777 5.734919
2778 8.985692
2779 9.409053
2780 7.526030
2781 7.683625
2782 5.855000
2783 9.097964
2784 8.105160
2785 7.656384
2786 6.940163
2787 6.919207
2788 7.225549
2789 7.206006
2790 7.393190
2791 7.399794
2792 7.210609
2793 6.943743
2794 8.948144
2795 7.834886
2796 6.419612
2797 6.600495
2798 5.679981
2799 5.762916
2800 7.924728
2801 7.327414
2802 6.674168
2803 6.443059
2804 5.424987
2805 5.221172
2806 9.704257
2807 6.498271
2808 11.257399
2809 4.957922
2810 5.568389
2811 6.475144
2812 8.513103
2813 6.646605
2814 6.182574
2815 5.532977
2816 4.596466
2817 6.453578
2818 7.301685
2819 5.725983
2820 6.216829
2821 6.213981
2822 8.146308
2823 6.210075
2824 5.854932
2825 5.811178
2826 7.023860
2827 8.735826
2828 6.833012
2829 7.003633
2830 6.202534
2831 6.544438
2832 6.698004
2833 6.207624
2834 5.293659
2835 8.511016
2836 9.200633
2837 8.877486
2838 8.791070
2839 8.574406
2840 7.772533
2841 6.816691
2842 8.065244
2843 3.490827
2844 3.956139
2845 8.186468
2846 9.425177
2847 8.875302
2848 8.099019
2849 10.002119
2850 9.374700
2851 6.044741
2852 5.700557
2853 4.905762
2854 9.329611
2855 8.532582
2856 10.976058
2857 9.672704
2858 7.342751
2859 5.564408
2860 7.920825
2861 7.907454
2862 10.675403
2863 7.953807
2864 8.920222
2865 9.227338
2866 11.291973
2867 10.586948
2868 10.117990
2869 7.825176
2870 7.001617
2871 8.641625
2872 8.030097
2873 6.000119
2874 7.586838
2875 7.246163
2876 7.362240
2877 6.093832
2878 5.870472
2879 8.008007
2880 8.408735
2881 9.062991
2882 10.741727
2883 11.000628
2884 7.287071
2885 10.361991
2886 8.921083
2887 7.406341
2888 8.175556
2889 5.517548
2890 5.533851
2891 7.987000
2892 8.606843
2893 7.312640
2894 10.201009
2895 9.513125
2896 8.925595
2897 8.087093
2898 8.303281
2899 7.752440
2900 6.271317
2901 7.125473
2902 7.323684
2903 7.327090
2904 7.253451
2905 6.824816
2906 6.997221
2907 7.137789
2908 6.522280
2909 6.182697
2910 6.346212
2911 5.294902
2912 4.813671
2913 5.396714
2914 5.387334
2915 5.852670
2916 6.835519
2917 5.215453
2918 5.368377
2919 7.108650
2920 7.864357
2921 7.013040
2922 6.987196
2923 6.838200
2924 7.334882
2925 5.518134
2926 5.714739
2927 5.899925
2928 6.265340
2929 6.561357
2930 9.603300
2931 9.868480
2932 10.784301
2933 10.445487
2934 7.148611
2935 7.507400
2936 6.123466
2937 7.400328
2938 6.349362
2939 6.451777
2940 6.564707
2941 7.920261
2942 7.547193
2943 6.567758
2944 9.633354
2945 6.839965
2946 6.295975
2947 8.001132
2948 6.450650
2949 8.087945
2950 6.288216
2951 6.328926
2952 7.182293
2953 8.405229
2954 7.140684
2955 9.933513
2956 9.206873
2957 6.661321
2958 9.038699
2959 7.828596
2960 8.098555
2961 7.882520
2962 7.796035
2963 7.815044
2964 4.614794
2965 7.339395
2966 6.714499
2967 6.436505
2968 5.762749
2969 6.655365
2970 6.960946
2971 6.800624
2972 5.688455
2973 6.437299
2974 5.422223
2975 5.433691
2976 5.182673
2977 5.222603
2978 6.438071
2979 8.842267
2980 7.019883
2981 7.242490
2982 7.065559
2983 6.573365
2984 5.470114
2985 4.932353
2986 8.085822
2987 9.415918
2988 8.528192
2989 10.167362
2990 10.456143
2991 10.981735
2992 7.302009
2993 10.961455
2994 9.927242
2995 10.498656
2996 10.892196
2997 9.615548
2998 7.754290
2999 10.879094
3000 8.387523
3001 9.875982
3002 7.155815
3003 10.761735
3004 5.721990
3005 9.561822
3006 8.769724
3007 7.768970
3008 5.026567
3009 9.121393
3010 7.270746
3011 9.510592
3012 7.139528
3013 8.955988
3014 3.647313
3015 5.402050
3016 8.580491
3017 5.120802
3018 4.605788
3019 6.749601
3020 8.922976
3021 9.299045
3022 6.773256
3023 7.866779
3024 8.698421
3025 9.315124
3026 10.242900
3027 9.217344
3028 9.814994
3029 9.158305
3030 8.791520
3031 8.715064
3032 7.743544
3033 7.261166
3034 8.887456
3035 10.338285
3036 8.667279
3037 9.323242
3038 10.777220
3039 8.003536
3040 9.233098
3041 7.087656
3042 5.182416
3043 5.688779
3044 5.405574
3045 4.880010
3046 3.870737
3047 3.878774
3048 3.537712
3049 3.982113
3050 3.798712
3051 3.658539
3052 3.417614
3053 3.797274
3054 3.559142
3055 6.007613
3056 8.660978
3057 5.100366
3058 7.792670
3059 8.830659
3060 10.411004
3061 7.534508
3062 5.985999
3063 3.585942
3064 3.443571
3065 3.060683
3066 3.444374
3067 3.673922
3068 3.038687
3069 3.696767
3070 3.806692
3071 3.857126
3072 3.853906
3073 3.372001
3074 3.592449
3075 3.351269
3076 3.342307
3077 3.405098
3078 3.510970
3079 3.641001
3080 3.415053
3081 3.653244
3082 3.806535
3083 3.832202
3084 3.737279
3085 3.258126
3086 3.502200
3087 3.156470
3088 4.986847
3089 3.225062
3090 3.784919
3091 3.452145
3092 3.626199
3093 3.283003
3094 3.356708
3095 4.062573
3096 3.375823
3097 3.314469
3098 3.167158
3099 3.342301
3100 3.176666
3101 3.470344
3102 5.209264
3103 3.590349
3104 3.807547
3105 3.113507
3106 6.646415
3107 5.108059
3108 6.176642
3109 5.525162
3110 3.543406
3111 5.910446
3112 5.575557
3113 5.528632
3114 5.342597
3115 4.536408
3116 7.025156
3117 4.642422
3118 4.756828
3119 5.505761
3120 5.047979
3121 5.883929
3122 8.180375
3123 6.010952
3124 7.574655
3125 8.722007
3126 7.277436
3127 9.406394
3128 8.521090
3129 9.530931
3130 9.024248
3131 4.937219
3132 6.915121
3133 6.115377
3134 7.642068
3135 5.926663
3136 8.005437
3137 9.110744
3138 7.061049
3139 8.648355
3140 9.458288
3141 6.596744
3142 7.665021
3143 6.322174
3144 6.980052
3145 5.658462
3146 6.285574
3147 8.816903
3148 6.251698
3149 7.273637
3150 6.279890
3151 6.368787
3152 6.983470
3153 7.568840
3154 6.150122
3155 7.199183
3156 7.600670
3157 6.970070
3158 7.241347
3159 5.693515
3160 5.118879
3161 4.691152
3162 4.587794
3163 4.484193
3164 3.785298
3165 3.127478
3166 3.585041
3167 5.216380
3168 5.270463
3169 6.698097
3170 6.991753
3171 6.348756
3172 7.901401
3173 6.633806
3174 8.325027
3175 7.907979
3176 6.604767
3177 7.427485
3178 7.195183
3179 8.142020
3180 6.960379
3181 7.730189
3182 7.771781
3183 7.153806
3184 7.788434
3185 4.680108
3186 7.879723
3187 7.781126
3188 7.143434
3189 6.638920
3190 7.477699
3191 6.560925
3192 6.146725
3193 7.595536
3194 7.533134
3195 8.034904
3196 6.579582
3197 5.357884
3198 8.612236
3199 7.587660
3200 8.389809
3201 9.400183
3202 5.798378
3203 8.132042
3204 9.679564
3205 9.054948
3206 10.774052
3207 10.008603
3208 9.060749
3209 8.617646
3210 8.794807
3211 7.492734
3212 7.120663
3213 7.122040
3214 6.043340
3215 6.739285
3216 6.599105
3217 5.692083
3218 4.925653
3219 6.875373
3220 5.716543
3221 7.323736
3222 6.319603
3223 3.385510
3224 3.597611
3225 3.653351
3226 3.341496
3227 3.299830
3228 3.679251
3229 3.361921
3230 3.991118
3231 3.337742
3232 3.264259
3233 3.529152
3234 3.125284
3235 3.352329
3236 3.438677
3237 3.793759
3238 3.380248
3239 3.257896
3240 3.467074
3241 3.549384
3242 3.378534
3243 3.701594
3244 3.155901
3245 3.272278
3246 3.714957
3247 3.327850
3248 3.598235
3249 3.795957
3250 4.894629
3251 3.375846
3252 3.367211
3253 3.205561
3254 3.604265
3255 3.228904
3256 3.686998
3257 3.412285
3258 3.598444
3259 3.179277
3260 3.184757
3261 3.349648
3262 3.318928
3263 3.570559
3264 3.164567
3265 3.319958
3266 3.222077
3267 3.054014
3268 3.135375
3269 3.737886
3270 3.122911
3271 3.396734
3272 3.183761
3273 3.457341
3274 3.392595
3275 3.440091
3276 4.589269
3277 3.655902
3278 3.506128
3279 3.480814
3280 3.743875
3281 3.816702
3282 3.542403
3283 3.326036
3284 3.298392
3285 3.250000
3286 3.891055
3287 3.416127
3288 5.548575
3289 4.308712
3290 3.644244
3291 3.352299
3292 3.514042
3293 3.598778
3294 3.186927
3295 4.007128
3296 3.399823
3297 3.303664
3298 3.700014
3299 3.558676
3300 3.409836
3301 3.171780
3302 3.420438
3303 3.263646
3304 3.301759
3305 3.348717
3306 3.925174
3307 3.525494
3308 3.074753
3309 3.282528
3310 3.603626
3311 3.279952
3312 3.445085
3313 4.860472
3314 3.884120
3315 5.304549
3316 6.334369
3317 5.180677
3318 3.727479
3319 4.290935
3320 6.014800
3321 4.989527
3322 5.944483
3323 3.240328
3324 3.614876
3325 3.473126
3326 3.661947
3327 3.837012
3328 3.400501
3329 3.360743
3330 3.403259
3331 3.552310
3332 3.378550
3333 3.496970
3334 5.750776
3335 5.150028
3336 3.715279
3337 3.666318
3338 3.389548
3339 3.411817
3340 3.812477
3341 3.502140
3342 3.178394
3343 3.596708
3344 3.312732
3345 3.362218
3346 3.317847
3347 3.114657
3348 3.193525
3349 4.630935
3350 6.220942
3351 2.996730
3352 3.746009
3353 3.628005
3354 3.187318
3355 3.613751
3356 3.626871
3357 3.310513
3358 3.590906
3359 5.392463
3360 3.751548
3361 3.751558
3362 3.557792
3363 3.615300
3364 3.757100
3365 3.767787
3366 3.406024
3367 3.867881
3368 3.613597
3369 3.840981
3370 3.666393
3371 3.375000
3372 3.126356
3373 3.644793
3374 6.152461
3375 3.248905
3376 3.824448
3377 3.707208
3378 3.568934
3379 3.360775
3380 3.624609
3381 3.665869
3382 3.398014
3383 3.161457
3384 3.366736
3385 4.686676
3386 3.318233
3387 3.479898
3388 3.431469
3389 3.732481
3390 3.459725
3391 3.210686
3392 3.811887
3393 3.153698
3394 3.245964
3395 3.400865
3396 3.321818
3397 5.587155
3398 3.217779
3399 3.862809
3400 3.602680
3401 3.470956
3402 5.428752
3403 3.181982
3404 3.674094
3405 3.497715
3406 3.150322
3407 3.398439
3408 3.700499
3409 3.196407
3410 3.435739
3411 3.177511
3412 3.350180
3413 3.155186
3414 3.682066
3415 5.945472
3416 3.344685
3417 3.326536
3418 3.808858
3419 3.302439
3420 5.373237
3421 6.104560
3422 7.302320
3423 6.073032
3424 5.791340
3425 3.580628
3426 3.956198
3427 3.369223
3428 3.327869
3429 3.432328
3430 3.322961
3431 5.835589
3432 3.446940
3433 3.700190
3434 3.596361
3435 3.458581
3436 3.456795
3437 3.082560
3438 3.166800
3439 3.261045
3440 3.365356
3441 3.261045
3442 3.510398
3443 3.516449
3444 3.682036
3445 3.288296
3446 3.542966
3447 3.155614
3448 3.453522
3449 3.018099
3450 3.544617
3451 3.624174
3452 3.177625
3453 5.451285
3454 3.266391
3455 3.608347
3456 3.876143
3457 3.493670
3458 3.254457
3459 3.399442
3460 3.156988
3461 3.412305
3462 3.532037
3463 3.086564
3464 3.746861
3465 3.620304
3466 3.559973
3467 3.211185
3468 3.470836
3469 3.251462
3470 3.556805
3471 3.135825
3472 3.165376
3473 3.584857
3474 3.456326
3475 3.417657
3476 4.010047
3477 3.254059
3478 3.857942
3479 3.552282
3480 3.380001
3481 3.478778
3482 3.524888
3483 3.431118
3484 3.319245
3485 3.387475
3486 3.678870
3487 3.315977
3488 3.246135
3489 3.511537
3490 3.729298
3491 3.588841
3492 5.273877
3493 6.813303
3494 9.327168
3495 8.297641
3496 7.336307
3497 7.890622
3498 9.847322
3499 10.112623
3500 9.489229
3501 10.958237
3502 5.972885
3503 6.915865
3504 6.829142
3505 6.625609
3506 5.151833
3507 6.072838
3508 7.050484
3509 10.047519
3510 5.955878
3511 6.581767
3512 8.456531
3513 3.883398
3514 3.567425
3515 8.954306
3516 5.681496
3517 7.119008
3518 7.283227
3519 7.216048
3520 8.183546
3521 5.754042
3522 5.739597
3523 6.633788
3524 6.988019
3525 5.164222
3526 5.954970
3527 6.036107
3528 5.689091
3529 6.909512
3530 6.295856
3531 7.442614
3532 6.979730
3533 5.952358
3534 6.644920
3535 6.094220
3536 6.563917
3537 8.554453
3538 10.837150
3539 10.500311
3540 8.138822
3541 7.666979
3542 7.216559
3543 6.612570
3544 11.233794
3545 6.291850
3546 8.350841
3547 5.383544
3548 7.488153
3549 6.775884
3550 5.840774
3551 7.927143
3552 7.202736
3553 7.227132
3554 8.560082
3555 6.201296
3556 8.190781
3557 7.323515
3558 7.119932
3559 9.193479
3560 7.635636
3561 6.030033
3562 7.671443
3563 4.448696
3564 3.434254
3565 5.132147
3566 6.566782
3567 5.470432
3568 5.633843
3569 5.493298
3570 5.873522
3571 6.974142
3572 5.420051
3573 5.415721
3574 5.837104
3575 5.975498
3576 6.337237
3577 6.376410
3578 6.661655
3579 6.415310
3580 5.680760
3581 6.129232
3582 7.700064
3583 7.396257
3584 6.397299
3585 5.570584
3586 7.636465
3587 8.070974
3588 7.506911
3589 7.707669
3590 4.709739
3591 5.993418
3592 8.492091
3593 9.489202
3594 8.316167
3595 5.455635
3596 6.726907
3597 7.264494
3598 3.720816
3599 5.775905
3600 6.629883
3601 6.055453
3602 6.135158
3603 6.430449
3604 5.919702
3605 6.636879
3606 5.098022
3607 5.871055
3608 5.997917
3609 6.013821
3610 7.706085
3611 5.219303
3612 5.683610
3613 5.716711
3614 7.047312
3615 7.925205
3616 5.163074
3617 3.824027
3618 3.319638
3619 3.083523
3620 3.286517
3621 5.321146
3622 5.771450
3623 7.160145
3624 9.407409
3625 5.838476
3626 6.327958
3627 5.909427
3628 7.009838
3629 5.506895
3630 5.903107
3631 3.622012
3632 5.424002
3633 5.564154
3634 8.762752
3635 7.377086
3636 4.866878
3637 5.247334
3638 6.931259
3639 4.741827
3640 6.198761
3641 5.320495
3642 3.627257
3643 3.703594
3644 4.056625
3645 3.340373
3646 3.725989
3647 3.472318
3648 3.818625
3649 3.580576
3650 3.849197
3651 4.026724
3652 3.310858
3653 3.802598
3654 3.929455
3655 3.925242
3656 3.838373
3657 3.892992
3658 3.231066
3659 3.386135
3660 3.167511
3661 4.169948
3662 3.712066
3663 3.917256
3664 3.479080
3665 3.252001
3666 3.714634
3667 3.125421
3668 3.313190
3669 3.358000
3670 3.744943
3671 3.482155
3672 3.925534
3673 3.387462
3674 3.517682
3675 3.731824
3676 3.686854
3677 4.059987
3678 3.520017
3679 3.936739
3680 3.637379
3681 3.670814
3682 3.980393
3683 3.616654
3684 3.148777
3685 3.762246
3686 3.248966
3687 5.171660
3688 3.508972
3689 3.293537
3690 3.526162
3691 3.281360
3692 3.224577
3693 3.273573
3694 3.362512
3695 3.798399
3696 3.199594
3697 3.126804
3698 3.381090
3699 4.197593
3700 3.390991
3701 3.414978
3702 5.888703
3703 3.332899
3704 3.304435
3705 3.179445
3706 3.718330
3707 3.474981
3708 3.456314
3709 3.337214
3710 3.545672
3711 3.500355
3712 3.560522
3713 3.392769
3714 6.014099
3715 7.111234
3716 7.468471
3717 3.085870
3718 9.704123
3719 5.938436
3720 7.946506
3721 7.992450
3722 7.033064
3723 6.097820
3724 3.645836
3725 5.038918
3726 3.716319
3727 6.192725
3728 6.653941
3729 8.596478
3730 8.227885
3731 9.996705
3732 6.434731
3733 5.841834
3734 7.122385
3735 6.444700
3736 6.208175
3737 6.184919
3738 5.342942
3739 6.321345
3740 5.346456
3741 3.667888
3742 5.455378
3743 3.787477
3744 3.136721
3745 3.423949
3746 3.281679
3747 5.033276
3748 7.321814
3749 6.411122
3750 5.982094
3751 8.298191
3752 6.121053
3753 7.888248
3754 7.589952
3755 8.124857
3756 7.744665
3757 8.909225
3758 7.860773
3759 8.340326
3760 6.475661
3761 7.290710
3762 6.745732
3763 7.966715
3764 7.947940
3765 8.801292
3766 8.577575
3767 8.111802
3768 8.503489
3769 9.481314
3770 7.294696
3771 8.990356
3772 7.818016
3773 7.017675
3774 8.762517
3775 8.640590
3776 5.817579
3777 7.790821
3778 9.146675
3779 9.743563
3780 9.004449
3781 7.804847
3782 7.948544
3783 6.586236
3784 8.432277
3785 7.133902
3786 7.833371
3787 7.373284
3788 6.419487
3789 5.217892
3790 6.699709
3791 7.372614
3792 6.895893
3793 6.774489
3794 8.339189
3795 6.247608
3796 3.652352
3797 6.849160
3798 8.653664
3799 8.152749
3800 6.816105
3801 5.478512
3802 7.535757
3803 9.326621
3804 6.849017
3805 6.208299
3806 6.514452
3807 8.925946
3808 6.908739
3809 4.953523
3810 5.206707
3811 6.373233
3812 7.294514
3813 7.336677
3814 5.236260
3815 7.083340
3816 4.786315
3817 5.984963
3818 4.208194
3819 3.753571
3820 5.305970
3821 3.800447
3822 3.566539
3823 3.692045
3824 3.228779
3825 3.417618
3826 3.552438
3827 3.692293
3828 3.718143
3829 3.885590
3830 3.725606
3831 3.293446
3832 3.681824
3833 3.616642
3834 3.861685
3835 3.564350
3836 3.375052
3837 3.712640
3838 3.589125
3839 4.072998
3840 4.890708
3841 3.653641
3842 3.358111
3843 4.883533
3844 3.533338
3845 3.499560
3846 3.427565
3847 3.309393
3848 5.762871
3849 3.318447
3850 3.885727
3851 3.503443
3852 3.715707
3853 3.920521
3854 3.644106
3855 3.559342
3856 3.227458
3857 3.250129
3858 3.368231
3859 3.493451
3860 3.056419
3861 3.328585
3862 3.686327
3863 4.339423
3864 3.841488
3865 3.682741
3866 3.639975
3867 3.563886
3868 3.552546
3869 3.400870
3870 3.466943
3871 3.741404
3872 3.829230
3873 3.848155
3874 3.504895
3875 3.390512
3876 3.384243
3877 3.315269
3878 3.346925
3879 3.457540
3880 3.677421
3881 3.471627
3882 3.448707
3883 3.801134
3884 3.507447
3885 3.717232
3886 3.378062
3887 3.665651
3888 3.554741
3889 3.257627
3890 3.572185
3891 3.082890
3892 4.645225
3893 6.103155
3894 5.494336
3895 5.693971
3896 6.686978
3897 5.931965
3898 5.903980
3899 7.029789
3900 6.081353
3901 8.497560
3902 6.809083
3903 6.649334
3904 7.852040
3905 8.042171
3906 7.716407
3907 6.405568
3908 8.291568
3909 8.580693
3910 10.071566
3911 8.689625
3912 11.074557
3913 9.534831
3914 5.578280
3915 6.401420
3916 8.993180
3917 8.680517
3918 9.005207
3919 9.258156
3920 7.450227
3921 5.645865
3922 8.525640
3923 7.524428
3924 8.785542
3925 6.293503
3926 7.073259
3927 7.053953
3928 5.648193
3929 6.101080
3930 10.401855
3931 9.601216
3932 10.570841
3933 9.228813
3934 8.961712
3935 10.620118
3936 9.711997
3937 8.126768
3938 10.445770
3939 5.826569
3940 3.564516
3941 3.668434
3942 3.798854
3943 7.155100
3944 6.588735
3945 6.023075
3946 6.026160
3947 6.587324
3948 7.330715
3949 7.343082
3950 7.420920
3951 5.487337
3952 8.984279
3953 10.496980
3954 5.948265
3955 6.880729
3956 7.741564
3957 7.651544
3958 6.194513
3959 6.294795
3960 8.489820
3961 6.926541
3962 5.807278
3963 5.710732
3964 7.309597
3965 9.576840
3966 8.269755
3967 8.420576
3968 8.990718
3969 9.410820
3970 8.737312
3971 9.920137
3972 9.445683
3973 9.769466
3974 10.258442
3975 7.489059
3976 7.347363
3977 5.718014
3978 6.814469
3979 7.678062
3980 8.951517
3981 8.200315
3982 6.555380
3983 7.633043
3984 8.682351
3985 7.480170
3986 7.376784
3987 7.788464
3988 7.604646
3989 7.908006
3990 5.748002
3991 8.913192
3992 7.429630
3993 6.658268
3994 6.738724
3995 8.336144
3996 3.530821
3997 4.138232
3998 3.603069
3999 3.366096
4000 3.918086
4001 3.792542
4002 3.533583
4003 3.909543
4004 3.288619
4005 3.399247
4006 2.961638
4007 3.525651
4008 3.808267
4009 3.068701
4010 3.643751
4011 3.729196
4012 3.716693
4013 3.813358
4014 3.229877
4015 3.249277
4016 3.297409
4017 3.259526
4018 3.750498
4019 3.353495
4020 3.803343
4021 3.869908
4022 3.693470
4023 3.812270
4024 3.870827
4025 3.714705
4026 3.894638
4027 3.694254
4028 3.444849
4029 3.388123
4030 3.129505
4031 3.160305
4032 3.619032
4033 5.398503
4034 4.128992
4035 3.283440
4036 3.413045
4037 3.636059
4038 3.226609
4039 3.491952
4040 3.740774
4041 3.424205
4042 3.345373
4043 3.180910
4044 3.700571
4045 3.690286
4046 6.148871
4047 7.103085
4048 7.348367
4049 5.172276
4050 7.824923
4051 5.465842
4052 5.450084
4053 4.923928
4054 5.528056
4055 6.785004
4056 6.073975
4057 5.850482
4058 6.272773
4059 5.844426
4060 5.897684
4061 6.869773
4062 4.257910
4063 3.881702
4064 3.280778
4065 3.732159
4066 3.485756
4067 3.500559
4068 3.659465
4069 3.223882
4070 3.672870
4071 3.328276
4072 3.440320
4073 3.313140
4074 3.210762
4075 5.541308
4076 5.992076
4077 3.328496
4078 4.818641
4079 6.362682
4080 3.819191
4081 3.571121
4082 3.343488
4083 3.561766
4084 3.347329
4085 3.541988
4086 3.217096
4087 5.026353
4088 3.122257
4089 3.520723
4090 3.130655
4091 3.158986
4092 3.046472
4093 3.190625
4094 3.201779
4095 3.228467
4096 3.685689
4097 3.306612
4098 3.426276
4099 3.547986
4100 3.606689
4101 3.155470
4102 5.362036
4103 4.704742
4104 6.360607
4105 3.955783
4106 3.522129
4107 5.025419
4108 3.179323
4109 3.667726
4110 3.358539
4111 3.563523
4112 3.795867
4113 3.600056
4114 3.321118
4115 5.746943
4116 6.378293
4117 5.824555
4118 5.960450
4119 6.475456
4120 7.383695
4121 9.391619
4122 7.327023
4123 6.315259
4124 7.599297
4125 8.429575
4126 5.830586
4127 5.463378
4128 6.656256
4129 6.929678
4130 9.012440
4131 9.323539
4132 8.640915
4133 9.293365
4134 7.273107
4135 8.660336
4136 7.829771
4137 6.019060
4138 5.530267
4139 3.304783
4140 3.345413
4141 3.460245
4142 3.602693
4143 3.628201
4144 3.249261
4145 3.369718
4146 3.080652
4147 3.188616
4148 3.649737
4149 5.497476
4150 3.452506
4151 3.124275
4152 3.766034
4153 3.414808
4154 3.281986
4155 4.374716
4156 3.377362
4157 3.584036
4158 3.208756
4159 3.298134
4160 3.560573
4161 3.424688
4162 3.245551
4163 3.102867
4164 3.331505
4165 3.629725
4166 3.266353
4167 3.299711
4168 3.292081
4169 3.212027
4170 3.561279
4171 3.609725
4172 4.155388
4173 3.231918
4174 3.481294
4175 3.839873
4176 5.808833
4177 6.508188
4178 6.235427
4179 7.572062
4180 7.220673
4181 6.031853
4182 6.324074
4183 6.400684
4184 6.524614
4185 5.857609
4186 7.243141
4187 7.594014
4188 7.252481
4189 5.620561
4190 7.584368
4191 7.645658
4192 6.562234
4193 6.538150
4194 6.084152
4195 9.078609
4196 7.172129
4197 7.559796
4198 5.971484
4199 5.251383
4200 6.569636
4201 8.843122
4202 7.803954
4203 6.505203
4204 9.197957
4205 7.995831
4206 6.539951
4207 7.356536
4208 9.247346
4209 7.151314
4210 8.299580
4211 5.972685
4212 7.430733
4213 6.722420
4214 7.236944
4215 8.714177
4216 6.231446
4217 5.874596
4218 7.461697
4219 5.927669
4220 6.371781
4221 6.102174
4222 6.023322
4223 5.887085
4224 7.926736
4225 5.861552
4226 5.435389
4227 6.721444
4228 6.047056
4229 7.412441
4230 6.261320
4231 8.081401
4232 6.879334
4233 8.693380
4234 8.790115
4235 8.255081
4236 7.251281
4237 7.057071
4238 7.869160
4239 6.555321
4240 9.747718
4241 8.326127
4242 10.170644
4243 10.053224
4244 10.757596
4245 9.105823
4246 8.812840
4247 9.433925
4248 8.262550
4249 9.595887
4250 5.538064
4251 7.641821
4252 7.426957
4253 7.039696
4254 6.847176
4255 7.536056
4256 9.620732
4257 9.436372
4258 8.718841
4259 5.657089
4260 8.255268
4261 6.063668
4262 6.207006
4263 5.500304
4264 5.234739
4265 7.374950
4266 8.656391
4267 6.252078
4268 5.346557
4269 7.605814
4270 6.881779
4271 3.397088
4272 5.751283
4273 6.583795
4274 7.538830
4275 6.295316
4276 5.223354
4277 5.798498
4278 6.416929
4279 7.392951
4280 6.938116
4281 7.542377
4282 5.396175
4283 8.223482
4284 5.071466
4285 6.306997
4286 5.244274
4287 6.167210
4288 10.115205
4289 9.054796
4290 6.835813
4291 9.070089
4292 8.900735
4293 9.605165
4294 9.831490
4295 8.796828
4296 8.469867
4297 9.489186
4298 9.022863
4299 9.275448
4300 7.946034
4301 7.308828
4302 5.534265
4303 6.223103
4304 5.972010
4305 6.290518
4306 6.028713
4307 7.227347
4308 7.028871
4309 7.593846
4310 6.358218
4311 8.303765
4312 7.944079
4313 5.491637
4314 6.865002
4315 3.605194
4316 5.938780
4317 7.785592
4318 7.041603
4319 7.631255
4320 7.342321
4321 5.858140
4322 6.159818
4323 6.037350
4324 5.575185
4325 7.427442
4326 7.769590
4327 8.657899
4328 5.606619
4329 8.650226
4330 9.723999
4331 9.152211
4332 7.827527
4333 10.351973
4334 7.038143
4335 9.166947
4336 9.378083
4337 4.786844
4338 7.144096
4339 6.446621
4340 5.970743
4341 6.499238
4342 6.346633
4343 7.853812
4344 8.004546
4345 7.361870
4346 6.783518
4347 6.593966
4348 4.938522
4349 6.259914
4350 6.318736
4351 10.357415
4352 10.748198
4353 8.954583
4354 8.749752
4355 8.272083
4356 8.684802
4357 9.393005
4358 10.403651
4359 9.872105
4360 9.300939
4361 9.626511
4362 9.675966
4363 8.611300
4364 9.360717
4365 9.851200
4366 9.524898
4367 9.611190
4368 7.226958
4369 7.787982
4370 8.197919
4371 8.822712
4372 5.883209
4373 10.845859
4374 10.718331
4375 10.390643
4376 9.505733
4377 7.446185
4378 8.715815
4379 6.160894
4380 5.271413
4381 7.326053
4382 7.555512
4383 6.912116
4384 10.345358
4385 9.506347
4386 8.967829
4387 5.051388
4388 6.693061
4389 6.998076
4390 9.160319
4391 4.406514
4392 5.342941
4393 6.011631
4394 5.207726
4395 5.976703
4396 6.303347
4397 7.461494
4398 7.254981
4399 6.851611
4400 7.965445
4401 8.817492
4402 10.225050
4403 8.317795
4404 9.534139
4405 7.701096
4406 7.798495
4407 7.892600
4408 8.078867
4409 8.092652
4410 8.843103
4411 7.674069
4412 7.769706
4413 7.094512
4414 5.539855
4415 6.868722
4416 8.191449
4417 4.752915
4418 7.261436
4419 6.675073
4420 5.436921
4421 6.466481
4422 6.505363
4423 7.902435
4424 6.692595
4425 7.686512
4426 6.743189
4427 7.677009
4428 5.428556
4429 7.091892
4430 6.975995
4431 7.133123
4432 8.193491
4433 6.830993
4434 7.048332
4435 5.386066
4436 6.344962
4437 9.770288
4438 6.062434
4439 7.964196
4440 8.377844
4441 7.838626
4442 8.104864
4443 9.403448
4444 7.634030
4445 6.952883
4446 7.375537
4447 9.623167
4448 9.891475
4449 7.815714
4450 8.199519
4451 9.003146
4452 9.319016
4453 7.015184
4454 6.634081
4455 6.196208
4456 6.669737
4457 5.047871
4458 6.395296
4459 6.992012
4460 7.649485
4461 6.833291
4462 7.665277
4463 6.881838
4464 6.445227
4465 7.496068
4466 6.660850
4467 6.274083
4468 7.590748
4469 6.788558
4470 7.122050
4471 7.259337
4472 6.796607
4473 7.206288
4474 6.993379
4475 6.134973
4476 6.059993
4477 7.739521
4478 8.225240
4479 6.794881
4480 7.130870
4481 6.482884
4482 6.040030
4483 5.247189
4484 8.707085
4485 8.637501
4486 7.219107
4487 8.030654
4488 6.083145
4489 5.856062
4490 6.684767
4491 6.410445
4492 6.572837
4493 5.040421
4494 6.781459
4495 6.593790
4496 7.886326
4497 7.115599
4498 7.796060
4499 5.964741
4500 7.165538
4501 8.293483
4502 7.561143
4503 7.187490
4504 7.413194
4505 8.212075
4506 6.624660
4507 6.594280
4508 7.121439
4509 5.845315
4510 5.985333
4511 7.416391
4512 7.480119
4513 5.913288
4514 5.735873
4515 5.744048
4516 8.525134
4517 8.551963
4518 6.644774
4519 7.615881
4520 6.050000
4521 6.851395
4522 7.879002
4523 8.179622
4524 5.952511
4525 5.775978
4526 6.566605
4527 8.017516
4528 6.491415
4529 5.468318
4530 5.474323
4531 5.536028
4532 5.691494
4533 5.352099
4534 5.259077
4535 6.480990
4536 6.946555
4537 6.522682
4538 9.667031
4539 10.685213
4540 10.039891
4541 9.346031
4542 8.783817
4543 10.393398
4544 10.437040
4545 6.586662
4546 7.206369
4547 8.111544
4548 7.605616
4549 8.586002
4550 7.469715
4551 7.951994
4552 11.905125
4553 10.231050
4554 6.307464
4555 9.454431
4556 8.531883
4557 11.235041
4558 9.872336
4559 9.746535
4560 9.741325
4561 6.983730
4562 8.406289
4563 6.438596
4564 7.795089
4565 6.218179
4566 6.798573
4567 8.863377
4568 8.723586
4569 8.659450
4570 6.445297
4571 7.226190
4572 7.369743
4573 7.459933
4574 6.736803
4575 5.596986
4576 9.517090
4577 7.409894
4578 7.963371
4579 10.786930
4580 6.846089
4581 8.714880
4582 9.019192
4583 9.768089
4584 8.584050
4585 8.296865
4586 7.876585
4587 6.014369
4588 6.706700
4589 5.423819
4590 6.006609
4591 6.801846
4592 5.671385
4593 7.039113
4594 6.803259
4595 6.387937
4596 8.188697
4597 8.064497
4598 7.276195
4599 7.688145
4600 6.108171
4601 6.742404
4602 6.870983
4603 10.233715
4604 9.649887
4605 6.131950
4606 8.017293
4607 7.475427
4608 7.728925
4609 8.337102
4610 9.492158
4611 10.941945
4612 10.142359
4613 7.675927
4614 7.646687
4615 9.216101
4616 7.713697
4617 8.590302
4618 8.871902
4619 8.502037
4620 7.573040
4621 7.093431
4622 6.899290
4623 9.217362
4624 9.436809
4625 11.507940
4626 9.215439
4627 8.046679
4628 7.110255
4629 5.622012
4630 7.181794
4631 6.251926
4632 7.570864
4633 7.207429
4634 9.514780
4635 9.241117
4636 11.857950
4637 8.022102
4638 7.733325
4639 9.182053
4640 8.447421
4641 7.745090
4642 8.131359
4643 7.375886
4644 10.402773
4645 9.231994
4646 9.457893
4647 9.173967
4648 7.782295
4649 8.495241
4650 7.481801
4651 9.585765
4652 8.491649
4653 10.082135
4654 10.211258
4655 9.044935
4656 9.417261
4657 9.512064
4658 9.230521
4659 8.767046
4660 9.283643
4661 7.962720
4662 7.512181
4663 7.674238
4664 8.169150
4665 9.301066
4666 6.167556
4667 6.552243
4668 7.682621
4669 8.450761
4670 8.675535
4671 7.714106
4672 7.030541
4673 7.406753
4674 8.210232
4675 9.128550
4676 9.120556
4677 8.644975
4678 8.546473
4679 7.803101
4680 10.360302
4681 8.281457
4682 8.838832
4683 8.350318
4684 9.410238
4685 8.612076
4686 7.455327
4687 8.000239
4688 6.924866
4689 5.480831
4690 7.461511
4691 7.578927
4692 8.739220
4693 8.737414
4694 9.459910
4695 8.951131
4696 6.849530
4697 9.842734
4698 6.254350
4699 7.600332
4700 7.617285
4701 7.628857
4702 6.468323
4703 6.366560
4704 7.195367
4705 5.813648
4706 7.904841
4707 8.437125
4708 8.002073
4709 7.804035
4710 8.161335
4711 8.201530
4712 6.869863
4713 7.361610
4714 7.433618
4715 9.361098
4716 7.734496
4717 8.353209
4718 5.764726
4719 6.294722
4720 6.635264
4721 6.709314
4722 7.175792
4723 6.820246
4724 5.644097
4725 8.703636
4726 5.763924
4727 3.955919
4728 3.714274
4729 3.129106
4730 3.087830
4731 3.440827
4732 3.546265
4733 3.168103
4734 3.487922
4735 3.686535
4736 3.482601
4737 3.836914
4738 3.498883
4739 3.296753
4740 5.215302
4741 7.513999
4742 9.819696
4743 6.288430
4744 6.797609
4745 6.562461
4746 6.543613
4747 6.773691
4748 6.705832
4749 6.312297
4750 5.879750
4751 6.810504
4752 6.827708
4753 5.951444
4754 6.707637
4755 5.642642
4756 5.915929
4757 6.632085
4758 7.077849
4759 5.604087
4760 8.457764
4761 7.483803
4762 7.214345
4763 8.348230
4764 7.406187
4765 7.145826
4766 7.274457
4767 4.326026
4768 7.682856
4769 9.092226
4770 7.028781
4771 6.881866
4772 9.138243
4773 7.358683
4774 5.666849
4775 6.013098
4776 6.324444
4777 6.823802
4778 6.864573
4779 7.462800
4780 8.697334
4781 7.523357
4782 7.197665
4783 7.360098
4784 8.921173
4785 7.140625
4786 8.730258
4787 8.063614
4788 8.640345
4789 9.628485
4790 4.358554
4791 7.489887
4792 7.778792
4793 8.092531
4794 8.790186
4795 5.772224
4796 5.070721
4797 6.007169
4798 7.335917
4799 7.192036
4800 8.035857
4801 8.819708
4802 8.145681
4803 7.025392
4804 7.179441
4805 8.081782
4806 5.833406
4807 6.295669
4808 3.847335
4809 3.207026
4810 7.659002
4811 5.885382
4812 5.584425
4813 5.716888
4814 5.931760
4815 6.224893
4816 6.132350
4817 6.313969
4818 4.758749
4819 5.582480
4820 7.771117
4821 8.798651
4822 6.839745
4823 7.375693
4824 6.176193
4825 8.414393
4826 7.252930
4827 6.777090
4828 6.378416
4829 5.490488
4830 5.687606
4831 6.461309
4832 7.450671
4833 9.042978
4834 7.666466
4835 10.261230
4836 6.371861
4837 10.033228
4838 8.340440
4839 9.733784
4840 9.592093
4841 7.963048
4842 10.357171
4843 9.654768
4844 9.442275
4845 9.185901
4846 11.159440
4847 9.062652
4848 8.845366
4849 8.771370
4850 10.716487
4851 10.498245
4852 6.571043
4853 6.014000
4854 5.547193
4855 6.157861
4856 5.845093
4857 6.548540
4858 6.482167
4859 5.863796
4860 9.335495
4861 7.647975
4862 8.188933
4863 8.376856
4864 8.303802
4865 8.775014
4866 7.540142
4867 7.014853
4868 5.613528
4869 5.866330
4870 9.981277
4871 5.708252
4872 6.013086
4873 5.233919
4874 6.555695
4875 6.696234
4876 3.220590
4877 3.671687
4878 3.962452
4879 3.321842
4880 3.643432
4881 3.726738
4882 3.760745
4883 3.248057
4884 3.313142
4885 3.023557
4886 3.398511
4887 3.420260
4888 3.338938
4889 3.960049
4890 3.072362
4891 3.091166
4892 5.828316
4893 5.832506
4894 5.011558
4895 3.057355
4896 3.428960
4897 6.291749
4898 6.073293
4899 5.524502
4900 3.867375
4901 3.173470
4902 3.314363
4903 3.526597
4904 3.494182
4905 5.108747
4906 5.985461
4907 3.337396
4908 3.416909
4909 3.231561
4910 3.176728
4911 5.662536
4912 8.210505
4913 6.561481
4914 4.413478
4915 5.715247
4916 7.194455
4917 10.073974
4918 7.837183
4919 7.087120
4920 9.097038
4921 9.070442
4922 5.119661
4923 3.630842
4924 5.153189
4925 4.981828
4926 5.912580
4927 5.407412
4928 5.432295
4929 4.251033
4930 5.913889
4931 3.541837
4932 3.493107
4933 3.784442
4934 3.171892
4935 3.451506
4936 3.418549
4937 3.569061
4938 3.903305
4939 3.560031
4940 5.001731
4941 3.158688
4942 5.069851
4943 5.595162
4944 3.157735
4945 4.191170
4946 4.485246
4947 3.068255
4948 3.335022
4949 3.466841
4950 3.704334
4951 5.667119
4952 3.053405
4953 3.577231
4954 3.234225
4955 3.527969
4956 3.556435
4957 3.164977
4958 3.475717
4959 3.975434
4960 3.756344
4961 3.347031
4962 3.327778
4963 3.568446
4964 5.278964
4965 3.145252
4966 3.225245
4967 3.278199
4968 3.347419
4969 3.352266
4970 3.240278
4971 3.793113
4972 3.140285
4973 3.153744
4974 3.328438
4975 3.672672
4976 3.354550
4977 3.186938
4978 3.762485
4979 3.462905
4980 3.455037
4981 3.749305
4982 3.236758
4983 3.286775
4984 3.802776
4985 3.352048
4986 3.500177
4987 3.244044
4988 3.390782
4989 3.226403
4990 3.931221
4991 3.653070
4992 3.229693
4993 3.436655
4994 3.335430
4995 3.166151
4996 3.224470
4997 5.732088
4998 6.382745
4999 7.954443
5000 7.082620
5001 7.702850
&
