0 6.303786
1 5.777345
2 10.140448
3 11.824767
4 12.037336
5 10.221599
6 10.814587
7 12.316848
8 14.671126
9 15.823818
10 14.858267
11 12.741496
12 15.519992
13 15.547153
14 17.238482
15 15.337140
16 15.332542
17 15.003551
18 13.900814
19 13.748096
20 14.443040
21 12.645019
22 13.975938
23 14.175415
24 12.998941
25 14.990640
26 14.213270
27 14.718800
28 14.309484
29 14.384179
30 15.363121
31 14.308057
32 13.945663
33 13.942299
34 13.807246
35 14.805971
36 16.741728
37 15.470936
38 15.849917
39 15.073668
40 13.932598
41 14.919204
42 14.810014
43 13.109288
44 14.541582
45 12.072311
46 12.092165
47 12.283145
48 13.854921
49 16.028746
50 15.652596
51 13.592536
52 12.800648
53 14.049945
54 14.778216
55 14.814247
56 14.543242
57 14.681777
58 13.825054
59 15.062249
60 15.166727
61 14.290619
62 14.230992
63 15.141764
64 14.256946
65 14.772763
66 14.390651
67 13.721856
68 14.843792
69 13.713589
70 14.899762
71 13.957959
72 14.709120
73 13.838130
74 14.858773
75 15.756236
76 14.618842
77 15.156717
78 13.799892
79 14.336740
80 14.555445
81 14.375679
82 15.258393
83 14.821195
84 15.821589
85 15.157118
86 15.906652
87 14.259362
88 15.127534
89 15.148209
90 14.131687
91 13.399652
92 15.728556
93 14.901546
94 14.748261
95 14.743438
96 15.289358
97 14.386636
98 13.156773
99 13.195915
100 13.195766
101 15.422934
102 14.621044
103 15.008189
104 15.495551
105 15.233822
106 15.129433
107 13.488555
108 15.621727
109 13.269802
110 12.587441
111 12.119758
112 13.068592
113 11.118357
114 12.450320
115 12.797546
116 15.999161
117 14.958146
118 14.498861
119 15.121552
120 16.585178
121 13.691649
122 14.922779
123 15.166249
124 14.504991
125 15.007272
126 14.609525
127 15.439830
128 17.193008
129 15.050407
130 15.853764
131 14.712781
132 14.870660
133 15.283292
134 15.701694
135 16.986412
136 15.983410
137 15.627497
138 15.485390
139 15.206647
140 15.366276
141 14.910827
142 15.662509
143 15.539204
144 15.605477
145 15.381586
146 14.785935
147 15.303741
148 14.691774
149 13.809780
150 13.640327
151 13.669723
152 14.642886
153 13.404021
154 14.143632
155 14.053733
156 14.418253
157 14.687775
158 14.806892
159 13.371019
160 16.251341
161 14.991003
162 14.047406
163 13.506466
164 14.562916
165 13.476031
166 13.675043
167 13.557946
168 14.976495
169 14.645264
170 14.717696
171 13.365214
172 14.001500
173 14.265462
174 14.677671
175 15.095621
176 14.115994
177 14.777603
178 13.189245
179 14.644139
180 14.404932
181 14.593487
182 14.588166
183 14.123727
184 13.693477
185 14.915113
186 12.984067
187 13.411988
188 13.289884
189 15.377767
190 15.295283
191 14.823760
192 14.976160
193 15.549788
194 14.249990
195 15.006604
196 15.735868
197 15.421237
198 14.390296
199 14.434318
200 14.984040
201 14.420592
202 14.567588
203 14.766725
204 15.130622
205 15.107558
206 15.435260
207 15.132518
208 15.574253
209 14.423470
210 14.610309
211 15.560003
212 14.049480
213 13.443282
214 13.840611
215 15.714467
216 15.324235
217 15.475142
218 14.301714
219 15.379344
220 15.225062
221 15.821124
222 16.086847
223 13.770323
224 15.265383
225 14.150990
226 15.969914
227 15.387453
228 14.834250
229 14.819876
230 14.567724
231 14.453743
232 14.580831
233 15.155845
234 14.380690
235 14.874750
236 13.405560
237 15.281919
238 15.744408
239 15.207057
240 14.793407
241 14.979733
242 13.945102
243 12.651238
244 13.217507
245 14.975523
246 14.982276
247 13.800076
248 14.083030
249 14.467128
250 13.870146
251 13.759315
252 13.242715
253 13.565603
254 12.598044
255 13.451223
256 12.875055
257 13.816232
258 13.267695
259 14.293805
260 13.924446
261 14.907814
262 12.943275
263 12.791137
264 12.578658
265 14.274820
266 14.238913
267 13.958899
268 14.630953
269 15.322932
270 14.101506
271 14.609574
272 15.514848
273 14.248449
274 14.646410
275 14.264706
276 13.165636
277 14.457361
278 14.395710
279 13.492688
280 14.051686
281 14.504764
282 14.118726
283 13.614909
284 13.785102
285 14.150030
286 13.989681
287 13.161966
288 14.071179
289 15.551682
290 13.543148
291 14.554787
292 14.994884
293 15.717311
294 14.054111
295 13.854105
296 14.150684
297 13.294847
298 15.002681
299 14.003794
300 14.324977
301 14.333084
302 14.806604
303 14.447515
304 14.485312
305 14.659467
306 12.906754
307 15.004251
308 14.322911
309 14.149096
310 15.222355
311 14.598382
312 13.580205
313 15.330767
314 14.959390
315 13.317267
316 14.088440
317 13.393170
318 14.301026
319 14.089272
320 14.204178
321 14.200966
322 15.028973
323 14.279848
324 13.017331
325 14.744406
326 13.968249
327 13.563482
328 14.579047
329 14.930730
330 15.416840
331 14.516799
332 15.027673
333 14.338330
334 14.094594
335 11.815523
336 12.374832
337 11.687644
338 14.076028
339 11.888895
340 13.704608
341 12.796142
342 14.176915
343 14.899582
344 14.986279
345 14.384362
346 13.900418
347 14.081030
348 14.037445
349 13.658538
350 13.073104
351 12.071172
352 12.661971
353 12.385527
354 14.299471
355 13.004848
356 12.434250
357 11.469062
358 12.675144
359 13.144076
360 14.047114
361 14.283028
362 13.390847
363 12.889066
364 14.330120
365 14.445570
366 14.746749
367 13.891247
368 13.624430
369 13.286999
370 13.715550
371 13.723306
372 12.610842
373 14.188250
374 13.308073
375 13.834743
376 14.389274
377 13.969939
378 15.809577
379 15.659008
380 15.566751
381 15.411456
382 14.881794
383 14.488424
384 14.386042
385 14.677279
386 12.881191
387 13.321482
388 15.813087
389 15.812342
390 14.044322
391 14.052224
392 14.165790
393 14.163861
394 14.029661
395 14.872778
396 13.988787
397 14.511298
398 13.957161
399 15.408368
400 15.447696
401 14.583105
402 14.672691
403 15.112496
404 15.105723
405 14.639749
406 14.389400
407 14.856142
408 14.758471
409 14.411793
410 15.587147
411 13.600309
412 13.552806
413 12.895070
414 13.764543
415 13.000034
416 12.149708
417 12.283538
418 12.028980
419 12.841096
420 11.041828
421 11.483863
422 12.271262
423 13.633629
424 10.884421
425 12.478964
426 12.445984
427 14.646014
428 12.984924
429 11.596016
430 11.550365
431 13.833183
432 14.302988
433 13.665943
434 12.815742
435 13.782458
436 15.078431
437 15.059341
438 14.423771
439 14.204572
440 13.666913
441 15.687922
442 14.879698
443 13.105610
444 12.670344
445 13.706812
446 13.466154
447 13.933758
448 13.581164
449 12.961717
450 13.026319
451 13.507219
452 14.302260
453 15.159480
454 13.167113
455 14.470746
456 15.034186
457 14.227320
458 15.361291
459 14.097254
460 13.524237
461 13.769242
462 12.468925
463 15.358951
464 12.354283
465 12.839482
466 13.583555
467 14.260885
468 14.266469
469 14.285156
470 14.798898
471 13.926169
472 13.535473
473 13.860455
474 12.867452
475 14.809115
476 14.012689
477 14.124963
478 14.837287
479 15.618206
480 15.392626
481 15.523229
482 15.224566
483 14.523243
484 14.526753
485 15.993935
486 15.086638
487 15.176398
488 15.056781
489 15.428140
490 15.539196
491 15.143914
492 15.572095
493 14.612988
494 14.021433
495 15.295506
496 14.465890
497 14.228139
498 12.894632
499 12.740480
500 12.480445
501 13.330553
502 13.967428
503 13.821990
504 14.785028
505 15.746140
506 14.712470
507 15.299709
508 15.317798
509 15.190638
510 14.046955
511 14.623357
512 14.392749
513 15.312647
514 14.227531
515 15.263689
516 14.837178
517 14.399979
518 16.348913
519 15.516202
520 15.468310
521 15.920463
522 15.583625
523 14.707096
524 13.705689
525 14.528437
526 13.365619
527 13.750407
528 12.692063
529 14.282144
530 14.225380
531 15.617641
532 16.607618
533 16.017239
534 14.310714
535 15.928994
536 15.443232
537 14.302688
538 13.995594
539 14.041735
540 14.283833
541 14.807394
542 14.161394
543 13.730974
544 12.640560
545 13.458076
546 14.300729
547 14.995388
548 15.454624
549 15.721704
550 15.997327
551 15.723939
552 13.275921
553 14.189591
554 14.698945
555 14.149610
556 14.804701
557 14.966077
558 14.912557
559 14.380337
560 14.748605
561 14.904138
562 15.257482
563 15.180923
564 13.540401
565 13.367681
566 15.192854
567 15.144858
568 14.971038
569 14.381588
570 14.879990
571 14.810571
572 15.041529
573 14.694154
574 14.224993
575 13.793186
576 14.773607
577 14.775741
578 14.448624
579 14.588230
580 15.739968
581 14.442841
582 14.268252
583 14.786664
584 15.971813
585 14.773561
586 14.768709
587 14.588573
588 15.072549
589 15.025207
590 14.868545
591 14.730415
592 14.602836
593 14.540276
594 14.634934
595 15.482490
596 14.501068
597 15.213069
598 15.091007
599 15.792895
600 13.475137
601 14.972093
602 12.920012
603 13.356294
604 14.166850
605 14.528816
606 15.962424
607 13.864017
608 13.909120
609 15.161436
610 14.456416
611 14.877272
612 15.746984
613 15.438575
614 13.757404
615 15.247888
616 14.387843
617 14.718007
618 15.924264
619 14.034139
620 15.916048
621 16.199299
622 15.577642
623 15.535604
624 14.339923
625 13.780724
626 15.034452
627 14.143299
628 13.815391
629 15.565539
630 15.139515
631 14.355154
632 14.067536
633 14.874938
634 14.700885
635 14.765937
636 13.976858
637 14.552974
638 13.562114
639 14.834105
640 14.196216
641 14.294019
642 14.239620
643 14.872215
644 14.030223
645 13.888370
646 13.566555
647 14.212126
648 13.617100
649 15.064427
650 14.504959
651 15.151598
652 14.466133
653 13.646394
654 15.147444
655 14.881183
656 15.533542
657 13.981723
658 14.111581
659 13.867914
660 13.051600
661 14.671700
662 13.923592
663 14.382923
664 16.375364
665 12.947489
666 12.207389
667 12.974339
668 14.634040
669 15.741707
670 14.320202
671 15.094911
672 14.065503
673 15.626575
674 14.788947
675 14.692219
676 14.772343
677 14.520446
678 14.021396
679 15.499942
680 15.417574
681 15.108282
682 16.441471
683 16.891478
684 13.651556
685 11.869498
686 12.377185
687 11.594727
688 12.163907
689 14.054917
690 12.908135
691 14.147134
692 14.244867
693 14.540879
694 14.379017
695 14.538429
696 14.074496
697 14.663744
698 14.516590
699 13.822569
700 14.367304
701 13.492147
702 14.702593
703 13.697379
704 14.703244
705 13.180688
706 14.147942
707 13.929631
708 14.585761
709 14.511208
710 13.693156
711 13.045967
712 13.237545
713 12.702389
714 14.452924
715 15.620299
716 14.481739
717 12.890527
718 13.330551
719 13.679016
720 15.015676
721 15.959725
722 15.082066
723 13.957402
724 14.429861
725 15.056645
726 13.282392
727 11.607589
728 12.094550
729 14.894037
730 13.830823
731 13.784710
732 14.545260
733 14.456537
734 13.039269
735 13.640827
736 13.784639
737 15.500207
738 14.749393
739 12.766586
740 13.057524
741 11.784366
742 11.324848
743 12.344069
744 14.230733
745 11.913965
746 13.781189
747 13.743853
748 14.181868
749 13.135430
750 12.377425
751 14.150688
752 14.155460
753 14.047619
754 13.612684
755 13.617320
756 13.487171
757 14.558935
758 15.282952
759 15.100492
760 14.398803
761 14.280327
762 14.581584
763 15.329369
764 14.846001
765 12.153806
766 12.432237
767 12.885128
768 12.395768
769 13.965855
770 14.921253
771 13.529868
772 14.935946
773 15.491576
774 14.690667
775 15.084687
776 15.287869
777 13.252391
778 13.120771
779 13.594314
780 15.992992
781 14.595700
782 15.724812
783 14.709541
784 15.023434
785 14.099755
786 12.725043
787 13.800458
788 12.954387
789 16.171089
790 14.036798
791 14.254340
792 13.114454
793 14.156405
794 14.831632
795 14.930889
796 14.432250
797 13.877942
798 14.000398
799 14.254281
800 13.522503
801 13.976155
802 14.178949
803 13.639170
804 13.664971
805 13.542805
806 12.712952
807 13.663740
808 13.901457
809 13.513942
810 12.124240
811 13.420459
812 13.218904
813 12.164344
814 11.688030
815 11.421656
816 11.066553
817 14.487506
818 13.656963
819 14.639641
820 14.304836
821 14.497177
822 11.689778
823 14.212135
824 14.396393
825 13.203766
826 14.749621
827 14.507537
828 15.032486
829 14.270903
830 13.963775
831 13.582700
832 15.298164
833 14.040978
834 12.825121
835 15.372304
836 13.343429
837 13.446125
838 14.605342
839 13.812356
840 11.742533
841 14.133134
842 14.041429
843 14.052140
844 13.758131
845 11.446754
846 13.426380
847 13.945792
848 13.142086
849 14.431898
850 13.908560
851 14.500725
852 16.061209
853 14.238319
854 14.228434
855 14.098554
856 13.627583
857 14.596488
858 13.721749
859 17.162600
860 14.029545
861 14.456491
862 14.437872
863 15.676082
864 15.442570
865 14.628448
866 12.754774
867 12.898141
868 14.425320
869 14.180833
870 13.303660
871 14.054246
872 13.770820
873 13.811152
874 12.943739
875 15.236265
876 14.442262
877 13.899563
878 13.398943
879 13.476777
880 13.766598
881 14.221301
882 13.967985
883 13.992801
884 15.417852
885 15.565230
886 15.489076
887 15.072085
888 14.458802
889 16.083225
890 12.862091
891 12.555501
892 14.891531
893 15.600456
894 13.721346
895 15.899199
896 14.631685
897 13.301519
898 14.954762
899 14.291656
900 13.446181
901 12.608013
902 13.690126
903 13.662884
904 13.526542
905 14.700942
906 14.088857
907 12.743429
908 13.965721
909 14.921809
910 13.320220
911 12.095355
912 14.207070
913 13.821320
914 14.729979
915 13.982538
916 13.437692
917 13.690367
918 13.288080
919 13.509599
920 12.634086
921 14.106439
922 12.232436
923 13.775904
924 13.599811
925 13.555673
926 14.321274
927 12.547360
928 14.145295
929 13.556354
930 13.731443
931 14.235612
932 13.329375
933 14.020221
934 13.085299
935 13.383468
936 13.090468
937 15.019275
938 14.215628
939 13.802982
940 14.461819
941 12.979511
942 14.302273
943 11.839817
944 14.112720
945 13.389374
946 14.693360
947 13.741979
948 14.712236
949 14.039018
950 14.328200
951 14.043486
952 14.189174
953 14.459167
954 14.981064
955 13.853408
956 14.274487
957 14.383801
958 13.012076
959 13.865854
960 12.384078
961 13.325220
962 13.943625
963 14.638915
964 14.188886
965 14.166131
966 15.811446
967 13.872092
968 13.841060
969 16.281523
970 13.507835
971 13.486204
972 14.964715
973 14.964216
974 15.285264
975 15.663776
976 14.885011
977 16.697382
978 15.593110
979 15.366260
980 15.889028
981 14.951555
982 14.795932
983 14.728309
984 14.970138
985 15.385662
986 15.684040
987 15.454416
988 16.271555
989 14.756620
990 15.972274
991 14.271768
992 13.674961
993 15.004272
994 12.718762
995 13.541559
996 13.294576
997 15.395746
998 15.389915
999 14.892615
1000 15.229145
1001 14.537741
1002 14.264634
1003 15.138418
1004 14.282759
1005 14.624765
1006 13.760508
1007 15.304052
1008 15.856683
1009 14.965245
1010 15.229738
1011 15.591217
1012 15.447687
1013 15.585617
1014 14.940012
1015 15.104572
1016 14.245834
1017 15.686949
1018 14.513119
1019 14.585737
1020 14.609701
1021 12.851154
1022 14.363730
1023 15.185131
1024 14.428731
1025 13.040007
1026 13.357027
1027 13.031634
1028 13.197685
1029 12.866214
1030 12.246057
1031 11.857254
1032 12.743347
1033 12.282354
1034 12.961112
1035 12.206788
1036 12.852399
1037 12.982566
1038 13.148189
1039 13.495217
1040 12.515887
1041 12.436981
1042 14.386650
1043 15.915024
1044 14.332537
1045 14.828191
1046 16.476854
1047 14.883685
1048 16.337851
1049 14.339339
1050 15.308680
1051 14.952632
1052 12.516145
1053 15.259914
1054 13.942518
1055 14.950871
1056 13.366351
1057 14.283871
1058 14.381585
1059 14.950304
1060 15.831702
1061 15.073527
1062 12.608528
1063 12.728196
1064 12.839489
1065 11.055376
1066 11.784557
1067 11.032815
1068 12.247003
1069 12.035721
1070 12.104856
1071 13.424641
1072 13.659335
1073 13.760541
1074 13.130748
1075 14.187434
1076 14.338871
1077 14.754972
1078 14.040606
1079 15.036384
1080 15.063981
1081 14.976714
1082 14.069865
1083 14.258182
1084 13.407646
1085 12.893260
1086 13.161126
1087 13.608083
1088 13.788819
1089 13.311003
1090 14.149254
1091 14.250226
1092 13.863724
1093 14.550533
1094 13.951353
1095 14.317688
1096 13.631541
1097 13.336368
1098 14.061913
1099 14.940283
1100 14.408957
1101 14.256565
1102 14.626225
1103 14.559903
1104 15.506557
1105 14.730515
1106 15.309910
1107 11.918685
1108 12.288030
1109 12.877836
1110 12.656452
1111 14.593960
1112 14.605988
1113 14.112209
1114 13.058035
1115 14.695396
1116 15.747524
1117 15.274545
1118 14.992736
1119 15.448452
1120 14.977738
1121 14.660471
1122 15.184744
1123 14.342968
1124 15.624716
1125 15.280787
1126 14.604988
1127 14.309186
1128 12.251443
1129 14.684283
1130 15.323360
1131 13.893859
1132 14.467782
1133 14.308773
1134 14.499511
1135 16.297155
1136 13.132287
1137 13.926070
1138 14.008589
1139 14.814593
1140 14.082308
1141 14.562844
1142 15.374529
1143 12.422519
1144 14.542105
1145 15.432153
1146 15.609591
1147 12.320585
1148 11.750174
1149 12.869583
1150 13.241578
1151 13.576161
1152 14.246486
1153 14.095809
1154 11.889246
1155 11.173733
1156 12.730236
1157 13.322095
1158 12.458633
1159 12.736248
1160 14.086836
1161 15.356527
1162 15.157283
1163 13.926043
1164 14.485063
1165 12.242345
1166 15.613084
1167 14.075569
1168 13.696639
1169 14.477655
1170 13.036234
1171 13.614058
1172 14.203469
1173 14.637242
1174 15.907954
1175 13.383077
1176 15.194082
1177 14.255076
1178 14.536152
1179 13.538483
1180 14.464697
1181 15.845184
1182 13.695637
1183 12.567588
1184 14.275496
1185 15.388782
1186 14.451926
1187 14.329265
1188 14.589893
1189 14.860907
1190 14.437108
1191 15.959807
1192 15.439197
1193 14.884218
1194 14.803866
1195 14.841138
1196 15.113969
1197 14.675874
1198 15.047824
1199 15.226515
1200 14.311759
1201 14.852835
1202 14.238721
1203 14.037729
1204 13.579507
1205 12.657809
1206 14.785146
1207 14.507756
1208 14.471230
1209 14.076402
1210 14.900838
1211 15.091123
1212 13.852821
1213 11.627090
1214 12.988696
1215 12.390286
1216 13.816185
1217 13.987512
1218 14.453267
1219 15.171373
1220 14.471302
1221 14.474537
1222 13.337803
1223 14.002419
1224 14.374712
1225 16.443237
1226 14.564782
1227 13.185727
1228 14.656070
1229 14.850057
1230 14.631807
1231 14.932713
1232 14.962305
1233 14.705810
1234 13.387467
1235 13.983182
1236 15.640137
1237 14.739150
1238 15.364970
1239 14.634490
1240 13.883901
1241 14.619770
1242 14.662398
1243 14.884257
1244 14.070828
1245 14.896207
1246 13.240355
1247 15.471556
1248 14.658092
1249 14.714963
1250 14.323824
1251 15.467188
1252 14.941066
1253 14.948225
1254 14.599815
1255 14.555696
1256 14.386525
1257 12.889937
1258 14.152735
1259 15.287889
1260 14.974224
1261 13.035622
1262 15.157503
1263 14.066614
1264 15.287358
1265 15.826025
1266 13.173951
1267 15.326899
1268 14.957411
1269 13.224150
1270 12.611848
1271 12.157230
1272 13.066715
1273 13.694796
1274 15.227175
1275 14.528281
1276 14.873919
1277 14.233001
1278 14.539899
1279 13.294233
1280 16.503271
1281 14.020885
1282 14.023419
1283 16.148691
1284 16.128387
1285 16.329674
1286 16.514034
1287 15.158312
1288 14.898316
1289 16.109890
1290 14.212141
1291 15.652798
1292 16.659250
1293 15.976087
1294 14.207356
1295 13.602608
1296 15.386977
1297 15.893271
1298 14.262363
1299 13.371514
1300 15.219923
1301 14.154072
1302 16.371340
1303 15.177102
1304 15.244958
1305 15.345010
1306 16.051462
1307 15.172202
1308 15.926888
1309 16.210157
1310 14.453769
1311 14.766088
1312 15.618087
1313 15.965328
1314 15.882174
1315 15.363621
1316 16.712833
1317 15.505176
1318 14.589213
1319 14.988507
1320 16.284586
1321 12.897892
1322 13.673395
1323 15.039246
1324 15.359838
1325 15.595387
1326 12.922686
1327 11.701357
1328 11.488992
1329 11.220067
1330 12.573465
1331 14.548924
1332 14.829988
1333 16.002857
1334 16.069633
1335 15.999369
1336 15.390180
1337 14.795749
1338 15.146539
1339 14.112679
1340 14.797299
1341 14.676681
1342 15.215891
1343 14.072901
1344 13.891026
1345 13.799121
1346 12.736285
1347 12.193451
1348 11.751982
1349 11.948033
1350 11.160805
1351 13.579349
1352 12.794252
1353 11.632718
1354 11.630988
1355 12.552906
1356 11.383731
1357 11.592884
1358 14.483582
1359 12.705304
1360 13.233012
1361 11.541251
1362 14.605687
1363 13.757040
1364 14.074108
1365 13.324640
1366 13.955075
1367 14.111532
1368 13.531075
1369 14.093081
1370 13.482018
1371 12.925732
1372 13.396782
1373 11.835495
1374 12.754708
1375 15.466524
1376 11.490935
1377 13.223936
1378 14.260876
1379 13.651555
1380 12.985054
1381 14.908154
1382 15.163973
1383 15.832886
1384 15.906877
1385 16.207199
1386 16.816814
1387 17.007378
1388 15.681884
1389 13.696135
1390 15.540266
1391 14.249253
1392 16.251331
1393 16.529123
1394 15.081120
1395 15.948592
1396 13.354624
1397 14.530835
1398 14.148149
1399 13.512737
1400 12.265762
1401 13.002622
1402 12.317948
1403 15.540102
1404 15.549803
1405 14.932199
1406 13.413967
1407 14.159374
1408 13.467273
1409 14.313959
1410 14.645389
1411 14.001306
1412 14.928259
1413 14.929819
1414 14.760318
1415 15.557890
1416 14.901280
1417 15.242214
1418 14.566350
1419 15.118977
1420 15.308578
1421 14.044224
1422 17.028639
1423 14.700403
1424 13.363783
1425 14.939648
1426 13.888286
1427 13.676116
1428 14.937412
1429 14.592378
1430 14.037467
1431 14.356786
1432 13.311543
1433 12.067986
1434 12.891182
1435 12.550337
1436 11.659320
1437 13.523837
1438 11.793672
1439 13.042263
1440 13.748028
1441 13.953685
1442 14.272651
1443 13.244992
1444 14.385387
1445 14.870657
1446 15.168688
1447 14.785511
1448 13.915990
1449 15.421652
1450 16.672165
1451 15.772417
1452 14.969944
1453 15.167249
1454 13.860757
1455 14.028548
1456 13.941010
1457 14.450698
1458 14.614584
1459 14.327458
1460 14.876406
1461 14.804226
1462 14.873157
1463 14.273091
1464 13.530339
1465 14.960515
1466 14.062738
1467 14.283791
1468 14.680074
1469 13.198615
1470 13.983249
1471 14.119971
1472 12.882021
1473 12.879924
1474 13.026358
1475 12.573530
1476 13.549922
1477 14.068937
1478 12.714457
1479 12.435415
1480 12.012761
1481 12.836226
1482 12.019677
1483 12.745790
1484 12.263325
1485 12.617393
1486 12.036817
1487 12.091195
1488 12.813978
1489 12.147724
1490 13.247312
1491 15.421433
1492 13.981298
1493 14.338794
1494 14.249820
1495 13.157430
1496 13.643417
1497 12.772975
1498 14.203666
1499 13.124715
1500 13.268954
1501 14.099603
1502 13.191260
1503 12.636388
1504 12.372652
1505 13.980752
1506 12.973139
1507 14.034886
1508 13.153478
1509 14.446312
1510 12.875362
1511 12.533863
1512 13.415454
1513 12.116325
1514 14.156405
1515 15.274486
1516 14.524762
1517 15.094938
1518 15.086288
1519 14.456180
1520 15.234504
1521 15.064363
1522 14.959180
1523 15.164123
1524 14.962049
1525 16.226793
1526 14.620511
1527 16.710632
1528 16.256897
1529 14.310897
1530 16.226746
1531 17.384438
1532 14.530635
1533 15.156334
1534 15.352127
1535 15.364832
1536 14.188127
1537 14.793529
1538 15.160387
1539 14.586052
1540 14.330761
1541 14.329556
1542 14.197136
1543 13.924495
1544 14.157572
1545 14.647552
1546 14.427659
1547 13.359910
1548 13.536679
1549 14.572275
1550 15.379099
1551 13.583789
1552 12.399059
1553 11.166958
1554 13.968285
1555 13.959494
1556 14.158706
1557 13.690722
1558 14.351287
1559 14.967454
1560 15.433034
1561 14.932484
1562 12.856450
1563 13.123790
1564 13.121547
1565 12.914443
1566 14.446444
1567 12.133802
1568 12.760053
1569 12.085045
1570 13.672241
1571 13.795504
1572 12.788566
1573 13.894010
1574 14.219206
1575 13.995858
1576 14.366644
1577 13.862142
1578 14.446421
1579 15.519887
1580 14.921481
1581 14.963056
1582 15.149081
1583 14.275310
1584 13.172444
1585 13.449766
1586 14.157743
1587 14.241875
1588 14.810218
1589 13.773102
1590 14.445459
1591 13.759374
1592 13.891737
1593 14.625424
1594 15.051449
1595 12.323835
1596 13.523584
1597 13.088417
1598 12.773129
1599 13.003502
1600 12.833995
1601 12.998491
1602 12.487075
1603 12.639071
1604 12.922837
1605 12.375549
1606 11.672797
1607 13.280303
1608 12.398722
1609 12.791834
1610 12.782790
1611 13.058370
1612 12.093428
1613 12.358934
1614 13.490778
1615 11.719204
1616 12.442619
1617 13.083197
1618 14.655804
1619 13.660138
1620 13.602330
1621 14.527621
1622 13.547129
1623 15.112954
1624 15.063428
1625 13.703981
1626 15.096126
1627 13.856877
1628 14.169041
1629 15.317721
1630 13.887065
1631 12.643212
1632 13.908626
1633 14.092432
1634 14.266680
1635 14.048247
1636 13.723464
1637 14.597402
1638 13.877333
1639 14.203734
1640 14.639473
1641 14.005031
1642 14.183802
1643 14.533344
1644 14.994701
1645 14.478844
1646 15.316292
1647 13.404960
1648 12.399893
1649 12.607600
1650 12.644660
1651 12.523338
1652 11.317199
1653 10.194381
1654 10.803868
1655 13.052223
1656 12.574183
1657 13.185850
1658 14.466190
1659 15.327041
1660 14.636971
1661 14.477571
1662 14.448976
1663 15.632015
1664 14.811166
1665 14.427214
1666 14.941151
1667 13.375687
1668 13.784544
1669 14.697964
1670 13.165475
1671 14.808002
1672 14.567792
1673 14.810725
1674 15.049668
1675 14.315973
1676 15.409515
1677 14.935361
1678 14.750443
1679 13.804167
1680 13.781515
1681 15.086910
1682 15.559268
1683 15.074304
1684 15.809402
1685 15.353610
1686 15.039687
1687 15.205781
1688 13.905832
1689 13.117533
1690 13.162437
1691 12.688059
1692 12.456816
1693 14.090347
1694 14.777992
1695 14.398369
1696 15.150977
1697 14.656446
1698 15.447142
1699 14.585820
1700 14.727729
1701 14.030883
1702 14.678966
1703 14.962535
1704 14.858063
1705 13.790566
1706 12.402267
1707 14.153211
1708 14.050447
1709 14.811391
1710 14.469899
1711 14.052185
1712 15.457834
1713 14.024385
1714 14.218450
1715 14.455100
1716 13.833129
1717 14.933615
1718 15.462193
1719 15.295679
1720 13.244340
1721 12.932244
1722 12.428957
1723 12.611012
1724 12.407908
1725 14.201076
1726 12.145153
1727 12.846435
1728 12.625742
1729 13.496128
1730 12.277357
1731 15.065503
1732 13.510646
1733 15.483800
1734 14.854280
1735 13.743400
1736 14.359629
1737 15.051307
1738 15.559382
1739 16.371435
1740 14.954885
1741 14.742414
1742 13.210880
1743 12.795543
1744 12.919637
1745 12.507744
1746 14.515527
1747 15.477458
1748 15.698482
1749 17.618565
1750 15.083345
1751 13.729530
1752 15.083265
1753 14.609648
1754 13.659060
1755 14.255987
1756 14.018312
1757 13.930068
1758 15.714613
1759 14.480791
1760 15.164186
1761 15.073350
1762 15.875809
1763 14.955509
1764 15.095839
1765 15.147800
1766 12.639592
1767 12.748325
1768 12.482103
1769 12.975476
1770 13.046887
1771 12.227370
1772 12.353074
1773 13.535928
1774 14.526038
1775 12.617470
1776 12.826588
1777 12.604452
1778 13.412705
1779 14.807004
1780 15.690472
1781 16.616293
1782 14.539347
1783 14.540450
1784 14.224735
1785 13.630704
1786 14.582100
1787 14.758271
1788 15.381603
1789 15.385481
1790 14.537831
1791 13.897463
1792 14.591604
1793 14.250124
1794 14.245810
1795 13.579458
1796 15.246771
1797 13.503835
1798 15.697536
1799 15.574165
1800 13.448256
1801 13.525241
1802 14.826936
1803 14.483322
1804 12.722473
1805 14.515478
1806 13.640445
1807 14.416528
1808 14.856153
1809 16.183899
1810 15.577936
1811 16.217896
1812 15.305376
1813 14.556196
1814 15.225379
1815 14.975643
1816 15.337717
1817 14.476641
1818 14.770665
1819 14.743116
1820 14.855767
1821 14.958106
1822 14.113783
1823 15.283005
1824 14.720901
1825 13.886765
1826 16.147285
1827 13.948716
1828 14.882112
1829 15.397433
1830 15.076291
1831 14.136538
1832 14.052263
1833 14.273845
1834 14.552244
1835 15.325748
1836 14.472258
1837 16.453182
1838 15.954545
1839 14.862066
1840 16.138189
1841 14.763678
1842 13.879910
1843 15.633454
1844 15.645622
1845 15.363975
1846 15.743121
1847 13.340529
1848 14.171756
1849 16.583567
1850 15.252059
1851 15.040991
1852 16.035437
1853 15.256349
1854 14.581511
1855 15.526570
1856 15.712228
1857 14.585353
1858 14.977139
1859 14.910542
1860 15.753371
1861 15.284538
1862 13.862501
1863 13.007803
1864 13.419413
1865 15.410113
1866 15.904417
1867 14.893237
1868 15.284685
1869 14.648063
1870 13.617500
1871 14.085283
1872 14.733165
1873 14.819226
1874 15.836308
1875 15.626079
1876 15.200520
1877 15.894616
1878 15.464425
1879 15.160367
1880 15.839237
1881 15.035457
1882 15.626676
1883 16.979130
1884 15.309695
1885 15.723209
1886 16.093939
1887 16.055693
1888 15.718006
1889 15.019303
1890 13.732713
1891 14.824690
1892 15.892019
1893 16.382998
1894 15.421055
1895 15.769024
1896 15.744234
1897 15.227049
1898 14.984009
1899 14.645462
1900 15.084656
1901 14.804359
1902 14.283349
1903 16.214676
1904 14.897007
1905 15.416489
1906 15.239454
1907 16.243956
1908 15.343855
1909 14.406475
1910 15.028009
1911 14.479105
1912 15.554894
1913 15.342236
1914 13.786532
1915 14.816984
1916 15.366959
1917 15.045987
1918 14.291016
1919 14.591902
1920 14.523289
1921 14.549685
1922 15.330116
1923 15.494956
1924 16.697666
1925 15.563032
1926 14.963994
1927 15.385643
1928 16.632034
1929 14.126269
1930 15.479652
1931 15.032143
1932 14.387710
1933 15.963984
1934 14.700403
1935 15.214557
1936 15.287542
1937 15.601739
1938 16.001369
1939 14.931997
1940 14.784362
1941 15.573028
1942 15.228428
1943 14.839430
1944 15.309022
1945 15.067890
1946 14.836190
1947 14.706366
1948 14.498739
1949 14.239330
1950 15.150940
1951 15.832341
1952 14.932422
1953 14.622933
1954 14.576647
1955 15.325336
1956 15.104086
1957 14.707452
1958 14.737668
1959 15.685376
1960 15.944231
1961 15.209692
1962 15.381433
1963 15.129991
1964 15.409468
1965 14.503653
1966 14.881985
1967 14.829720
1968 14.897560
1969 14.139175
1970 13.324458
1971 14.071483
1972 15.599076
1973 15.166785
1974 16.701138
1975 14.925664
1976 16.865309
1977 15.525373
1978 15.590346
1979 16.871874
1980 15.476970
1981 14.959416
1982 15.474825
1983 15.115358
1984 15.682794
1985 15.529500
1986 14.103581
1987 14.861836
1988 14.502648
1989 14.713725
1990 15.550643
1991 15.002500
1992 15.711352
1993 15.992189
1994 15.541084
1995 15.316365
1996 14.441743
1997 14.125864
1998 14.087417
1999 15.322367
2000 14.614873
2001 15.062166
2002 14.505410
2003 14.546591
2004 14.149169
2005 15.151930
2006 12.822285
2007 15.555994
2008 15.731270
2009 14.781600
2010 15.562358
2011 15.051636
2012 14.721005
2013 13.983812
2014 15.009380
2015 14.736774
2016 14.467027
2017 15.348972
2018 15.408569
2019 15.076226
2020 15.752733
2021 16.086405
2022 17.046782
2023 14.327580
2024 15.360447
2025 13.780910
2026 15.055230
2027 14.432914
2028 14.442286
2029 14.922689
2030 15.122586
2031 16.416273
2032 15.464244
2033 15.710342
2034 14.923410
2035 15.805693
2036 16.486446
2037 15.518447
2038 15.874965
2039 15.197297
2040 14.804978
2041 14.734774
2042 16.185307
2043 15.663207
2044 15.331613
2045 14.902182
2046 16.330379
2047 14.703639
2048 14.597563
2049 15.320815
2050 14.213463
2051 15.187587
2052 14.704675
2053 15.316136
2054 15.931044
2055 15.703393
2056 15.613991
2057 15.678022
2058 15.766057
2059 14.637560
2060 15.708894
2061 15.529529
2062 15.614242
2063 14.424680
2064 15.596918
2065 15.299165
2066 16.216307
2067 14.894938
2068 13.325121
2069 12.857713
2070 14.036329
2071 14.800194
2072 15.218443
2073 14.654453
2074 15.894760
2075 15.470985
2076 15.149792
2077 15.327811
2078 15.817348
2079 16.259800
2080 16.302088
2081 15.646879
2082 15.950180
2083 15.826452
2084 15.354332
2085 15.657681
2086 15.498664
2087 15.311125
2088 16.076759
2089 15.189569
2090 15.473577
2091 15.151577
2092 14.036547
2093 15.572614
2094 15.642839
2095 14.665039
2096 14.367177
2097 16.149612
2098 14.323028
2099 14.431002
2100 14.492446
2101 14.041610
2102 15.020060
2103 14.868817
2104 14.810074
2105 13.736497
2106 14.241684
2107 14.164692
2108 15.087995
2109 14.863007
2110 13.044512
2111 13.009123
2112 13.426888
2113 12.972641
2114 13.249798
2115 14.576824
2116 13.652815
2117 14.704735
2118 13.651503
2119 14.308244
2120 14.539345
2121 14.850571
2122 14.395811
2123 15.456897
2124 14.544783
2125 14.953637
2126 13.640926
2127 13.347833
2128 14.593615
2129 13.908174
2130 14.507521
2131 14.131283
2132 15.375554
2133 15.331721
2134 14.982746
2135 15.076625
2136 15.929772
2137 16.258387
2138 16.233959
2139 14.938276
2140 15.292823
2141 14.528204
2142 14.308946
2143 14.023926
2144 15.700784
2145 15.706899
2146 15.273512
2147 15.326272
2148 14.741757
2149 14.114268
2150 14.361781
2151 14.084840
2152 15.079052
2153 15.318842
2154 15.615928
2155 14.167982
2156 14.538680
2157 14.912125
2158 15.187823
2159 14.459440
2160 14.994910
2161 14.199913
2162 14.283956
2163 14.186906
2164 13.749421
2165 14.254226
2166 14.080327
2167 13.653768
2168 13.323114
2169 14.210772
2170 14.016949
2171 14.832915
2172 15.427129
2173 12.917718
2174 12.894322
2175 13.644038
2176 13.428670
2177 13.736073
2178 14.679011
2179 14.355292
2180 15.708365
2181 15.971435
2182 14.720898
2183 14.268053
2184 13.504835
2185 14.091132
2186 13.162738
2187 14.181458
2188 15.524449
2189 14.891767
2190 15.074836
2191 15.092082
2192 14.567089
2193 14.141294
2194 15.592525
2195 15.236544
2196 15.192065
2197 14.988925
2198 15.394793
2199 14.841112
2200 15.612703
2201 16.034691
2202 16.349384
2203 16.198624
2204 15.502992
2205 14.678492
2206 15.340744
2207 15.164475
2208 14.811707
2209 14.890282
2210 15.483172
2211 14.652623
2212 14.102585
2213 14.679104
2214 15.897527
2215 15.280850
2216 16.109583
2217 15.306788
2218 16.005030
2219 15.571598
2220 15.253526
2221 15.125357
2222 15.213450
2223 14.830489
2224 14.835663
2225 13.849439
2226 14.373878
2227 14.175171
2228 13.779325
2229 13.402726
2230 12.314564
2231 13.348491
2232 13.192216
2233 14.090984
2234 13.349230
2235 13.820641
2236 13.264804
2237 13.885571
2238 13.095155
2239 12.535044
2240 14.162974
2241 13.289067
2242 15.011950
2243 13.777873
2244 14.594126
2245 12.091214
2246 12.735342
2247 13.943480
2248 14.849898
2249 15.929501
2250 15.789145
2251 14.921172
2252 15.807332
2253 15.107698
2254 13.397465
2255 15.756148
2256 15.502592
2257 14.662828
2258 14.012206
2259 13.688027
2260 13.455860
2261 13.906466
2262 15.119948
2263 15.020691
2264 14.316626
2265 13.887018
2266 14.284055
2267 12.830611
2268 15.092009
2269 13.151713
2270 13.062792
2271 15.348868
2272 13.533847
2273 14.493749
2274 14.161625
2275 13.845967
2276 15.583864
2277 14.343508
2278 14.554923
2279 15.134283
2280 15.417643
2281 15.738646
2282 15.501179
2283 15.871818
2284 15.798069
2285 14.234624
2286 15.382657
2287 16.062319
2288 14.592854
2289 16.905598
2290 14.806597
2291 15.417893
2292 14.309600
2293 14.534066
2294 15.630458
2295 15.096675
2296 15.989775
2297 14.787502
2298 15.955112
2299 15.228872
2300 15.554271
2301 15.310769
2302 14.746780
2303 15.475229
2304 14.560897
2305 16.018818
2306 15.127726
2307 14.939363
2308 15.554639
2309 15.881227
2310 13.251238
2311 14.684146
2312 15.623002
2313 15.462432
2314 15.227169
2315 16.057245
2316 15.831165
2317 15.375368
2318 15.122779
2319 16.178087
2320 15.230495
2321 14.932891
2322 14.864521
2323 14.774393
2324 14.916233
2325 14.525592
2326 15.265656
2327 15.853192
2328 14.403316
2329 15.996467
2330 14.905198
2331 13.877037
2332 14.545819
2333 13.736268
2334 15.413132
2335 13.984737
2336 12.987554
2337 14.140050
2338 14.539846
2339 15.177468
2340 13.869366
2341 14.920917
2342 14.815680
2343 15.375110
2344 14.782560
2345 16.647751
2346 15.209517
2347 15.556110
2348 15.379848
2349 15.113116
2350 16.339746
2351 17.419277
2352 15.987949
2353 16.704828
2354 16.820774
2355 16.956312
2356 15.684461
2357 15.544451
2358 15.014378
2359 15.943529
2360 15.525272
2361 14.748394
2362 15.457574
2363 15.921183
2364 15.406089
2365 14.968849
2366 16.446100
2367 15.547182
2368 15.395166
2369 15.491531
2370 15.666910
2371 14.131182
2372 15.424844
2373 15.249788
2374 14.696568
2375 14.901250
2376 14.235696
2377 16.690657
2378 15.321037
2379 16.177526
2380 15.121288
2381 15.082419
2382 14.960420
2383 15.012485
2384 15.950126
2385 15.272937
2386 15.942928
2387 15.543859
2388 16.332073
2389 15.451048
2390 14.727735
2391 14.326571
2392 14.916655
2393 14.665692
2394 15.398211
2395 16.074049
2396 15.058779
2397 15.099760
2398 15.232263
2399 14.170035
2400 14.686866
2401 15.307756
2402 15.306561
2403 14.997966
2404 14.833405
2405 15.668566
2406 15.136553
2407 14.043308
2408 15.506574
2409 15.408634
2410 14.840421
2411 15.451151
2412 14.861781
2413 14.442000
2414 15.556345
2415 15.270424
2416 15.984961
2417 13.988071
2418 14.505617
2419 13.917278
2420 14.961197
2421 15.941285
2422 14.922160
2423 16.247208
2424 15.293215
2425 14.061968
2426 14.778897
2427 15.713305
2428 15.543704
2429 15.032575
2430 15.527358
2431 14.589277
2432 15.417218
2433 15.141244
2434 16.019396
2435 15.278562
2436 15.080079
2437 15.136759
2438 14.954883
2439 15.804366
2440 14.943764
2441 15.306796
2442 17.501097
2443 15.600411
2444 15.462895
2445 15.095329
2446 15.506529
2447 15.566097
2448 15.670933
2449 16.256142
2450 15.470106
2451 15.238729
2452 15.859965
2453 15.867313
2454 15.471279
2455 15.065722
2456 15.654885
2457 15.586473
2458 15.504692
2459 15.486835
2460 14.995152
2461 15.225286
2462 15.511418
2463 15.561786
2464 16.173809
2465 15.749454
2466 15.959858
2467 14.657649
2468 16.920328
2469 15.043372
2470 15.957003
2471 15.255507
2472 16.028336
2473 16.292768
2474 15.188822
2475 15.477383
2476 15.264709
2477 16.717243
2478 15.707299
2479 15.052828
2480 15.889048
2481 14.517749
2482 15.672376
2483 14.726918
2484 15.112107
2485 15.415060
2486 15.087799
2487 15.675949
2488 14.865831
2489 16.089529
2490 15.002876
2491 14.625026
2492 14.922191
2493 16.240984
2494 15.720887
2495 16.478758
2496 15.058090
2497 14.701090
2498 15.699802
2499 15.430236
2500 15.014328
2501 15.274249
2502 15.093298
2503 15.288453
2504 14.470359
2505 14.525047
2506 14.846517
2507 15.154516
2508 14.781769
2509 14.443882
2510 15.806440
2511 15.144857
2512 15.678433
2513 14.891774
2514 15.580151
2515 14.718863
2516 15.464326
2517 14.283713
2518 14.230423
2519 14.767824
2520 14.627568
2521 15.606199
2522 14.770310
2523 14.617336
2524 14.516733
2525 14.676373
2526 14.066905
2527 15.319227
2528 14.048951
2529 16.384979
2530 15.344709
2531 15.211714
2532 15.224154
2533 14.827683
2534 15.304880
2535 15.544107
2536 15.271910
2537 16.065212
2538 15.746214
2539 14.755572
2540 15.666483
2541 16.017317
2542 16.077629
2543 15.022694
2544 15.537135
2545 15.258213
2546 15.253713
2547 16.189409
2548 15.616145
2549 15.481907
2550 14.807222
2551 14.187352
2552 14.494589
2553 14.692101
2554 14.884132
2555 15.989241
2556 15.014333
2557 15.996769
2558 15.009055
2559 15.967999
2560 15.235650
2561 15.726681
2562 15.167929
2563 16.046898
2564 15.412447
2565 16.025398
2566 15.651890
2567 15.970612
2568 16.306501
2569 14.890312
2570 15.399774
2571 14.213824
2572 15.409658
2573 15.659586
2574 16.235123
2575 13.602834
2576 14.042710
2577 14.967874
2578 13.920710
2579 13.085155
2580 14.388927
2581 14.102221
2582 14.059379
2583 14.099041
2584 13.237444
2585 14.481745
2586 13.620428
2587 14.170479
2588 14.220471
2589 15.447132
2590 14.792741
2591 14.965757
2592 16.254250
2593 15.860534
2594 14.863790
2595 15.163517
2596 13.479481
2597 14.510308
2598 15.346910
2599 15.144250
2600 15.619070
2601 15.882085
2602 14.571172
2603 16.184891
2604 14.054962
2605 16.114792
2606 14.240423
2607 15.576169
2608 14.850817
2609 14.275831
2610 14.159028
2611 13.985158
2612 14.820045
2613 14.402184
2614 14.652678
2615 13.910267
2616 15.042722
2617 13.700476
2618 14.521319
2619 13.069306
2620 13.532010
2621 13.831921
2622 12.338512
2623 12.434745
2624 12.046396
2625 11.784762
2626 13.346875
2627 12.061403
2628 12.932073
2629 12.547085
2630 13.650657
2631 12.827728
2632 13.555417
2633 15.123846
2634 15.908967
2635 15.786541
2636 15.895086
2637 15.040098
2638 14.410404
2639 14.822236
2640 15.676599
2641 14.746853
2642 15.145060
2643 16.149446
2644 15.274033
2645 15.816422
2646 15.513306
2647 15.184693
2648 15.336423
2649 16.270985
2650 14.889114
2651 15.691622
2652 14.216857
2653 16.578072
2654 14.183402
2655 13.219123
2656 15.372315
2657 12.851047
2658 14.547003
2659 14.250746
2660 14.503180
2661 13.816665
2662 14.399130
2663 13.096355
2664 14.790763
2665 14.951142
2666 14.813110
2667 13.149819
2668 13.339677
2669 13.082188
2670 14.429068
2671 14.540219
2672 15.054464
2673 13.706447
2674 14.585608
2675 13.714048
2676 13.984056
2677 14.399458
2678 15.249430
2679 13.324285
2680 14.110044
2681 14.716376
2682 14.908712
2683 15.686953
2684 14.349030
2685 13.317214
2686 14.542517
2687 14.975051
2688 14.269219
2689 13.826838
2690 13.825317
2691 14.804954
2692 14.208191
2693 14.472199
2694 13.906321
2695 11.637437
2696 14.253275
2697 13.854573
2698 12.686465
2699 15.056390
2700 14.751388
2701 14.121707
2702 15.829127
2703 14.785799
2704 14.142777
2705 14.750579
2706 12.657201
2707 11.816232
2708 14.980209
2709 14.341511
2710 13.556123
2711 13.822457
2712 15.313725
2713 14.855722
2714 15.063643
2715 14.991299
2716 14.711174
2717 13.143340
2718 13.557543
2719 13.152988
2720 13.508702
2721 12.013194
2722 11.479635
2723 12.518550
2724 14.379657
2725 15.231902
2726 15.571792
2727 15.081717
2728 14.755268
2729 14.492162
2730 15.061863
2731 15.862339
2732 15.849059
2733 15.161463
2734 16.296858
2735 16.680567
2736 16.255863
2737 16.254011
2738 16.218048
2739 15.994067
2740 16.783371
2741 17.149914
2742 16.004377
2743 15.861339
2744 15.595918
2745 17.664631
2746 15.831876
2747 15.667325
2748 15.112609
2749 17.314762
2750 14.973179
2751 15.082113
2752 14.710816
2753 15.183172
2754 15.628246
2755 14.493029
2756 15.422855
2757 15.790840
2758 14.533202
2759 14.435914
2760 15.082269
2761 14.803736
2762 15.545490
2763 15.122209
2764 14.865767
2765 13.869667
2766 15.432449
2767 14.689356
2768 14.591621
2769 14.179450
2770 15.461524
2771 15.206371
2772 14.865089
2773 15.341452
2774 14.465946
2775 15.225964
2776 15.144169
2777 15.846760
2778 14.728920
2779 14.876640
2780 15.347718
2781 15.615458
2782 16.376551
2783 14.251592
2784 15.538265
2785 16.016813
2786 14.898258
2787 13.953284
2788 15.199282
2789 16.203833
2790 13.141432
2791 13.004661
2792 12.671770
2793 12.739466
2794 16.744545
2795 14.057298
2796 15.564030
2797 15.586624
2798 15.348783
2799 15.863229
2800 15.951472
2801 16.827677
2802 15.461134
2803 14.706587
2804 15.266719
2805 15.214945
2806 15.257487
2807 15.482885
2808 14.857417
2809 15.957432
2810 14.066479
2811 15.146143
2812 14.498161
2813 13.301661
2814 15.753392
2815 16.700756
2816 17.101223
2817 15.816303
2818 16.410084
2819 16.556673
2820 15.792995
2821 16.804209
2822 15.864621
2823 15.288482
2824 16.145718
2825 14.912094
2826 14.199663
2827 14.819705
2828 16.149450
2829 15.448176
2830 16.135183
2831 14.797523
2832 15.004336
2833 13.085331
2834 12.822981
2835 13.380637
2836 13.770203
2837 13.776867
2838 14.800965
2839 13.947788
2840 13.405563
2841 13.217684
2842 13.471844
2843 14.585351
2844 15.872684
2845 15.841472
2846 16.318499
2847 15.859374
2848 15.946319
2849 15.649317
2850 15.080341
2851 14.139090
2852 15.195508
2853 15.456357
2854 15.825392
2855 15.405939
2856 15.099089
2857 16.075504
2858 15.333566
2859 15.422727
2860 15.778375
2861 15.519292
2862 15.583353
2863 15.609219
2864 15.026458
2865 15.042624
2866 16.172068
2867 15.323408
2868 14.801829
2869 14.976685
2870 14.142835
2871 14.759760
2872 15.485712
2873 14.437414
2874 13.930340
2875 15.233533
2876 14.812164
2877 15.184137
2878 15.308883
2879 15.177161
2880 13.051078
2881 14.614133
2882 14.716858
2883 15.968417
2884 15.748891
2885 15.925811
2886 15.891393
2887 15.081229
2888 15.832378
2889 14.801556
2890 15.800295
2891 15.238228
2892 15.438777
2893 14.533586
2894 14.769278
2895 14.581091
2896 14.483690
2897 14.665669
2898 13.894559
2899 13.357620
2900 13.401736
2901 13.536934
2902 13.765776
2903 13.245299
2904 12.921176
2905 13.335767
2906 12.822156
2907 13.413145
2908 13.769114
2909 13.286091
2910 13.378126
2911 12.882008
2912 15.008605
2913 14.859759
2914 16.251156
2915 14.933754
2916 15.031170
2917 14.598100
2918 14.660938
2919 12.957505
2920 15.524667
2921 15.035232
2922 14.758759
2923 14.760504
2924 15.158051
2925 14.047539
2926 14.904960
2927 15.797601
2928 15.287704
2929 15.489810
2930 13.382452
2931 13.986025
2932 13.683421
2933 15.439931
2934 14.527279
2935 15.178600
2936 14.391090
2937 15.454854
2938 15.321140
2939 14.907134
2940 12.172781
2941 15.434469
2942 14.896210
2943 14.544448
2944 14.490857
2945 14.097708
2946 12.095092
2947 13.103203
2948 11.729767
2949 12.969391
2950 14.109953
2951 16.581209
2952 14.477145
2953 14.473785
2954 15.300952
2955 13.216481
2956 12.902392
2957 13.166570
2958 13.670463
2959 13.529368
2960 14.542058
2961 14.708811
2962 13.806987
2963 13.757829
2964 14.072559
2965 12.867892
2966 15.068301
2967 14.581279
2968 13.189322
2969 14.100712
2970 12.791503
2971 15.338821
2972 15.376101
2973 13.508988
2974 15.456579
2975 14.090878
2976 15.949475
2977 15.121356
2978 13.650990
2979 14.124929
2980 15.645958
2981 14.523569
2982 14.064604
2983 16.084820
2984 15.452581
2985 16.030413
2986 16.369362
2987 15.935555
2988 15.008164
2989 14.526783
2990 14.523513
2991 15.085852
2992 16.631878
2993 16.167488
2994 15.065738
2995 15.846531
2996 15.256667
2997 15.721860
2998 13.486146
2999 15.114852
3000 15.481323
3001 14.455122
3002 12.391363
3003 12.055444
3004 12.899652
3005 13.940133
3006 12.604464
3007 14.759554
3008 13.919360
3009 14.500447
3010 13.296160
3011 15.138432
3012 13.752643
3013 15.065159
3014 11.658694
3015 13.573694
3016 13.366680
3017 12.885195
3018 14.689009
3019 14.950189
3020 14.838482
3021 15.105156
3022 13.573516
3023 16.129232
3024 14.759175
3025 14.591322
3026 12.341683
3027 13.817825
3028 13.291973
3029 13.506454
3030 15.484274
3031 14.620751
3032 14.396152
3033 14.279073
3034 14.150927
3035 13.128783
3036 13.758728
3037 13.529544
3038 12.561550
3039 14.358215
3040 14.001738
3041 12.907497
3042 13.110334
3043 13.714260
3044 13.452830
3045 13.975641
3046 12.902230
3047 13.465798
3048 14.310071
3049 14.143985
3050 12.979881
3051 13.868268
3052 16.063999
3053 15.819086
3054 14.758829
3055 15.347612
3056 14.642046
3057 14.440669
3058 15.025494
3059 15.171160
3060 14.172851
3061 14.984557
3062 15.250170
3063 13.275618
3064 13.779474
3065 13.299497
3066 12.720767
3067 13.880046
3068 14.732192
3069 15.349504
3070 15.119397
3071 13.089771
3072 13.809198
3073 13.159698
3074 13.759596
3075 13.667815
3076 13.052988
3077 13.035068
3078 13.734917
3079 12.689164
3080 14.263208
3081 14.090773
3082 13.681977
3083 13.336043
3084 14.187128
3085 13.195454
3086 13.860246
3087 15.026834
3088 14.881561
3089 15.302640
3090 15.247721
3091 15.701168
3092 14.375324
3093 14.353587
3094 15.184211
3095 15.808528
3096 15.671711
3097 15.247360
3098 14.872664
3099 14.237942
3100 15.888442
3101 14.297448
3102 15.087937
3103 14.458478
3104 15.346382
3105 14.046819
3106 15.065214
3107 13.245488
3108 14.933354
3109 14.876469
3110 15.202217
3111 14.806820
3112 14.540124
3113 14.086308
3114 14.805843
3115 14.808149
3116 14.726250
3117 15.049008
3118 15.797789
3119 14.162582
3120 15.332065
3121 15.590269
3122 14.457159
3123 13.284196
3124 15.036267
3125 14.009256
3126 14.538725
3127 14.213101
3128 14.287544
3129 13.875898
3130 13.870269
3131 14.574078
3132 14.425143
3133 12.927550
3134 15.285589
3135 15.305113
3136 15.133893
3137 14.298348
3138 14.648922
3139 13.998118
3140 13.957069
3141 14.474429
3142 12.226868
3143 12.148837
3144 13.254897
3145 12.642284
3146 14.239636
3147 13.022080
3148 15.533875
3149 13.561328
3150 14.367757
3151 13.344534
3152 11.956262
3153 13.051573
3154 14.478257
3155 13.832825
3156 14.337017
3157 14.998139
3158 14.131877
3159 13.901056
3160 14.935249
3161 13.769726
3162 13.310429
3163 14.690322
3164 15.058450
3165 14.263073
3166 13.688761
3167 14.034209
3168 14.002257
3169 13.880386
3170 13.666043
3171 12.790799
3172 12.171950
3173 13.293500
3174 15.019280
3175 15.221781
3176 14.984344
3177 14.972540
3178 15.287429
3179 15.099222
3180 14.857522
3181 15.210869
3182 15.187107
3183 13.739968
3184 12.869088
3185 12.332604
3186 14.482629
3187 15.277251
3188 13.797864
3189 14.378279
3190 14.048724
3191 14.711621
3192 14.406736
3193 15.306158
3194 14.407285
3195 12.397003
3196 12.327810
3197 13.284353
3198 12.443418
3199 15.616488
3200 14.468513
3201 14.876824
3202 14.047191
3203 13.530936
3204 14.762668
3205 13.785604
3206 14.282356
3207 14.043123
3208 14.441781
3209 13.850821
3210 14.292815
3211 15.308654
3212 14.464806
3213 14.608266
3214 15.062647
3215 12.879346
3216 14.378209
3217 15.319147
3218 14.520448
3219 14.795898
3220 13.422727
3221 13.527062
3222 14.312419
3223 16.007490
3224 14.640423
3225 13.733411
3226 15.043818
3227 15.165029
3228 14.302640
3229 15.423279
3230 14.540224
3231 15.137458
3232 15.474621
3233 13.952318
3234 15.380671
3235 16.112684
3236 15.109924
3237 13.493486
3238 14.507811
3239 15.974766
3240 15.218867
3241 15.347273
3242 15.450068
3243 16.652285
3244 15.456666
3245 13.243721
3246 13.327307
3247 12.800710
3248 12.845956
3249 13.028268
3250 13.254362
3251 13.754475
3252 13.180892
3253 12.935325
3254 13.947905
3255 14.984745
3256 15.135364
3257 14.501099
3258 13.466095
3259 12.032640
3260 12.758706
3261 11.716272
3262 12.396716
3263 13.518082
3264 14.324563
3265 14.836204
3266 15.312593
3267 14.041333
3268 13.461091
3269 13.070048
3270 14.960377
3271 13.827331
3272 12.929422
3273 13.072026
3274 13.568292
3275 13.927128
3276 14.876673
3277 13.594722
3278 14.336928
3279 14.149161
3280 14.268022
3281 14.704403
3282 14.960568
3283 15.186857
3284 16.034458
3285 13.023381
3286 13.309885
3287 12.953794
3288 14.505393
3289 13.441376
3290 14.476501
3291 15.261567
3292 14.619745
3293 14.523508
3294 14.224284
3295 14.392456
3296 15.447640
3297 14.242694
3298 14.965046
3299 14.924439
3300 14.658969
3301 14.697694
3302 14.367058
3303 14.898508
3304 14.599734
3305 12.356384
3306 13.097828
3307 14.440132
3308 14.250908
3309 14.155176
3310 12.637415
3311 13.499614
3312 13.044235
3313 13.247519
3314 12.184669
3315 12.780770
3316 13.788085
3317 14.358584
3318 14.726048
3319 15.105609
3320 14.404832
3321 13.822921
3322 14.565721
3323 14.623578
3324 15.091824
3325 14.441817
3326 14.252361
3327 14.338727
3328 15.016647
3329 14.403904
3330 14.143402
3331 15.523387
3332 14.240067
3333 14.960820
3334 14.803275
3335 14.487117
3336 15.951896
3337 15.837357
3338 15.657353
3339 15.805892
3340 16.281469
3341 15.403764
3342 15.323736
3343 14.882374
3344 15.167301
3345 15.141474
3346 15.123249
3347 14.990911
3348 14.242208
3349 14.912659
3350 14.362545
3351 15.180154
3352 14.246127
3353 14.197527
3354 14.507270
3355 14.607188
3356 13.730512
3357 16.131340
3358 14.246496
3359 15.529108
3360 15.223274
3361 13.486850
3362 14.972110
3363 14.327192
3364 14.714654
3365 14.718650
3366 14.621233
3367 13.701800
3368 14.134901
3369 15.578577
3370 13.251846
3371 13.087388
3372 14.166966
3373 13.677106
3374 13.546784
3375 14.931211
3376 13.337503
3377 13.876675
3378 13.757142
3379 13.270168
3380 13.522848
3381 14.539701
3382 13.377413
3383 14.822044
3384 14.276721
3385 13.516569
3386 14.689379
3387 14.557022
3388 13.189133
3389 15.314897
3390 13.942532
3391 13.487269
3392 14.803896
3393 14.347479
3394 14.362406
3395 12.065001
3396 13.811717
3397 14.383186
3398 13.853037
3399 14.526242
3400 14.108567
3401 14.003321
3402 13.153849
3403 13.657012
3404 12.576460
3405 11.696025
3406 13.063033
3407 12.453959
3408 11.438309
3409 11.629219
3410 12.013278
3411 11.748387
3412 11.673669
3413 10.967164
3414 11.967531
3415 12.014309
3416 11.155206
3417 11.142626
3418 10.854571
3419 12.382704
3420 12.723301
3421 11.179580
3422 11.277881
3423 11.266307
3424 11.391177
3425 12.195420
3426 13.135094
3427 13.956361
3428 13.840841
3429 14.385433
3430 14.746291
3431 12.965494
3432 13.365823
3433 14.899690
3434 14.246753
3435 14.540431
3436 15.335282
3437 15.336864
3438 14.077738
3439 14.365553
3440 16.271727
3441 13.788927
3442 14.366073
3443 13.537768
3444 13.863690
3445 14.892022
3446 13.940899
3447 14.659071
3448 14.337008
3449 13.721674
3450 13.631290
3451 14.652393
3452 15.871825
3453 15.424503
3454 14.530967
3455 15.222921
3456 14.403852
3457 13.318511
3458 13.486920
3459 15.601574
3460 14.728569
3461 15.128097
3462 15.498766
3463 15.050010
3464 13.575146
3465 15.044501
3466 14.411213
3467 15.098303
3468 15.106716
3469 14.229978
3470 14.348989
3471 13.691508
3472 14.923295
3473 14.200431
3474 15.355711
3475 14.008176
3476 14.008335
3477 14.067770
3478 14.836330
3479 14.535954
3480 14.606092
3481 14.765634
3482 15.179738
3483 14.772821
3484 15.230249
3485 13.463505
3486 13.821074
3487 14.955700
3488 13.532092
3489 14.419309
3490 12.970790
3491 13.526600
3492 14.339129
3493 14.030151
3494 14.466932
3495 14.663218
3496 13.974070
3497 13.220006
3498 13.326944
3499 14.378211
3500 13.437875
3501 14.820465
3502 14.619505
3503 15.314083
3504 15.189145
3505 15.415877
3506 15.416629
3507 14.711152
3508 15.425179
3509 15.074658
3510 15.266081
3511 15.622514
3512 15.537614
3513 15.354243
3514 15.478727
3515 14.531589
3516 13.079121
3517 14.246527
3518 13.524228
3519 12.962916
3520 14.651183
3521 15.285666
3522 14.625060
3523 14.396794
3524 15.062763
3525 14.522103
3526 14.894731
3527 15.335747
3528 14.278728
3529 14.324112
3530 14.239583
3531 13.749623
3532 12.596905
3533 13.140429
3534 13.193732
3535 12.872863
3536 13.896339
3537 13.749709
3538 13.862952
3539 13.852057
3540 13.818051
3541 13.215591
3542 12.881460
3543 14.059198
3544 13.268758
3545 12.323510
3546 11.730362
3547 13.304516
3548 13.412586
3549 13.423367
3550 14.031579
3551 14.686612
3552 13.661382
3553 14.176107
3554 14.677758
3555 13.927891
3556 13.943264
3557 14.029068
3558 13.741981
3559 14.099079
3560 15.098368
3561 14.811702
3562 12.194905
3563 14.229687
3564 14.841660
3565 15.494948
3566 14.448645
3567 13.034328
3568 12.416755
3569 12.674707
3570 15.286835
3571 13.922119
3572 15.212682
3573 15.366251
3574 14.739222
3575 15.464158
3576 15.156835
3577 16.004051
3578 15.111128
3579 13.665055
3580 13.231923
3581 14.083692
3582 14.174062
3583 14.638894
3584 15.061800
3585 14.946594
3586 14.964048
3587 14.991217
3588 14.830365
3589 15.621987
3590 15.469591
3591 15.945294
3592 16.111647
3593 15.962899
3594 15.180210
3595 12.501567
3596 13.913973
3597 14.445850
3598 14.787786
3599 13.936316
3600 14.157309
3601 14.583552
3602 13.809458
3603 13.227643
3604 14.625166
3605 13.294603
3606 13.766440
3607 14.116226
3608 14.392425
3609 13.116042
3610 13.027350
3611 13.287461
3612 14.139917
3613 13.204088
3614 13.125483
3615 13.883782
3616 13.708837
3617 13.974408
3618 12.005099
3619 13.764955
3620 12.772520
3621 12.694859
3622 11.840666
3623 13.615351
3624 14.257699
3625 13.733442
3626 12.458240
3627 12.100042
3628 13.135687
3629 11.146992
3630 14.281912
3631 13.179030
3632 14.262047
3633 14.686339
3634 15.126534
3635 15.417928
3636 15.230823
3637 13.959076
3638 13.027515
3639 12.037109
3640 13.612191
3641 13.506682
3642 13.920197
3643 15.127056
3644 13.726618
3645 14.974729
3646 14.931511
3647 14.588826
3648 13.148940
3649 13.365097
3650 13.282037
3651 10.628799
3652 10.394246
3653 13.551652
3654 14.387860
3655 15.354705
3656 14.319463
3657 13.712090
3658 13.497175
3659 13.791513
3660 13.879577
3661 14.655602
3662 13.498421
3663 14.566676
3664 14.596416
3665 13.903629
3666 14.285270
3667 13.890130
3668 12.938411
3669 13.829333
3670 13.739141
3671 15.227965
3672 13.930243
3673 13.734681
3674 14.579373
3675 14.386404
3676 12.698812
3677 15.749596
3678 14.114190
3679 12.596091
3680 13.751947
3681 12.707692
3682 14.184023
3683 12.829845
3684 13.930636
3685 11.850884
3686 13.422984
3687 14.424026
3688 15.010043
3689 14.977311
3690 15.614141
3691 14.287542
3692 14.057474
3693 15.371511
3694 14.556542
3695 14.862642
3696 14.218563
3697 14.393201
3698 14.531626
3699 14.585563
3700 12.467998
3701 12.417291
3702 11.536504
3703 12.183830
3704 14.192776
3705 12.601943
3706 14.085123
3707 12.910004
3708 12.875269
3709 12.405245
3710 12.633629
3711 12.427915
3712 12.277103
3713 12.974883
3714 15.029270
3715 15.964408
3716 16.979380
3717 15.499921
3718 15.638422
3719 15.680960
3720 17.240656
3721 14.791479
3722 15.596467
3723 15.609137
3724 14.004696
3725 14.906372
3726 15.101828
3727 15.184826
3728 14.518421
3729 14.288642
3730 14.694249
3731 13.683879
3732 14.586847
3733 12.602765
3734 13.327374
3735 12.762682
3736 13.426079
3737 14.725443
3738 13.153987
3739 15.678823
3740 14.580747
3741 13.376874
3742 13.523917
3743 14.321248
3744 14.438433
3745 15.170225
3746 14.523179
3747 13.114521
3748 14.020080
3749 12.735826
3750 13.500766
3751 13.422943
3752 14.861380
3753 13.715035
3754 14.530859
3755 14.648225
3756 14.580578
3757 13.006543
3758 14.241546
3759 14.622469
3760 13.707155
3761 12.667228
3762 14.128031
3763 13.616859
3764 15.055779
3765 13.100520
3766 14.156160
3767 14.685539
3768 13.941902
3769 13.607737
3770 13.761961
3771 14.182894
3772 13.362742
3773 14.125014
3774 14.276509
3775 14.037918
3776 13.218494
3777 13.960150
3778 14.725833
3779 15.193294
3780 14.255174
3781 14.131854
3782 15.020841
3783 13.576012
3784 13.657198
3785 14.141151
3786 15.353310
3787 14.652519
3788 14.993156
3789 14.417563
3790 14.985662
3791 13.215905
3792 15.922229
3793 14.021758
3794 15.218278
3795 13.933428
3796 15.223807
3797 14.864118
3798 14.206565
3799 14.554710
3800 13.397840
3801 13.477556
3802 12.596318
3803 13.120708
3804 15.455802
3805 15.027740
3806 15.302776
3807 13.866066
3808 14.450846
3809 13.478106
3810 12.741015
3811 14.247558
3812 13.207462
3813 14.606758
3814 15.011023
3815 13.709155
3816 14.276158
3817 14.506706
3818 14.374723
3819 13.808784
3820 13.531583
3821 13.266439
3822 13.496891
3823 14.899370
3824 13.075669
3825 13.372227
3826 13.938060
3827 14.047043
3828 11.563725
3829 13.937642
3830 13.642203
3831 14.337394
3832 14.773504
3833 14.069999
3834 14.954403
3835 13.979804
3836 13.113588
3837 14.334667
3838 15.372464
3839 14.739064
3840 14.951762
3841 16.219204
3842 15.536474
3843 14.069167
3844 14.360560
3845 14.411472
3846 13.545468
3847 15.051663
3848 13.569080
3849 14.627968
3850 13.723764
3851 15.869637
3852 14.716101
3853 14.566504
3854 13.957919
3855 14.440016
3856 13.505269
3857 14.534464
3858 16.345385
3859 14.075860
3860 16.092970
3861 14.445314
3862 14.678288
3863 15.746003
3864 15.010725
3865 14.802808
3866 16.054819
3867 14.874601
3868 14.719056
3869 15.348029
3870 14.491899
3871 13.363559
3872 14.613860
3873 15.241790
3874 13.434561
3875 13.867197
3876 14.345592
3877 14.589079
3878 14.780454
3879 13.627370
3880 13.758104
3881 12.994222
3882 13.209624
3883 14.095467
3884 13.768398
3885 14.119987
3886 14.844428
3887 14.132228
3888 14.730786
3889 14.244131
3890 14.080984
3891 14.794597
3892 15.089554
3893 15.064297
3894 14.442744
3895 15.166441
3896 14.809624
3897 14.571525
3898 14.683519
3899 14.369534
3900 13.411050
3901 15.395560
3902 15.403878
3903 16.128305
3904 14.454430
3905 14.385289
3906 13.353220
3907 15.754748
3908 14.549763
3909 15.311187
3910 14.285385
3911 14.650534
3912 14.395561
3913 14.690626
3914 15.389608
3915 13.538369
3916 13.902267
3917 14.060093
3918 13.010564
3919 13.033287
3920 11.815995
3921 12.910168
3922 11.349708
3923 12.463109
3924 13.518848
3925 14.338778
3926 13.530270
3927 12.417813
3928 13.378024
3929 14.029641
3930 14.440477
3931 15.276563
3932 13.141365
3933 14.191897
3934 15.249267
3935 13.178048
3936 11.999101
3937 13.565681
3938 13.490512
3939 12.953214
3940 13.384784
3941 14.244341
3942 14.960885
3943 14.702819
3944 14.140045
3945 15.043947
3946 15.211854
3947 15.037929
3948 14.680248
3949 15.473771
3950 15.687130
3951 15.240324
3952 15.464003
3953 14.747654
3954 15.498778
3955 14.898347
3956 15.227996
3957 15.632631
3958 15.738362
3959 15.035189
3960 14.062552
3961 16.456787
3962 14.490541
3963 14.317894
3964 13.606505
3965 15.832452
3966 14.351189
3967 14.296585
3968 13.222749
3969 13.269357
3970 12.982626
3971 13.774987
3972 14.168279
3973 15.033710
3974 14.441102
3975 15.519528
3976 14.722320
3977 14.990576
3978 14.490640
3979 14.337475
3980 14.027122
3981 13.757775
3982 13.607107
3983 13.001803
3984 13.307604
3985 12.669172
3986 13.135946
3987 14.157816
3988 13.336683
3989 13.315954
3990 13.253847
3991 14.651447
3992 14.901748
3993 15.518440
3994 15.446089
3995 15.499152
3996 14.887754
3997 14.513405
3998 15.299032
3999 15.078573
4000 13.941683
4001 14.840446
4002 15.029972
4003 14.565448
4004 15.361120
4005 15.593582
4006 14.923492
4007 15.429175
4008 15.439308
4009 15.267933
4010 14.874976
4011 14.542473
4012 16.421970
4013 15.799003
4014 16.116768
4015 16.486139
4016 15.304930
4017 15.336757
4018 16.565306
4019 16.488291
4020 16.741594
4021 15.898601
4022 15.953688
4023 15.472517
4024 16.581642
4025 16.499157
4026 14.156114
4027 14.643288
4028 14.907082
4029 14.211295
4030 13.389736
4031 13.245988
4032 13.726509
4033 13.899828
4034 14.041570
4035 14.229824
4036 14.520411
4037 13.815430
4038 15.322201
4039 14.811939
4040 13.482354
4041 13.647285
4042 14.987986
4043 15.747095
4044 14.475547
4045 15.138933
4046 16.815504
4047 15.332678
4048 16.399389
4049 13.723605
4050 15.388081
4051 12.790843
4052 13.731158
4053 14.275728
4054 14.017334
4055 14.935907
4056 15.377764
4057 15.726642
4058 16.993303
4059 15.340434
4060 16.978909
4061 14.819040
4062 12.575541
4063 15.062236
4064 14.413395
4065 14.780725
4066 14.954714
4067 15.224381
4068 15.246370
4069 14.966168
4070 15.768078
4071 15.690972
4072 15.376821
4073 15.483042
4074 14.831472
4075 15.191120
4076 14.548244
4077 15.136822
4078 14.340529
4079 15.228956
4080 14.037633
4081 16.563873
4082 14.427646
4083 15.479132
4084 15.427555
4085 15.251732
4086 14.265430
4087 14.133970
4088 14.041360
4089 13.486464
4090 15.064458
4091 14.613101
4092 14.752390
4093 17.032238
4094 15.038383
4095 14.800656
4096 14.378651
4097 14.185890
4098 15.572600
4099 15.104197
4100 15.879766
4101 16.136971
4102 15.013830
4103 14.894274
4104 15.356086
4105 16.484266
4106 15.923379
4107 15.119768
4108 14.414843
4109 14.379741
4110 13.735745
4111 15.106940
4112 13.969118
4113 15.128335
4114 15.259562
4115 13.956367
4116 14.662285
4117 12.346892
4118 15.526125
4119 14.734477
4120 14.004670
4121 14.057405
4122 14.372774
4123 14.640877
4124 12.647457
4125 12.347449
4126 12.299697
4127 14.542594
4128 15.787279
4129 15.770814
4130 14.078674
4131 14.523216
4132 13.928978
4133 14.550621
4134 15.083166
4135 14.839219
4136 13.787436
4137 14.009920
4138 14.583725
4139 14.567554
4140 14.959124
4141 14.656786
4142 15.468501
4143 14.449526
4144 15.157390
4145 14.111570
4146 14.555115
4147 13.836517
4148 14.391778
4149 14.538044
4150 14.079479
4151 14.430115
4152 13.373355
4153 14.493425
4154 14.595569
4155 13.536210
4156 13.684210
4157 14.272122
4158 14.310996
4159 14.363573
4160 14.491075
4161 15.503872
4162 14.543665
4163 14.571550
4164 14.764018
4165 13.618730
4166 13.795352
4167 14.334953
4168 14.208071
4169 15.836306
4170 16.263817
4171 14.631560
4172 15.729367
4173 13.925885
4174 14.964441
4175 14.903511
4176 13.974438
4177 13.249482
4178 13.314226
4179 14.118289
4180 14.955649
4181 16.115614
4182 15.499934
4183 15.040035
4184 15.908004
4185 14.999879
4186 15.084754
4187 15.846372
4188 13.953511
4189 14.650790
4190 15.009284
4191 14.117840
4192 14.884412
4193 15.524054
4194 14.103093
4195 15.598495
4196 14.977418
4197 15.407625
4198 14.083447
4199 14.614367
4200 14.129690
4201 14.011261
4202 14.234566
4203 13.725994
4204 13.391703
4205 14.683817
4206 14.355230
4207 16.619255
4208 15.318152
4209 15.423583
4210 14.374457
4211 15.676969
4212 14.384992
4213 16.367340
4214 16.789305
4215 16.199905
4216 16.707626
4217 15.493774
4218 17.530815
4219 16.207087
4220 15.479803
4221 15.242023
4222 16.220221
4223 14.768445
4224 14.724845
4225 15.149821
4226 12.936152
4227 12.986800
4228 13.530421
4229 12.597276
4230 12.924582
4231 13.063744
4232 12.965008
4233 12.234920
4234 13.311429
4235 12.311296
4236 12.031103
4237 12.950416
4238 12.579307
4239 15.059448
4240 15.112861
4241 14.940091
4242 14.022542
4243 14.819194
4244 15.589814
4245 15.580689
4246 16.195406
4247 13.912587
4248 14.656552
4249 15.064625
4250 15.622262
4251 14.278666
4252 14.999604
4253 15.105317
4254 15.361160
4255 13.730441
4256 14.795424
4257 15.158691
4258 16.008104
4259 16.118587
4260 14.566786
4261 14.839655
4262 15.764100
4263 14.895085
4264 13.112917
4265 14.431972
4266 13.765655
4267 14.921417
4268 16.700035
4269 14.126549
4270 14.741390
4271 16.308495
4272 16.840883
4273 16.550581
4274 15.276159
4275 16.761593
4276 16.255478
4277 15.564228
4278 15.804063
4279 14.346185
4280 15.156233
4281 15.184978
4282 14.713019
4283 14.601990
4284 14.656720
4285 14.753628
4286 14.380937
4287 14.246696
4288 14.788128
4289 14.637507
4290 15.416600
4291 16.271896
4292 15.679605
4293 15.662705
4294 14.842233
4295 13.925374
4296 15.471538
4297 14.117929
4298 14.569289
4299 16.022951
4300 16.357473
4301 15.475080
4302 13.560445
4303 15.081705
4304 14.122814
4305 13.873989
4306 16.129967
4307 16.448458
4308 14.296734
4309 15.093600
4310 15.224282
4311 14.110004
4312 14.121829
4313 15.448460
4314 12.599782
4315 11.926266
4316 12.778475
4317 11.781029
4318 13.188946
4319 15.253894
4320 14.555946
4321 15.109870
4322 14.200701
4323 14.280406
4324 14.238958
4325 14.044931
4326 14.989552
4327 14.218669
4328 15.058572
4329 15.098800
4330 15.579386
4331 14.016201
4332 14.955385
4333 14.251893
4334 13.548903
4335 15.031339
4336 15.073487
4337 14.869877
4338 14.382417
4339 14.560856
4340 15.149529
4341 14.653793
4342 15.338067
4343 15.160168
4344 13.877078
4345 14.261311
4346 13.914978
4347 13.506632
4348 14.127438
4349 15.524244
4350 14.552065
4351 14.756362
4352 14.858870
4353 14.981576
4354 15.169907
4355 14.911783
4356 14.506972
4357 15.515800
4358 14.834428
4359 16.271845
4360 14.944357
4361 15.191400
4362 14.791629
4363 14.778563
4364 14.532040
4365 14.084648
4366 13.967966
4367 12.927559
4368 12.493711
4369 12.821707
4370 12.602939
4371 12.865415
4372 12.225524
4373 12.576726
4374 11.695971
4375 11.771115
4376 12.699584
4377 12.835864
4378 13.404619
4379 12.366875
4380 11.677058
4381 12.292062
4382 12.385040
4383 11.390123
4384 12.172808
4385 12.808643
4386 12.367379
4387 10.094266
4388 11.876740
4389 10.614850
4390 11.652164
4391 11.580115
4392 11.786612
4393 14.188648
4394 14.434133
4395 14.864916
4396 13.938488
4397 13.270308
4398 13.129581
4399 13.169530
4400 15.274559
4401 15.314016
4402 15.264399
4403 12.862556
4404 14.244736
4405 14.516927
4406 13.956985
4407 13.942705
4408 13.625010
4409 14.656458
4410 13.660992
4411 14.364909
4412 14.928721
4413 13.828762
4414 12.197160
4415 14.677279
4416 15.068626
4417 15.299755
4418 14.992169
4419 14.710403
4420 15.579494
4421 15.653898
4422 14.689266
4423 14.124046
4424 14.689210
4425 14.554662
4426 14.092247
4427 14.272673
4428 14.900263
4429 15.301849
4430 15.212124
4431 15.571183
4432 14.213687
4433 12.984258
4434 13.975053
4435 14.913307
4436 14.907547
4437 12.977033
4438 14.052628
4439 14.726479
4440 15.404958
4441 14.179700
4442 14.831401
4443 15.108628
4444 15.536996
4445 15.812871
4446 14.469593
4447 13.171747
4448 13.721218
4449 15.044501
4450 11.231545
4451 13.363506
4452 13.064788
4453 12.009109
4454 12.541086
4455 12.119546
4456 12.439957
4457 11.820676
4458 12.580754
4459 12.146266
4460 12.438783
4461 13.818877
4462 15.641113
4463 15.952585
4464 16.208397
4465 15.020103
4466 14.385764
4467 14.912663
4468 14.393729
4469 14.369831
4470 14.317690
4471 14.860821
4472 13.975253
4473 14.923034
4474 14.512859
4475 15.542158
4476 14.183693
4477 14.453712
4478 14.177042
4479 16.915129
4480 15.352855
4481 14.879561
4482 15.172466
4483 15.786115
4484 13.969813
4485 14.614036
4486 15.320719
4487 15.598082
4488 15.791062
4489 16.380445
4490 16.354477
4491 16.630930
4492 16.214527
4493 16.293745
4494 16.321035
4495 17.409868
4496 15.614083
4497 16.424065
4498 15.439224
4499 17.663708
4500 17.539244
4501 16.406494
4502 16.079050
4503 16.435999
4504 15.595710
4505 14.222678
4506 14.535425
4507 15.729072
4508 14.684514
4509 16.075283
4510 14.669217
4511 14.840668
4512 14.898973
4513 14.990644
4514 14.198321
4515 13.169535
4516 12.751945
4517 12.551451
4518 13.929337
4519 14.515554
4520 14.218680
4521 14.433136
4522 15.583496
4523 15.630454
4524 14.350309
4525 14.039474
4526 13.986890
4527 14.332850
4528 14.039356
4529 14.495496
4530 15.079418
4531 14.911601
4532 14.608578
4533 15.657274
4534 16.726845
4535 16.417397
4536 15.121586
4537 15.024630
4538 15.324144
4539 15.705366
4540 14.751373
4541 11.611590
4542 13.586882
4543 12.325882
4544 14.202558
4545 14.801211
4546 14.858832
4547 15.933831
4548 13.596164
4549 14.755574
4550 15.029323
4551 14.598456
4552 14.098475
4553 13.028960
4554 14.167611
4555 14.635820
4556 12.493867
4557 12.793771
4558 13.790984
4559 13.684599
4560 14.656783
4561 16.422916
4562 15.602545
4563 13.026442
4564 14.677969
4565 13.802046
4566 13.419929
4567 14.247939
4568 14.813647
4569 14.894674
4570 14.353801
4571 14.584077
4572 13.135503
4573 13.694803
4574 14.621329
4575 14.891457
4576 14.585790
4577 15.214763
4578 15.045611
4579 14.927401
4580 15.025804
4581 14.461898
4582 14.644985
4583 15.309024
4584 13.151164
4585 14.324807
4586 14.941969
4587 14.628951
4588 14.039732
4589 15.145523
4590 14.602898
4591 15.437005
4592 14.312922
4593 14.806577
4594 13.989092
4595 15.357310
4596 15.517796
4597 14.812675
4598 15.466442
4599 13.716693
4600 15.328474
4601 13.770610
4602 14.643511
4603 15.901643
4604 14.460276
4605 14.277551
4606 15.379634
4607 14.396965
4608 13.567191
4609 13.954796
4610 13.639579
4611 15.299026
4612 14.523724
4613 14.702365
4614 15.884743
4615 15.025411
4616 15.204611
4617 13.644331
4618 14.478172
4619 14.578647
4620 14.457642
4621 15.346774
4622 13.989079
4623 14.558686
4624 15.937068
4625 15.372230
4626 15.230907
4627 14.691909
4628 14.400679
4629 14.800252
4630 14.828171
4631 15.466520
4632 13.959019
4633 14.167209
4634 14.766750
4635 13.585782
4636 14.813567
4637 14.027336
4638 15.499060
4639 14.101806
4640 14.655308
4641 14.597198
4642 15.133687
4643 15.108732
4644 15.290325
4645 13.934890
4646 14.665019
4647 14.338849
4648 15.055532
4649 14.439898
4650 15.279751
4651 14.004571
4652 14.425987
4653 12.724380
4654 14.431208
4655 14.545974
4656 15.814753
4657 15.881999
4658 16.431076
4659 14.117252
4660 14.797373
4661 14.635317
4662 13.837492
4663 15.237252
4664 14.886171
4665 15.085875
4666 13.708346
4667 14.815863
4668 14.532664
4669 14.208123
4670 15.921326
4671 14.254595
4672 14.473729
4673 13.773383
4674 15.985871
4675 13.846677
4676 14.471580
4677 13.465938
4678 13.327821
4679 14.433489
4680 13.848539
4681 14.145798
4682 14.332055
4683 14.194491
4684 13.101998
4685 14.721528
4686 14.872197
4687 13.582885
4688 14.454547
4689 14.649070
4690 14.467983
4691 13.877201
4692 14.223993
4693 15.218297
4694 14.944662
4695 13.809641
4696 14.849110
4697 13.988082
4698 14.471625
4699 14.968093
4700 15.093445
4701 14.717679
4702 14.153532
4703 15.284567
4704 14.607361
4705 14.390556
4706 13.815131
4707 15.135846
4708 14.539017
4709 15.223794
4710 15.741819
4711 15.942818
4712 16.022961
4713 15.741405
4714 15.118687
4715 15.852285
4716 16.167912
4717 14.189057
4718 15.841680
4719 15.890816
4720 15.876910
4721 13.887599
4722 13.835783
4723 14.328834
4724 14.687666
4725 15.270552
4726 12.855851
4727 13.604433
4728 15.158769
4729 15.706622
4730 13.757248
4731 15.260559
4732 14.694127
4733 15.250754
4734 14.789771
4735 15.610512
4736 14.466668
4737 14.929816
4738 16.054146
4739 15.961131
4740 14.767575
4741 14.015651
4742 14.385586
4743 14.329455
4744 14.111321
4745 14.737218
4746 14.761534
4747 16.446468
4748 14.211895
4749 13.460695
4750 13.909746
4751 14.805372
4752 16.004292
4753 14.823812
4754 17.146181
4755 15.541136
4756 15.297223
4757 14.734859
4758 15.606812
4759 14.807430
4760 15.164054
4761 15.743847
4762 14.231087
4763 14.861034
4764 15.013864
4765 15.395979
4766 15.306606
4767 17.122093
4768 15.539232
4769 15.148262
4770 14.717365
4771 15.736335
4772 16.833437
4773 14.927672
4774 13.006248
4775 13.575478
4776 12.892817
4777 12.978847
4778 14.221298
4779 15.755422
4780 14.261254
4781 15.337369
4782 14.355621
4783 15.038825
4784 14.906884
4785 16.554441
4786 16.442865
4787 15.956049
4788 16.042061
4789 16.362720
4790 15.513592
4791 15.558034
4792 14.805384
4793 15.952154
4794 15.280663
4795 15.228963
4796 14.911836
4797 15.122083
4798 16.859816
4799 15.767252
4800 15.905461
4801 15.350251
4802 14.864321
4803 16.158331
4804 16.648726
4805 15.942301
4806 15.252313
4807 15.230743
4808 14.502044
4809 13.064753
4810 14.436228
4811 14.474139
4812 13.917994
4813 14.972967
4814 16.337160
4815 16.191294
4816 14.040477
4817 15.262456
4818 13.301553
4819 13.960178
4820 15.743103
4821 15.472448
4822 15.012877
4823 14.750333
4824 14.783209
4825 15.373734
4826 15.096924
4827 15.341729
4828 14.294512
4829 14.271547
4830 14.221711
4831 13.914200
4832 14.071956
4833 15.180100
4834 14.501869
4835 13.911093
4836 14.942231
4837 15.225314
4838 15.711864
4839 15.006709
4840 15.200301
4841 14.443398
4842 15.040016
4843 14.605089
4844 13.738550
4845 15.349740
4846 14.893604
4847 14.440132
4848 14.077349
4849 14.320598
4850 14.832373
4851 13.706357
4852 14.937794
4853 14.229388
4854 15.090061
4855 14.448176
4856 13.937863
4857 14.293697
4858 11.653527
4859 12.616530
4860 13.188578
4861 12.736094
4862 12.352295
4863 11.764665
4864 12.778631
4865 12.728889
4866 10.772584
4867 10.453311
4868 11.024546
4869 11.818869
4870 11.164234
4871 13.306312
4872 13.650338
4873 13.367915
4874 14.042945
4875 12.863239
4876 13.186995
4877 14.804572
4878 14.124521
4879 15.893027
4880 15.590639
4881 14.973327
4882 14.051205
4883 15.642541
4884 16.191864
4885 15.653407
4886 15.529081
4887 12.967584
4888 14.571829
4889 15.748226
4890 15.586046
4891 14.574091
4892 14.192123
4893 12.925834
4894 14.569809
4895 13.973878
4896 14.472461
4897 14.445325
4898 14.685845
4899 15.362646
4900 14.863224
4901 14.331482
4902 13.702098
4903 15.607141
4904 14.345751
4905 14.730224
4906 16.061499
4907 14.746423
4908 15.426230
4909 15.406224
4910 14.391573
4911 15.647945
4912 15.410059
4913 15.249743
4914 14.711241
4915 15.962034
4916 16.495050
4917 16.839699
4918 15.335780
4919 15.345827
4920 15.731989
4921 15.783606
4922 15.960419
4923 16.086740
4924 14.910069
4925 14.205422
4926 14.399734
4927 14.354159
4928 13.739033
4929 13.552143
4930 14.797310
4931 14.569745
4932 14.222288
4933 13.612297
4934 14.592856
4935 14.162332
4936 14.318430
4937 15.128762
4938 15.134387
4939 15.320060
4940 14.487164
4941 15.179863
4942 14.924802
4943 16.175491
4944 15.516046
4945 16.348614
4946 16.025448
4947 16.498751
4948 15.514469
4949 16.361385
4950 13.712266
4951 15.588522
4952 12.603366
4953 13.617781
4954 14.004119
4955 13.957639
4956 14.494225
4957 14.006465
4958 13.449541
4959 14.292534
4960 14.756878
4961 15.598576
4962 14.349693
4963 14.420241
4964 13.013818
4965 13.371183
4966 14.257943
4967 15.559941
4968 14.125050
4969 15.395208
4970 16.120083
4971 14.788109
4972 16.466772
4973 15.997954
4974 15.450030
4975 16.773706
4976 16.805933
4977 16.845871
4978 17.339281
4979 15.652020
4980 15.434314
4981 15.045946
4982 14.867725
4983 14.813812
4984 15.187028
4985 14.126500
4986 14.254253
4987 15.638227
4988 15.913358
4989 14.359004
4990 15.376907
4991 15.052723
4992 14.700723
4993 15.072952
4994 14.362545
4995 14.762502
4996 14.650491
4997 14.104303
4998 14.479954
4999 14.058009
5000 15.175872
5001 15.574285

