0 5.452101
1 5.720792
2 4.625840
3 5.487094
4 5.991399
5 5.658719
6 5.087847
7 5.122855
8 5.413699
9 5.245057
10 7.369086
11 6.136197
12 6.620580
13 5.359230
14 5.762958
15 5.025316
16 6.482139
17 6.363277
18 6.789214
19 6.203056
20 5.757801
21 5.669332
22 5.292089
23 6.906240
24 6.337395
25 5.699189
26 6.406709
27 6.935966
28 6.311910
29 8.211809
30 8.151684
31 6.708761
32 6.763514
33 7.575494
34 7.410888
35 6.764130
36 5.585706
37 6.425731
38 6.676590
39 5.843298
40 7.050091
41 7.304161
42 7.225873
43 6.513318
44 7.625074
45 8.065763
46 6.661433
47 6.177161
48 6.724656
49 6.901785
50 8.029408
51 6.558970
52 6.981019
53 7.717893
54 8.044881
55 7.454220
56 7.162641
57 7.843826
58 7.066721
59 7.557101
60 7.056951
61 6.969398
62 6.528816
63 7.103288
64 6.935943
65 6.890085
66 6.840156
67 7.283262
68 7.539341
69 7.059710
70 7.183546
71 6.456576
72 6.666657
73 8.900434
74 7.265826
75 7.013920
76 6.634163
77 8.450716
78 6.965239
79 8.938052
80 8.164520
81 7.928706
82 7.110808
83 7.865683
84 9.144105
85 6.760910
86 9.359134
87 7.818556
88 6.543207
89 8.570397
90 7.083435
91 7.874599
92 8.408863
93 8.603358
94 8.680799
95 8.508290
96 7.557466
97 8.822030
98 10.726479
99 9.798021
100 7.870535
101 8.643305
102 9.271514
103 8.397049
104 10.023962
105 11.717377
106 10.271867
107 10.493829
108 8.660895
109 10.409756
110 10.185876
111 8.244374
112 9.514997
113 9.000832
114 9.271320
115 9.550424
116 10.726955
117 9.339333
118 9.235795
119 9.578399
120 9.403029
121 8.239304
122 7.270772
123 7.777627
124 7.483225
125 9.635323
126 8.846973
127 9.237279
128 9.493749
129 9.669151
130 8.989225
131 9.523896
132 10.019989
133 8.945580
134 9.798992
135 8.404339
136 7.979902
137 8.510728
138 8.935604
139 7.826447
140 9.021474
141 8.408815
142 8.119372
143 10.181807
144 8.531136
145 8.617625
146 7.987751
147 8.196395
148 7.353242
149 8.051058
150 8.774574
151 7.955470
152 8.641726
153 10.527317
154 8.987473
155 8.459273
156 9.717459
157 10.135578
158 9.035645
159 9.379801
160 9.198067
161 8.612955
162 8.782806
163 7.879918
164 9.302994
165 9.979102
166 9.221824
167 9.387244
168 8.525754
169 8.255943
170 7.768872
171 8.176049
172 8.166994
173 9.519740
174 10.231763
175 9.602596
176 9.302024
177 9.812293
178 8.494020
179 8.407722
180 9.096182
181 9.459080
182 8.259426
183 8.631608
184 9.084107
185 8.307836
186 7.943179
187 7.695335
188 7.821750
189 8.147348
190 7.668312
191 8.679383
192 7.710425
193 7.388505
194 7.749638
195 8.079760
196 7.803192
197 8.053303
198 6.313040
199 7.344134
200 7.105196
201 7.439666
202 6.971381
203 7.253235
204 8.593701
205 6.620711
206 6.866157
207 7.663384
208 7.316758
209 8.819275
210 9.168876
211 6.529733
212 7.853750
213 7.454109
214 7.732416
215 6.280935
216 6.511983
217 6.837533
218 8.156980
219 8.040803
220 7.595058
221 8.243875
222 8.172812
223 6.640007
224 7.385450
225 6.342657
226 7.526762
227 5.687640
228 6.974077
229 5.073196
230 8.620317
231 9.767568
232 8.348564
233 8.934201
234 7.991413
235 8.909574
236 7.061362
237 7.455564
238 7.826444
239 7.513383
240 7.321619
241 7.258031
242 6.379492
243 7.186838
244 7.711862
245 8.211364
246 6.632129
247 7.099147
248 7.579203
249 6.931941
250 6.821307
251 7.820575
252 7.217128
253 9.126702
254 7.957852
255 8.498555
256 7.992653
257 7.509947
258 7.724466
259 7.777538
260 7.489710
261 6.828034
262 7.993212
263 7.250907
264 7.131440
265 6.686923
266 6.760479
267 7.480143
268 7.534657
269 6.628618
270 8.422127
271 7.469389
272 6.765329
273 6.201294
274 8.928123
275 7.182681
276 7.005787
277 6.588462
278 7.048536
279 6.546345
280 6.281758
281 6.512247
282 7.604669
283 7.852834
284 6.924514
285 6.950639
286 8.146199
287 7.137067
288 8.131361
289 7.027295
290 6.531787
291 7.979331
292 8.470662
293 7.820954
294 5.989483
295 8.467049
296 6.476765
297 6.799178
298 7.551114
299 7.654682
300 8.340743
301 7.573179
302 7.411785
303 8.480725
304 6.755031
305 8.003455
306 8.041212
307 8.683382
308 7.679901
309 7.342520
310 7.902211
311 7.153671
312 9.106264
313 6.687496
314 7.384129
315 7.235224
316 7.819650
317 8.714940
318 8.092187
319 9.086838
320 7.328170
321 7.032795
322 7.136024
323 7.769045
324 7.255824
325 7.173463
326 8.541697
327 8.675587
328 7.154249
329 7.647871
330 7.535427
331 7.406490
332 7.237216
333 7.056314
334 7.441577
335 7.721810
336 6.538365
337 7.263805
338 9.874841
339 7.446400
340 7.542027
341 6.950722
342 7.041090
343 7.771521
344 7.706555
345 7.330390
346 7.262430
347 6.747939
348 7.562228
349 8.873696
350 9.178819
351 7.702894
352 6.942091
353 7.692451
354 7.570871
355 6.286269
356 7.973790
357 10.396358
358 8.256170
359 9.139498
360 8.888561
361 9.227366
362 8.433501
363 7.791008
364 8.157364
365 7.650784
366 7.963473
367 8.519248
368 8.712301
369 10.298057
370 6.736033
371 7.322141
372 6.890795
373 7.881557
374 6.772490
375 7.071535
376 6.683533
377 8.951389
378 7.267961
379 7.259820
380 6.574329
381 7.981791
382 8.085608
383 5.516453
384 7.201705
385 7.601610
386 7.206511
387 7.624608
388 7.497872
389 8.070740
390 6.649915
391 7.899692
392 7.427446
393 6.893663
394 7.642655
395 7.065662
396 6.672474
397 7.393228
398 7.214686
399 6.734910
400 7.360253
401 6.875536
402 5.719406
403 6.192368
404 6.779293
405 6.035402
406 7.066339
407 6.982112
408 7.243604
409 8.090022
410 7.865251
411 8.011893
412 6.192382
413 7.753760
414 8.746744
415 6.392411
416 8.104893
417 8.837448
418 8.029209
419 8.145054
420 7.738642
421 9.484078
422 11.366064
423 7.639198
424 7.623089
425 6.223527
426 6.569860
427 7.158729
428 7.156069
429 7.238689
430 6.706456
431 7.353682
432 5.811618
433 5.748782
434 7.738488
435 6.633567
436 7.345037
437 7.601506
438 9.887954
439 8.053976
440 7.939841
441 7.631392
442 7.537544
443 6.515219
444 7.657841
445 6.988768
446 6.964572
447 7.324676
448 7.937101
449 7.987226
450 7.874289
451 7.033538
452 7.962399
453 6.421439
454 10.189017
455 6.693544
456 8.403747
457 7.930254
458 7.068932
459 7.682657
460 8.193624
461 7.749593
462 7.742208
463 8.579334
464 7.751213
465 8.370440
466 6.492476
467 7.182467
468 7.144306
469 8.050081
470 8.898419
471 7.211720
472 6.249557
473 7.461635
474 8.302295
475 9.536988
476 7.741442
477 8.257443
478 8.515455
479 8.333800
480 9.177943
481 9.037644
482 7.717551
483 7.634881
484 8.445143
485 6.541827
486 8.106220
487 8.671733
488 7.084672
489 6.866580
490 7.969151
491 7.368785
492 7.360243
493 6.439527
494 7.670084
495 7.216709
496 6.476213
497 7.697189
498 6.318369
499 7.716585
500 6.489202
501 7.627639
502 7.148289
503 7.455404
504 7.185129
505 6.478195
506 8.044804
507 7.761193
508 8.240690
509 8.338686
510 8.224937
511 8.061689
512 7.410510
513 6.747107
514 6.770642
515 7.360036
516 7.396683
517 6.150918
518 10.135145
519 5.974817
520 7.271454
521 6.829724
522 7.602164
523 7.467463
524 5.906703
525 7.406713
526 7.430374
527 6.388325
528 7.864688
529 8.637298
530 6.807950
531 8.075721
532 7.835286
533 8.473035
534 8.962338
535 6.808487
536 8.162291
537 7.276433
538 7.318886
539 7.698663
540 6.593397
541 7.417042
542 6.575841
543 6.328167
544 6.432860
545 9.468719
546 6.631107
547 6.925211
548 6.262996
549 6.578194
550 8.608287
551 6.737520
552 8.017270
553 7.930013
554 7.963099
555 7.585629
556 8.969826
557 9.069369
558 8.193462
559 7.803697
560 8.819091
561 7.085212
562 7.643495
563 7.047367
564 6.926764
565 8.479951
566 8.395589
567 8.117058
568 5.936718
569 7.592215
570 6.677651
571 8.346379
572 7.744708
573 8.315319
574 7.851403
575 6.477467
576 8.099198
577 7.912199
578 7.905316
579 7.329594
580 7.239157
581 6.932114
582 7.709096
583 8.416430
584 8.478465
585 7.274403
586 8.434745
587 8.932168
588 7.801084
589 8.644563
590 7.985205
591 7.804112
592 9.531362
593 9.455504
594 9.237590
595 7.320176
596 8.506358
597 6.282937
598 8.399210
599 7.697862
600 6.835299
601 7.169030
602 7.675193
603 7.095253
604 6.967335
605 6.846792
606 7.537574
607 6.110036
608 7.994998
609 8.050800
610 7.919246
611 8.943649
612 8.975259
613 6.952594
614 7.346462
615 7.860311
616 7.501604
617 7.621684
618 8.060657
619 7.873683
620 9.248385
621 7.880638
622 8.220523
623 8.614832
624 8.341253
625 7.762857
626 8.887400
627 7.250990
628 5.354799
629 5.368062
630 5.590352
631 5.800735
632 5.366880
633 5.181372
634 4.767789
635 5.230525
636 5.152018
637 5.701607
638 5.699080
639 5.930538
640 6.319702
641 5.628160
642 5.409101
643 5.687770
644 5.190857
645 5.014191
646 5.494807
647 5.496559
648 5.244446
649 4.928470
650 5.807650
651 5.574587
652 5.953093
653 5.369282
654 5.002898
655 5.182877
656 5.491137
657 4.063826
658 4.893642
659 5.709179
660 5.072385
661 5.236115
662 5.247530
663 5.871807
664 5.495541
665 5.370894
666 5.516455
667 5.404129
668 5.093262
669 4.639064
670 3.908374
671 5.459140
672 5.255427
673 5.208122
674 5.095109
675 4.720983
676 5.114554
677 5.302537
678 4.545187
679 4.376508
680 5.377742
681 5.502383
682 4.717293
683 5.239143
684 4.936740
685 4.102065
686 5.406741
687 5.548920
688 5.990559
689 5.344712
690 5.236973
691 5.723505
692 5.575060
693 5.540333
694 5.869037
695 5.893481
696 6.303350
697 7.303551
698 7.978397
699 7.788394
700 8.448936
701 7.348583
702 6.702908
703 8.523019
704 8.745012
705 7.417637
706 6.877833
707 7.397783
708 7.801723
709 6.554613
710 9.353951
711 9.749873
712 10.036638
713 7.552641
714 8.706504
715 7.811971
716 8.056333
717 7.803473
718 6.663672
719 7.529382
720 6.576853
721 8.062389
722 7.276778
723 7.265093
724 7.294310
725 8.044547
726 7.155517
727 6.825259
728 6.826519
729 7.279966
730 6.180015
731 6.898951
732 7.359111
733 5.787747
734 5.908782
735 7.746832
736 6.066845
737 6.788800
738 7.330382
739 7.644581
740 5.990754
741 6.025724
742 6.077789
743 6.920878
744 6.369498
745 5.732024
746 7.188361
747 5.398757
748 5.530658
749 5.831349
750 4.748861
751 5.583915
752 5.607580
753 5.470284
754 6.023569
755 5.170307
756 5.758799
757 5.364902
758 5.785665
759 5.862532
760 5.316052
761 5.456576
762 6.305758
763 5.077363
764 5.775441
765 5.361922
766 5.526833
767 5.567307
768 5.616912
769 5.628565
770 5.312895
771 5.036280
772 5.753696
773 5.285623
774 5.768716
775 5.831755
776 5.464301
777 7.087173
778 4.507149
779 5.367092
780 5.312051
781 7.476796
782 7.506034
783 7.479346
784 7.173435
785 6.145903
786 4.851783
787 5.273806
788 5.890418
789 5.208993
790 5.897942
791 6.203259
792 5.619326
793 6.186807
794 5.326640
795 5.407163
796 4.916148
797 5.809404
798 5.396473
799 5.424777
800 5.432426
801 5.322460
802 5.214416
803 5.513638
804 4.894946
805 6.421647
806 4.649885
807 5.763844
808 5.168491
809 5.260427
810 4.832404
811 4.792299
812 7.112696
813 6.747707
814 5.517370
815 5.568034
816 5.980579
817 4.731695
818 5.759811
819 4.711530
820 5.414917
821 5.521323
822 4.618807
823 5.277394
824 6.445490
825 7.688569
826 7.865760
827 8.911797
828 8.382476
829 6.449013
830 5.869677
831 5.086233
832 5.602045
833 5.466049
834 5.634768
835 5.573035
836 5.782610
837 5.661104
838 5.686503
839 5.235550
840 4.819097
841 5.703210
842 5.728292
843 6.874865
844 7.358969
845 7.234880
846 7.808309
847 5.296013
848 5.798637
849 5.577367
850 7.927889
851 5.349336
852 5.027474
853 5.214377
854 4.822593
855 5.321757
856 5.942372
857 5.396859
858 5.216340
859 5.360494
860 5.508621
861 5.276939
862 5.281761
863 5.473325
864 5.080681
865 6.539892
866 5.610856
867 5.376793
868 7.415532
869 5.405348
870 5.140129
871 4.768428
872 4.837694
873 4.908297
874 5.608038
875 5.808151
876 4.935190
877 5.308012
878 6.131063
879 5.130790
880 4.777007
881 8.289664
882 8.419507
883 8.832770
884 7.214675
885 8.385058
886 8.195600
887 8.592190
888 8.470515
889 7.740413
890 7.969123
891 7.735408
892 6.288578
893 7.413651
894 6.234297
895 6.571959
896 8.340898
897 7.909797
898 7.950426
899 5.282063
900 5.157963
901 5.547568
902 5.031137
903 5.264617
904 5.749726
905 5.434282
906 5.199704
907 6.910555
908 5.500326
909 5.172623
910 6.263556
911 4.824085
912 5.722411
913 6.531470
914 5.224990
915 7.206741
916 7.604693
917 6.787009
918 5.554317
919 4.771676
920 4.935939
921 5.549072
922 5.326798
923 4.974382
924 5.520101
925 5.767174
926 5.794300
927 5.008857
928 6.126054
929 5.952229
930 5.633953
931 4.952109
932 4.831201
933 5.549674
934 5.399057
935 5.179982
936 5.836121
937 5.820281
938 5.132962
939 5.511415
940 4.880295
941 5.121882
942 5.175722
943 5.325737
944 5.451255
945 7.914442
946 5.259847
947 5.330838
948 5.332845
949 5.205008
950 5.573868
951 5.282072
952 5.868911
953 5.900753
954 5.237121
955 5.870616
956 5.037806
957 5.241718
958 5.552377
959 5.852948
960 5.297527
961 5.790898
962 4.796457
963 5.570657
964 5.414948
965 5.531104
966 5.259789
967 7.369005
968 5.186499
969 5.563311
970 5.474567
971 6.023306
972 5.397140
973 4.923805
974 5.733455
975 5.375368
976 5.707630
977 5.532290
978 5.733027
979 6.060608
980 5.548695
981 5.323086
982 5.013873
983 4.646084
984 5.486875
985 6.552949
986 5.201588
987 5.668790
988 5.436416
989 5.361310
990 4.962186
991 5.497455
992 5.130569
993 5.763282
994 5.683942
995 5.475817
996 5.608662
997 5.571146
998 5.336478
999 5.337153
1000 5.449218
1001 5.138878
1002 5.358672
1003 5.314143
1004 5.205893
1005 7.993584
1006 6.723278
1007 5.334003
1008 5.100492
1009 4.920661
1010 5.610804
1011 5.667955
1012 5.761947
1013 5.429181
1014 4.729927
1015 4.966255
1016 4.995942
1017 3.958107
1018 3.770624
1019 3.769416
1020 5.484653
1021 8.028919
1022 6.858133
1023 6.587426
1024 7.440557
1025 5.770157
1026 5.356510
1027 5.562142
1028 5.855055
1029 5.244284
1030 5.065313
1031 7.638701
1032 7.902976
1033 7.631285
1034 6.853095
1035 8.222190
1036 7.171616
1037 5.656260
1038 5.249890
1039 5.773842
1040 6.659927
1041 5.566526
1042 6.790384
1043 5.370745
1044 5.718997
1045 5.509952
1046 5.431225
1047 5.310245
1048 5.266537
1049 5.122224
1050 5.345897
1051 5.063212
1052 5.904861
1053 5.636412
1054 4.576212
1055 5.553036
1056 4.936820
1057 5.711112
1058 5.508186
1059 5.289896
1060 5.807484
1061 4.783147
1062 5.211476
1063 6.038860
1064 5.669514
1065 5.204584
1066 4.921854
1067 6.938968
1068 5.055766
1069 5.369378
1070 5.172543
1071 5.516673
1072 5.531421
1073 5.521405
1074 5.680069
1075 5.388683
1076 5.236351
1077 7.665517
1078 5.440796
1079 5.737160
1080 4.937256
1081 5.396843
1082 5.455317
1083 5.381997
1084 5.354279
1085 5.602366
1086 5.856357
1087 5.719490
1088 5.478005
1089 5.894118
1090 5.422592
1091 5.780970
1092 5.526971
1093 5.110083
1094 5.842824
1095 7.419443
1096 4.570274
1097 5.115115
1098 5.822208
1099 5.599933
1100 5.680933
1101 5.629848
1102 4.110388
1103 3.601906
1104 4.917913
1105 5.484334
1106 4.803508
1107 5.146864
1108 4.992168
1109 7.118335
1110 5.056669
1111 5.147164
1112 5.863254
1113 5.345429
1114 5.380986
1115 5.415769
1116 5.227333
1117 4.938755
1118 5.012356
1119 6.161052
1120 5.418002
1121 5.152583
1122 5.105812
1123 5.321449
1124 6.574477
1125 3.748677
1126 3.873935
1127 3.040971
1128 4.184424
1129 3.510516
1130 3.197080
1131 3.263522
1132 3.695305
1133 3.594191
1134 3.284647
1135 3.552394
1136 3.166289
1137 7.137115
1138 4.092445
1139 5.022175
1140 5.425074
1141 5.423740
1142 5.663683
1143 5.293325
1144 5.034215
1145 5.219200
1146 6.945880
1147 7.476335
1148 6.955554
1149 6.922577
1150 7.275416
1151 7.225075
1152 7.128823
1153 6.911453
1154 7.516128
1155 7.599144
1156 7.240517
1157 7.169915
1158 7.617805
1159 7.055266
1160 7.484802
1161 7.380135
1162 7.184108
1163 7.560773
1164 6.705292
1165 5.553251
1166 5.088242
1167 5.654113
1168 5.983124
1169 4.815725
1170 4.688176
1171 5.720016
1172 5.478778
1173 5.038352
1174 5.149962
1175 5.318594
1176 5.005126
1177 5.590435
1178 5.072722
1179 5.392939
1180 5.590401
1181 5.399724
1182 5.525945
1183 5.547524
1184 5.297290
1185 5.972068
1186 5.460049
1187 5.654572
1188 5.118719
1189 5.289856
1190 5.494308
1191 5.773958
1192 5.359727
1193 6.001548
1194 5.051706
1195 5.366657
1196 5.139442
1197 5.036718
1198 5.551703
1199 5.247571
1200 5.610391
1201 5.283456
1202 5.726485
1203 4.898520
1204 5.327439
1205 5.489993
1206 5.278616
1207 5.202031
1208 5.066094
1209 5.416052
1210 5.613600
1211 5.074221
1212 5.220354
1213 5.152873
1214 5.789139
1215 5.665411
1216 7.932923
1217 5.946588
1218 5.533272
1219 5.949362
1220 7.112831
1221 5.283759
1222 5.287854
1223 5.808139
1224 5.867381
1225 4.824295
1226 5.748861
1227 7.884751
1228 4.984544
1229 5.548556
1230 5.717174
1231 5.886264
1232 5.571113
1233 5.297640
1234 5.104687
1235 6.945180
1236 5.694540
1237 5.761117
1238 5.607255
1239 7.081268
1240 6.427046
1241 7.157378
1242 5.749606
1243 7.715470
1244 7.173463
1245 8.330833
1246 5.957744
1247 6.623079
1248 8.406462
1249 6.585827
1250 6.399724
1251 5.959475
1252 7.586834
1253 7.820568
1254 8.464866
1255 9.005314
1256 6.917731
1257 7.681736
1258 7.417545
1259 7.258788
1260 7.639515
1261 7.135052
1262 6.994861
1263 8.958243
1264 6.881292
1265 3.402382
1266 3.537412
1267 3.553449
1268 3.204592
1269 3.221462
1270 3.627258
1271 3.224298
1272 3.415521
1273 3.573635
1274 3.329895
1275 3.769470
1276 3.708609
1277 4.168046
1278 3.331230
1279 3.644679
1280 3.404583
1281 3.690064
1282 3.211400
1283 3.533794
1284 3.564954
1285 3.382102
1286 3.437088
1287 3.734846
1288 3.372147
1289 6.556143
1290 7.759521
1291 6.429269
1292 6.064617
1293 5.261510
1294 6.514153
1295 5.079866
1296 5.423448
1297 5.512260
1298 6.050956
1299 5.420288
1300 6.839744
1301 4.615030
1302 7.569314
1303 5.250169
1304 4.840269
1305 4.762700
1306 5.531486
1307 5.102648
1308 5.519800
1309 5.123330
1310 5.001680
1311 5.465413
1312 5.552641
1313 5.627087
1314 5.155367
1315 5.792501
1316 4.467170
1317 5.459477
1318 5.725059
1319 5.324102
1320 5.413613
1321 5.226137
1322 5.821738
1323 5.135940
1324 5.567175
1325 5.536794
1326 5.788980
1327 5.290312
1328 5.369865
1329 6.883147
1330 5.120248
1331 5.983246
1332 4.513574
1333 5.379714
1334 5.236086
1335 5.940511
1336 5.861582
1337 5.303460
1338 5.490073
1339 4.963769
1340 5.293248
1341 5.157179
1342 5.004397
1343 4.959982
1344 5.278887
1345 5.282319
1346 5.119719
1347 5.357917
1348 5.087186
1349 5.021804
1350 5.563650
1351 5.629754
1352 5.270922
1353 6.613239
1354 5.260588
1355 5.184835
1356 5.128226
1357 5.685189
1358 5.436791
1359 5.099911
1360 5.421227
1361 8.174714
1362 8.344922
1363 7.240695
1364 7.001330
1365 7.889925
1366 8.638398
1367 9.729075
1368 8.252692
1369 8.999547
1370 6.806427
1371 7.041778
1372 7.990382
1373 4.558653
1374 4.536728
1375 7.232075
1376 6.166369
1377 7.036457
1378 6.583133
1379 5.851537
1380 5.634826
1381 5.931828
1382 4.545108
1383 5.451439
1384 4.932072
1385 5.499908
1386 5.148101
1387 7.999655
1388 5.360045
1389 5.193659
1390 5.392840
1391 5.929999
1392 6.929459
1393 5.336425
1394 5.639008
1395 5.479393
1396 5.982373
1397 5.341846
1398 6.062055
1399 5.435719
1400 4.566500
1401 6.078034
1402 5.410029
1403 4.988567
1404 5.498517
1405 5.509300
1406 6.170135
1407 7.211908
1408 5.475353
1409 5.545609
1410 5.559258
1411 5.592715
1412 5.332250
1413 5.750069
1414 5.149922
1415 5.221964
1416 5.856802
1417 6.378979
1418 5.823351
1419 5.122246
1420 5.438796
1421 5.147466
1422 5.394466
1423 5.623211
1424 5.245973
1425 5.599046
1426 5.369962
1427 5.505516
1428 4.863232
1429 4.912524
1430 6.565257
1431 5.620892
1432 5.704067
1433 5.849624
1434 5.222775
1435 5.773782
1436 5.174802
1437 5.189250
1438 5.288071
1439 5.453238
1440 5.886545
1441 5.190712
1442 5.502163
1443 5.845222
1444 3.690064
1445 5.143478
1446 5.226261
1447 4.889232
1448 5.636837
1449 5.020298
1450 5.473363
1451 5.513484
1452 5.521795
1453 3.639423
1454 3.591796
1455 4.017936
1456 3.798589
1457 5.349813
1458 5.267453
1459 5.288310
1460 5.975266
1461 5.446109
1462 5.929275
1463 5.621756
1464 5.559206
1465 5.228893
1466 5.407753
1467 4.200119
1468 5.212918
1469 4.749834
1470 5.631705
1471 5.330677
1472 5.250800
1473 5.208924
1474 5.637766
1475 5.822937
1476 5.881660
1477 5.055515
1478 6.219565
1479 5.176736
1480 5.667541
1481 5.103176
1482 5.461776
1483 5.675286
1484 6.234306
1485 6.471243
1486 6.907577
1487 7.174080
1488 5.448769
1489 5.524238
1490 5.209782
1491 5.814645
1492 5.897640
1493 5.345551
1494 4.680727
1495 7.367558
1496 5.945194
1497 5.189077
1498 8.855764
1499 8.259897
1500 7.920822
1501 8.581875
1502 7.748464
1503 5.304238
1504 5.730201
1505 6.839219
1506 5.689833
1507 5.321224
1508 4.778157
1509 5.558820
1510 5.221676
1511 5.320179
1512 5.436350
1513 5.586027
1514 5.570154
1515 5.012280
1516 4.952907
1517 5.024998
1518 5.232532
1519 5.525081
1520 5.107693
1521 5.630722
1522 5.303354
1523 5.455504
1524 7.965796
1525 7.293447
1526 5.667081
1527 5.577540
1528 5.127242
1529 5.282669
1530 5.316879
1531 5.407600
1532 5.330480
1533 5.625777
1534 5.693594
1535 5.546660
1536 5.128452
1537 5.513571
1538 6.365074
1539 4.015582
1540 5.969665
1541 5.034222
1542 5.227235
1543 5.135572
1544 5.491890
1545 5.450007
1546 4.684303
1547 5.489057
1548 5.276875
1549 5.690077
1550 11.193759
1551 10.367399
1552 10.909575
1553 9.576498
1554 11.174296
1555 9.808354
1556 10.809224
1557 11.141435
1558 7.164536
1559 5.151264
1560 5.829526
1561 5.919172
1562 6.362270
1563 8.236919
1564 7.400397
1565 8.199943
1566 7.466070
1567 6.998574
1568 6.628952
1569 7.200814
1570 7.480832
1571 8.003934
1572 6.779331
1573 8.476638
1574 8.554747
1575 8.678451
1576 6.781954
1577 8.888386
1578 7.768886
1579 8.785733
1580 8.359982
1581 6.562026
1582 9.107966
1583 9.497437
1584 7.674848
1585 6.250297
1586 7.851487
1587 8.904392
1588 8.177695
1589 6.949079
1590 7.017817
1591 7.615170
1592 8.227274
1593 7.702180
1594 9.419904
1595 9.244823
1596 7.319975
1597 8.011440
1598 9.691842
1599 8.776116
1600 7.310992
1601 7.572425
1602 7.300757
1603 7.313452
1604 8.292487
1605 7.308115
1606 7.857646
1607 7.435246
1608 6.687444
1609 8.306641
1610 7.322638
1611 9.772926
1612 8.289327
1613 8.708346
1614 8.321219
1615 8.747947
1616 7.846859
1617 8.877001
1618 6.647510
1619 7.581313
1620 8.693270
1621 9.148843
1622 9.483586
1623 9.632846
1624 9.050973
1625 7.542904
1626 8.651015
1627 7.067083
1628 7.052607
1629 8.498806
1630 7.659678
1631 7.312929
1632 7.465725
1633 9.144501
1634 7.956509
1635 10.170923
1636 8.116570
1637 7.279369
1638 6.698164
1639 7.616067
1640 7.489811
1641 7.802474
1642 7.339251
1643 7.845493
1644 7.771600
1645 8.143688
1646 7.125568
1647 7.540110
1648 8.431902
1649 7.849549
1650 7.199472
1651 6.657704
1652 7.008862
1653 7.956944
1654 9.289716
1655 8.219609
1656 8.434745
1657 9.176082
1658 7.930400
1659 8.162310
1660 8.168252
1661 6.846467
1662 8.244720
1663 8.265287
1664 8.322186
1665 8.428104
1666 7.420164
1667 9.870059
1668 7.799864
1669 8.519628
1670 7.649445
1671 8.505549
1672 9.356073
1673 8.656663
1674 7.412895
1675 8.109099
1676 7.864735
1677 9.526510
1678 7.487969
1679 6.931725
1680 7.458235
1681 8.561512
1682 9.038978
1683 8.599241
1684 8.093657
1685 8.367752
1686 6.830657
1687 8.542369
1688 7.396684
1689 9.041540
1690 7.678781
1691 7.303788
1692 7.365113
1693 8.556577
1694 8.384595
1695 7.202959
1696 8.697324
1697 7.336498
1698 8.919160
1699 9.166287
1700 7.275341
1701 9.433109
1702 8.527927
1703 9.536852
1704 8.125601
1705 8.405598
1706 7.628818
1707 9.096627
1708 7.376563
1709 6.751688
1710 8.173271
1711 8.181550
1712 7.862531
1713 7.357037
1714 7.469146
1715 7.923772
1716 7.379844
1717 6.832990
1718 7.251834
1719 7.411271
1720 8.395490
1721 7.672757
1722 9.054462
1723 8.786996
1724 7.580296
1725 9.184066
1726 9.235488
1727 9.119699
1728 7.299589
1729 7.269306
1730 7.368179
1731 7.945941
1732 8.993062
1733 8.815059
1734 8.532213
1735 9.010498
1736 8.295606
1737 9.345244
1738 7.960470
1739 8.188168
1740 10.674055
1741 8.423180
1742 8.778364
1743 7.801787
1744 8.064522
1745 7.935446
1746 7.752959
1747 7.665048
1748 8.628237
1749 7.848660
1750 8.097941
1751 7.001064
1752 7.707256
1753 7.293514
1754 8.097291
1755 6.660548
1756 7.507989
1757 7.775484
1758 7.287273
1759 7.206233
1760 5.907656
1761 5.398047
1762 5.515759
1763 5.815442
1764 5.224997
1765 6.033148
1766 5.456944
1767 5.528299
1768 5.513309
1769 6.050997
1770 5.926119
1771 5.697113
1772 4.975441
1773 5.860314
1774 7.393780
1775 4.926882
1776 5.412559
1777 5.002568
1778 5.149028
1779 6.628748
1780 5.227298
1781 5.120594
1782 5.630435
1783 5.125136
1784 5.850143
1785 6.887610
1786 4.264330
1787 4.810342
1788 5.522918
1789 4.908363
1790 4.533720
1791 5.329625
1792 5.107532
1793 5.183257
1794 5.286265
1795 5.020546
1796 5.532898
1797 5.390345
1798 5.189422
1799 5.636578
1800 5.017650
1801 3.583446
1802 3.220078
1803 3.433859
1804 3.715833
1805 3.862342
1806 5.195042
1807 6.633097
1808 7.165229
1809 5.612668
1810 5.286834
1811 5.337359
1812 5.717912
1813 5.742655
1814 5.065785
1815 5.693232
1816 5.348898
1817 5.888337
1818 5.260613
1819 5.472093
1820 4.021181
1821 5.528120
1822 5.252401
1823 4.916718
1824 4.871036
1825 5.094409
1826 5.733396
1827 7.975916
1828 5.375444
1829 5.387406
1830 4.951989
1831 5.065390
1832 5.620641
1833 5.623003
1834 5.464092
1835 5.225566
1836 4.686109
1837 5.939034
1838 6.566752
1839 6.207332
1840 5.167809
1841 5.035405
1842 5.242958
1843 4.988967
1844 5.556311
1845 5.343157
1846 5.466344
1847 5.314596
1848 5.100649
1849 5.525596
1850 4.843719
1851 5.248887
1852 5.333472
1853 5.489200
1854 5.334048
1855 5.436053
1856 5.196930
1857 3.407022
1858 3.343366
1859 3.268181
1860 3.253825
1861 3.246785
1862 3.904611
1863 3.575531
1864 3.864932
1865 3.404057
1866 3.535621
1867 3.582138
1868 3.675774
1869 3.240453
1870 5.208779
1871 3.539052
1872 3.291854
1873 3.473961
1874 3.340494
1875 3.590673
1876 3.364060
1877 3.516561
1878 3.596458
1879 3.777368
1880 3.592409
1881 3.803588
1882 3.228712
1883 3.497730
1884 3.792266
1885 3.611259
1886 3.561870
1887 3.309941
1888 3.338804
1889 3.660658
1890 3.258730
1891 3.643527
1892 3.368648
1893 3.355295
1894 3.215839
1895 3.576930
1896 3.523762
1897 3.560911
1898 3.130446
1899 3.587241
1900 3.838162
1901 3.926399
1902 3.921882
1903 3.466527
1904 3.680720
1905 3.234644
1906 3.192886
1907 3.365296
1908 3.531248
1909 3.620759
1910 3.650203
1911 3.277256
1912 3.420600
1913 3.268955
1914 3.653999
1915 3.616783
1916 3.301301
1917 3.660902
1918 5.271265
1919 4.779675
1920 5.738037
1921 5.163177
1922 6.292550
1923 5.502054
1924 5.096045
1925 5.926054
1926 5.303225
1927 5.563758
1928 5.534583
1929 5.199436
1930 5.858301
1931 4.630421
1932 5.202212
1933 5.645101
1934 5.921783
1935 6.408274
1936 5.266010
1937 5.298810
1938 3.725503
1939 3.375338
1940 3.663073
1941 3.468906
1942 3.676426
1943 3.335401
1944 3.601529
1945 4.360013
1946 3.643048
1947 3.359375
1948 3.313048
1949 3.668899
1950 4.234488
1951 3.172630
1952 3.372016
1953 3.706316
1954 3.486274
1955 4.027530
1956 3.445967
1957 3.395025
1958 3.778812
1959 3.390487
1960 5.433012
1961 5.333378
1962 4.663713
1963 6.876348
1964 6.453441
1965 5.291701
1966 5.379700
1967 6.358929
1968 5.350037
1969 4.922062
1970 5.686735
1971 5.403571
1972 5.282727
1973 5.801751
1974 5.395980
1975 5.119295
1976 5.402017
1977 5.548084
1978 5.087179
1979 5.660699
1980 5.526878
1981 5.646318
1982 4.714923
1983 8.269389
1984 7.494483
1985 8.502970
1986 7.886428
1987 7.520854
1988 8.075224
1989 7.693563
1990 7.002951
1991 6.871465
1992 5.820560
1993 6.833925
1994 5.387728
1995 7.480121
1996 6.026096
1997 7.279895
1998 6.211369
1999 6.155297
2000 6.408635
2001 6.947647
2002 6.627717
2003 6.686840
2004 6.734158
2005 7.479845
2006 6.795777
2007 6.628226
2008 7.392935
2009 6.796423
2010 6.735597
2011 8.387166
2012 6.358245
2013 7.131365
2014 6.840807
2015 6.677345
2016 5.865713
2017 5.047276
2018 5.374188
2019 6.301659
2020 7.393382
2021 6.104450
2022 7.255981
2023 7.548579
2024 7.316517
2025 7.902061
2026 7.146149
2027 6.360652
2028 6.688440
2029 7.646353
2030 7.762731
2031 7.097389
2032 7.132661
2033 5.708402
2034 7.020345
2035 7.582430
2036 6.364284
2037 7.456418
2038 6.926447
2039 5.272930
2040 5.875867
2041 4.861587
2042 6.177321
2043 8.256877
2044 6.989609
2045 7.479736
2046 6.467805
2047 5.463809
2048 6.408157
2049 5.962633
2050 6.049150
2051 6.991345
2052 6.282065
2053 6.982410
2054 6.821935
2055 6.421435
2056 6.765805
2057 5.624018
2058 6.693650
2059 6.097507
2060 5.862374
2061 6.031363
2062 6.729939
2063 5.988199
2064 6.630445
2065 6.585728
2066 5.807196
2067 6.980681
2068 5.846550
2069 6.407629
2070 5.568930
2071 5.673218
2072 6.977454
2073 6.533498
2074 5.823607
2075 7.314000
2076 7.213915
2077 6.376997
2078 7.574053
2079 6.029599
2080 7.172250
2081 5.599576
2082 6.880047
2083 6.836300
2084 7.790629
2085 7.914756
2086 8.140249
2087 6.151505
2088 6.289243
2089 6.612825
2090 7.354058
2091 7.295018
2092 7.153643
2093 6.982802
2094 6.831874
2095 5.853576
2096 6.243026
2097 7.551332
2098 7.475419
2099 6.694626
2100 7.415792
2101 7.259448
2102 7.232354
2103 7.575346
2104 7.031529
2105 7.743454
2106 8.487127
2107 7.187809
2108 7.107479
2109 6.970423
2110 6.738674
2111 7.647983
2112 8.175953
2113 7.481608
2114 8.247117
2115 9.343067
2116 9.770371
2117 7.711363
2118 7.827991
2119 6.086418
2120 7.491475
2121 8.029304
2122 8.231433
2123 7.953121
2124 7.069165
2125 7.752541
2126 8.371523
2127 6.251084
2128 7.840825
2129 7.034533
2130 6.626083
2131 7.478309
2132 7.984948
2133 7.062306
2134 7.164594
2135 7.470318
2136 6.845830
2137 5.930744
2138 5.723451
2139 5.662455
2140 7.374246
2141 6.409436
2142 5.471937
2143 4.587267
2144 6.289127
2145 4.936537
2146 7.260091
2147 7.562713
2148 6.918771
2149 7.739136
2150 8.445742
2151 6.373215
2152 8.202949
2153 8.175393
2154 9.187541
2155 7.333800
2156 7.152988
2157 7.539635
2158 9.512350
2159 7.543490
2160 7.779852
2161 6.287935
2162 7.148446
2163 7.322425
2164 7.078374
2165 7.514160
2166 6.789772
2167 7.552255
2168 7.482074
2169 8.355396
2170 8.427451
2171 6.751904
2172 7.430316
2173 6.371000
2174 6.647778
2175 6.709953
2176 7.488107
2177 6.761315
2178 6.199952
2179 7.016422
2180 6.524095
2181 5.949800
2182 6.501155
2183 6.319411
2184 7.224274
2185 7.533646
2186 7.056718
2187 6.187316
2188 6.706751
2189 7.721437
2190 5.919095
2191 6.019750
2192 6.911833
2193 6.405748
2194 6.059924
2195 6.452596
2196 6.196589
2197 6.269237
2198 5.360174
2199 6.571343
2200 7.277481
2201 5.916173
2202 6.073599
2203 6.165771
2204 6.993382
2205 7.118855
2206 6.397735
2207 7.443658
2208 6.689403
2209 6.206823
2210 7.739240
2211 6.642953
2212 7.470583
2213 6.926138
2214 6.510765
2215 6.075249
2216 7.236897
2217 7.102317
2218 7.289011
2219 6.089497
2220 7.009173
2221 8.383568
2222 5.970341
2223 7.520680
2224 6.968179
2225 6.990724
2226 8.457580
2227 5.513356
2228 5.946408
2229 6.821209
2230 6.414922
2231 9.067557
2232 6.266573
2233 6.536895
2234 6.114853
2235 7.190552
2236 6.375492
2237 8.220473
2238 7.663713
2239 6.514518
2240 6.487808
2241 8.833621
2242 7.012235
2243 8.135026
2244 7.965857
2245 5.895025
2246 6.264647
2247 5.952359
2248 4.612450
2249 6.314337
2250 6.609010
2251 6.770884
2252 6.399446
2253 5.731578
2254 6.835263
2255 7.338925
2256 6.814175
2257 7.206843
2258 6.299160
2259 5.983788
2260 6.574934
2261 7.236443
2262 7.757122
2263 7.186177
2264 7.784770
2265 7.579303
2266 7.450430
2267 8.724795
2268 7.190006
2269 9.133354
2270 6.401549
2271 7.895149
2272 7.413084
2273 7.486254
2274 7.229479
2275 6.424333
2276 6.440873
2277 7.550380
2278 8.176263
2279 7.587031
2280 7.367668
2281 7.640999
2282 8.352130
2283 7.553024
2284 6.858469
2285 8.648607
2286 7.147323
2287 7.777056
2288 7.149508
2289 6.706237
2290 6.931496
2291 6.635193
2292 7.683441
2293 7.285450
2294 7.200697
2295 6.576869
2296 7.601350
2297 7.883102
2298 8.177314
2299 7.597007
2300 7.459772
2301 6.819279
2302 7.847537
2303 7.707019
2304 6.796024
2305 7.222645
2306 6.320513
2307 6.897595
2308 7.302757
2309 6.689739
2310 6.781738
2311 7.399062
2312 7.569470
2313 6.969000
2314 7.755579
2315 7.089493
2316 7.863678
2317 6.396356
2318 7.850677
2319 6.636584
2320 7.839707
2321 7.144475
2322 7.272531
2323 6.888442
2324 6.898738
2325 7.081564
2326 7.355289
2327 7.910312
2328 5.940318
2329 6.205296
2330 6.726735
2331 6.712333
2332 7.216265
2333 6.034646
2334 5.912129
2335 6.711826
2336 6.422532
2337 7.172818
2338 7.134467
2339 6.813668
2340 6.419176
2341 5.257452
2342 7.008835
2343 5.950850
2344 7.487278
2345 6.338406
2346 8.846467
2347 7.182881
2348 7.201853
2349 5.939509
2350 7.245659
2351 7.067978
2352 8.394135
2353 6.855258
2354 6.280296
2355 5.765667
2356 5.723729
2357 6.575264
2358 6.869251
2359 6.180493
2360 7.706613
2361 8.378741
2362 8.023627
2363 7.331835
2364 7.154535
2365 6.603433
2366 5.829140
2367 6.695985
2368 6.475199
2369 6.087406
2370 6.053239
2371 5.769451
2372 3.686707
2373 3.614552
2374 3.507434
2375 6.454292
2376 5.791523
2377 6.420507
2378 6.505738
2379 6.633694
2380 7.000361
2381 6.071296
2382 6.456320
2383 6.085467
2384 7.270971
2385 6.197370
2386 6.366060
2387 7.251938
2388 7.568205
2389 7.045074
2390 7.377057
2391 6.503026
2392 7.922262
2393 5.856192
2394 7.436674
2395 6.392888
2396 8.372373
2397 7.236473
2398 7.149096
2399 7.737196
2400 6.545340
2401 7.235111
2402 8.181090
2403 7.862399
2404 6.938510
2405 6.478960
2406 7.468530
2407 5.805389
2408 5.953492
2409 7.538096
2410 7.288381
2411 6.952708
2412 6.824213
2413 6.906321
2414 7.043126
2415 7.832713
2416 6.717397
2417 7.431054
2418 6.609844
2419 8.943725
2420 8.030006
2421 7.021891
2422 7.181679
2423 6.887713
2424 7.071379
2425 8.712123
2426 6.880211
2427 7.424511
2428 8.994979
2429 7.887468
2430 7.103267
2431 8.262403
2432 7.153159
2433 6.755011
2434 7.588432
2435 8.841379
2436 9.093151
2437 5.926037
2438 6.567159
2439 7.585837
2440 6.333409
2441 5.979370
2442 6.414428
2443 6.739437
2444 7.256019
2445 6.510527
2446 6.328120
2447 6.440377
2448 7.680633
2449 4.759506
2450 6.656620
2451 6.464619
2452 5.963540
2453 7.708360
2454 6.797865
2455 7.119054
2456 9.368978
2457 8.230350
2458 7.398657
2459 7.251134
2460 7.578475
2461 7.890342
2462 6.322620
2463 7.834161
2464 6.969846
2465 7.068653
2466 6.375102
2467 6.182213
2468 6.197944
2469 5.118935
2470 6.562709
2471 8.122688
2472 5.783641
2473 5.769522
2474 6.367438
2475 5.986324
2476 5.722238
2477 5.660717
2478 4.323387
2479 6.392295
2480 7.333671
2481 8.058292
2482 6.491604
2483 6.476146
2484 6.382829
2485 5.684058
2486 6.738164
2487 6.904931
2488 7.418107
2489 6.308960
2490 7.529571
2491 6.919666
2492 7.303397
2493 7.319465
2494 6.728580
2495 7.488688
2496 6.192783
2497 6.806975
2498 5.600300
2499 6.570014
2500 6.821301
2501 6.239142
2502 5.671030
2503 6.753417
2504 7.334690
2505 5.966319
2506 5.457657
2507 5.690846
2508 6.423208
2509 6.646588
2510 6.101836
2511 7.379357
2512 7.400717
2513 6.341976
2514 7.858283
2515 6.933186
2516 7.182099
2517 8.556228
2518 6.716218
2519 6.676771
2520 7.574625
2521 7.682436
2522 6.945976
2523 6.443672
2524 7.017883
2525 7.538416
2526 7.646443
2527 6.725277
2528 6.829095
2529 6.563308
2530 6.706515
2531 7.380621
2532 6.178552
2533 6.470191
2534 5.974456
2535 6.949541
2536 6.363717
2537 6.947100
2538 6.273227
2539 8.316740
2540 7.248525
2541 7.366562
2542 6.263595
2543 6.627217
2544 6.266309
2545 6.085192
2546 6.621952
2547 5.736712
2548 7.350335
2549 10.155087
2550 7.640819
2551 6.049579
2552 7.889877
2553 7.749651
2554 7.242836
2555 7.187612
2556 3.583560
2557 3.468112
2558 3.486117
2559 3.686166
2560 3.238966
2561 3.727266
2562 4.626978
2563 5.130635
2564 3.575963
2565 3.762284
2566 3.489735
2567 3.626033
2568 3.698460
2569 3.492937
2570 3.548901
2571 3.600899
2572 3.543005
2573 3.583085
2574 3.453938
2575 3.516023
2576 3.486043
2577 3.633966
2578 3.456672
2579 3.125991
2580 3.714299
2581 3.491218
2582 3.829896
2583 3.765799
2584 3.441525
2585 3.379674
2586 3.490750
2587 3.627036
2588 3.400265
2589 3.342455
2590 3.381567
2591 3.475128
2592 5.500773
2593 3.926320
2594 6.262087
2595 6.616475
2596 5.466855
2597 6.354753
2598 5.208024
2599 6.426554
2600 6.541721
2601 7.101838
2602 6.458800
2603 6.977401
2604 7.622247
2605 6.430122
2606 7.753107
2607 6.568009
2608 6.118799
2609 5.929841
2610 6.909250
2611 6.065188
2612 4.953022
2613 5.815161
2614 7.106405
2615 6.471948
2616 6.582868
2617 6.248796
2618 6.641972
2619 6.997788
2620 7.555909
2621 6.074487
2622 6.754161
2623 6.606730
2624 7.228873
2625 7.043702
2626 6.322378
2627 5.334397
2628 6.772460
2629 7.530807
2630 6.901438
2631 6.109575
2632 5.618985
2633 4.851097
2634 5.543835
2635 6.285297
2636 5.760705
2637 7.692704
2638 6.444332
2639 5.289292
2640 5.425319
2641 6.201718
2642 5.449049
2643 6.689422
2644 5.346408
2645 5.433856
2646 5.124813
2647 5.595770
2648 5.224185
2649 5.750282
2650 5.050366
2651 5.284664
2652 5.559943
2653 5.418805
2654 5.121426
2655 5.348206
2656 4.854083
2657 5.551027
2658 5.067090
2659 5.388237
2660 5.360553
2661 3.952440
2662 4.968886
2663 4.535560
2664 4.764894
2665 3.784626
2666 4.104935
2667 6.501776
2668 5.155630
2669 4.832443
2670 4.904091
2671 5.409402
2672 5.105371
2673 5.366844
2674 5.207503
2675 5.008981
2676 5.483822
2677 5.518598
2678 5.346723
2679 5.240554
2680 5.530616
2681 5.240393
2682 5.598196
2683 5.364040
2684 5.034488
2685 5.305016
2686 7.283694
2687 7.513680
2688 8.500170
2689 6.142797
2690 7.017149
2691 7.052516
2692 8.587389
2693 7.433152
2694 7.718604
2695 6.130890
2696 6.863009
2697 6.144055
2698 7.140882
2699 6.505651
2700 6.974647
2701 7.271680
2702 6.682201
2703 6.647146
2704 5.858333
2705 7.313830
2706 6.250587
2707 8.487667
2708 7.008808
2709 7.524240
2710 6.932857
2711 6.265541
2712 7.418926
2713 7.155207
2714 7.657070
2715 6.970483
2716 5.895158
2717 4.699021
2718 5.080167
2719 5.547636
2720 5.214383
2721 5.653856
2722 4.390145
2723 3.681658
2724 2.993026
2725 3.440670
2726 3.664159
2727 3.300012
2728 3.639021
2729 3.516276
2730 3.520266
2731 3.107508
2732 3.205839
2733 3.386164
2734 5.536141
2735 5.173943
2736 5.735730
2737 5.495705
2738 5.632096
2739 5.267618
2740 5.431078
2741 5.068107
2742 4.077012
2743 5.391206
2744 5.015287
2745 5.877419
2746 3.775739
2747 3.377114
2748 3.634337
2749 3.331819
2750 3.214983
2751 3.614124
2752 3.792902
2753 3.390780
2754 3.174413
2755 3.445246
2756 3.329549
2757 3.887594
2758 3.433974
2759 3.140859
2760 3.819997
2761 3.475429
2762 4.050357
2763 3.321414
2764 3.620136
2765 3.575444
2766 3.564827
2767 5.167486
2768 5.581156
2769 6.044546
2770 5.392001
2771 4.179868
2772 7.210147
2773 5.300744
2774 5.613600
2775 5.683547
2776 5.451833
2777 7.887651
2778 9.107195
2779 6.848212
2780 7.004490
2781 5.911710
2782 5.113250
2783 5.787866
2784 5.217612
2785 4.318920
2786 5.307071
2787 5.396675
2788 5.614214
2789 5.787374
2790 4.999290
2791 5.561638
2792 5.154517
2793 5.228468
2794 5.407744
2795 5.369078
2796 3.767200
2797 5.608307
2798 4.964223
2799 5.731019
2800 5.358638
2801 5.510120
2802 5.181670
2803 5.269810
2804 5.604412
2805 5.592083
2806 5.551883
2807 5.650249
2808 5.039663
2809 5.348016
2810 5.026314
2811 5.177876
2812 5.648162
2813 5.022917
2814 6.812379
2815 6.452375
2816 7.658166
2817 5.218442
2818 7.846188
2819 7.048758
2820 6.612912
2821 4.931873
2822 5.371676
2823 5.031858
2824 4.977642
2825 5.003547
2826 5.407870
2827 5.225459
2828 4.928236
2829 5.622561
2830 4.871395
2831 5.376778
2832 4.850174
2833 5.317048
2834 5.034777
2835 5.617496
2836 4.758004
2837 5.140225
2838 5.278049
2839 5.429964
2840 5.329995
2841 6.214698
2842 5.771495
2843 3.666186
2844 3.159639
2845 3.270122
2846 3.528823
2847 3.660733
2848 3.128276
2849 3.779434
2850 3.257298
2851 3.713972
2852 3.548365
2853 3.503957
2854 3.695944
2855 5.351350
2856 4.965459
2857 5.423038
2858 4.852635
2859 6.245480
2860 5.645901
2861 4.770556
2862 4.681036
2863 3.489602
2864 3.714417
2865 3.366673
2866 4.914560
2867 6.320944
2868 5.306804
2869 4.512094
2870 5.569902
2871 5.586526
2872 5.509711
2873 8.945238
2874 7.399977
2875 6.165493
2876 6.062830
2877 7.300249
2878 6.637232
2879 7.340508
2880 9.156166
2881 6.884976
2882 5.719909
2883 5.443582
2884 3.132092
2885 3.652147
2886 3.384226
2887 3.817302
2888 3.695633
2889 3.374177
2890 3.769467
2891 3.298804
2892 3.326876
2893 3.689620
2894 3.920331
2895 3.314741
2896 3.481899
2897 3.697487
2898 5.459961
2899 5.690704
2900 5.041697
2901 5.423228
2902 4.748789
2903 5.850247
2904 5.413889
2905 5.564543
2906 5.326883
2907 6.812959
2908 8.169332
2909 6.640707
2910 7.001209
2911 5.464451
2912 6.728893
2913 7.000628
2914 7.344320
2915 6.886960
2916 6.941222
2917 7.644382
2918 7.930026
2919 7.614833
2920 7.625466
2921 7.901102
2922 7.249538
2923 6.013493
2924 9.383336
2925 7.156148
2926 7.353238
2927 8.488898
2928 7.558345
2929 8.521788
2930 8.734650
2931 7.965781
2932 8.404149
2933 7.926934
2934 8.498168
2935 8.440454
2936 7.023533
2937 8.589565
2938 8.333817
2939 7.556656
2940 7.154052
2941 6.880605
2942 8.127997
2943 9.392457
2944 9.128902
2945 9.864246
2946 10.031114
2947 8.194077
2948 9.297246
2949 7.979864
2950 7.053287
2951 8.993179
2952 7.028922
2953 7.811387
2954 8.160619
2955 8.050252
2956 8.380614
2957 8.344638
2958 8.046947
2959 8.642580
2960 10.033116
2961 6.479414
2962 7.774818
2963 7.129580
2964 7.674152
2965 9.239163
2966 9.299195
2967 7.537758
2968 7.644715
2969 7.524764
2970 7.656988
2971 7.224630
2972 8.077744
2973 7.751265
2974 7.692993
2975 9.280977
2976 7.812933
2977 7.581365
2978 8.063681
2979 8.555966
2980 7.093790
2981 7.660618
2982 9.282509
2983 7.447347
2984 6.908379
2985 8.416798
2986 7.646247
2987 8.059837
2988 7.665987
2989 7.377549
2990 8.143496
2991 7.900079
2992 7.211841
2993 8.585169
2994 8.199811
2995 8.103010
2996 8.700667
2997 9.158308
2998 8.713273
2999 7.449041
3000 9.931835
3001 9.034635
3002 7.913135
3003 8.177937
3004 9.092416
3005 7.847414
3006 7.289736
3007 7.921997
3008 8.014870
3009 7.373146
3010 7.365551
3011 7.812081
3012 8.380576
3013 8.471637
3014 9.967156
3015 7.770063
3016 7.989528
3017 8.967631
3018 8.494206
3019 8.793669
3020 8.902451
3021 7.439179
3022 8.289570
3023 7.756588
3024 8.519592
3025 8.257339
3026 9.411614
3027 8.059232
3028 8.683745
3029 9.562340
3030 8.157025
3031 8.378676
3032 8.220394
3033 7.777751
3034 9.187914
3035 7.872394
3036 8.152701
3037 8.901486
3038 9.333965
3039 7.887770
3040 8.062722
3041 8.380673
3042 8.096722
3043 6.879660
3044 6.885195
3045 7.252242
3046 7.258616
3047 7.637236
3048 8.046620
3049 7.511201
3050 6.872191
3051 6.654936
3052 7.735996
3053 8.229856
3054 9.134555
3055 8.186730
3056 7.385159
3057 7.151453
3058 8.415915
3059 9.149567
3060 10.192994
3061 8.822142
3062 8.888472
3063 8.611543
3064 8.192511
3065 8.508801
3066 9.064365
3067 7.835975
3068 8.618539
3069 9.173472
3070 8.821099
3071 8.354022
3072 7.908307
3073 7.992002
3074 8.675728
3075 7.439311
3076 8.713530
3077 7.443639
3078 7.855149
3079 8.514199
3080 6.935042
3081 8.244432
3082 8.085181
3083 7.818588
3084 6.722575
3085 8.505459
3086 8.352178
3087 8.248317
3088 7.708806
3089 8.559130
3090 7.544307
3091 8.120160
3092 8.080155
3093 8.014600
3094 8.797354
3095 6.598158
3096 8.584702
3097 8.229642
3098 7.399934
3099 8.129045
3100 7.794495
3101 7.936003
3102 7.222367
3103 7.799613
3104 7.683807
3105 9.114401
3106 8.543280
3107 7.838635
3108 7.707832
3109 7.339064
3110 7.328751
3111 6.903241
3112 7.356255
3113 7.757399
3114 7.830798
3115 7.949991
3116 7.785917
3117 7.421074
3118 8.048352
3119 7.678057
3120 8.470924
3121 8.898592
3122 8.012423
3123 8.069415
3124 8.502543
3125 7.844899
3126 8.107991
3127 7.908441
3128 7.826391
3129 6.942082
3130 8.268861
3131 7.381206
3132 7.998061
3133 8.197088
3134 8.213383
3135 8.096604
3136 8.731142
3137 7.684231
3138 8.327720
3139 6.793541
3140 7.187620
3141 7.590326
3142 8.094702
3143 7.045175
3144 8.471161
3145 7.919156
3146 7.120842
3147 6.781833
3148 6.883453
3149 7.648118
3150 7.626096
3151 7.646741
3152 7.859175
3153 6.804152
3154 8.143678
3155 7.543301
3156 8.950645
3157 7.596754
3158 7.982194
3159 6.865711
3160 6.936895
3161 7.134692
3162 8.864450
3163 8.398891
3164 7.808239
3165 7.285629
3166 8.231336
3167 8.450618
3168 7.362051
3169 8.521910
3170 7.556223
3171 7.440934
3172 8.431589
3173 9.169264
3174 8.242538
3175 7.414880
3176 7.481367
3177 7.429578
3178 5.657816
3179 5.699734
3180 5.616533
3181 5.696700
3182 6.628067
3183 5.440448
3184 5.632816
3185 6.119366
3186 5.404696
3187 5.770702
3188 5.633704
3189 8.052891
3190 7.912897
3191 6.806974
3192 8.855216
3193 8.598961
3194 6.938222
3195 8.671673
3196 8.108006
3197 7.388616
3198 7.314548
3199 7.467286
3200 8.350634
3201 7.725319
3202 7.924046
3203 7.820813
3204 7.702758
3205 8.870462
3206 8.119051
3207 7.109050
3208 7.948464
3209 8.825706
3210 8.564450
3211 8.431760
3212 9.665375
3213 9.876087
3214 8.038522
3215 8.946850
3216 7.204470
3217 7.640128
3218 7.844219
3219 7.022326
3220 7.503506
3221 8.162999
3222 8.200986
3223 7.426491
3224 8.464070
3225 8.039260
3226 7.995936
3227 7.692730
3228 7.537858
3229 6.756296
3230 7.730551
3231 7.344787
3232 7.657476
3233 7.628088
3234 7.204472
3235 7.260509
3236 7.338694
3237 7.251939
3238 8.987439
3239 7.236712
3240 7.348989
3241 7.751447
3242 7.371583
3243 6.968997
3244 8.701698
3245 8.266929
3246 7.346543
3247 7.853191
3248 9.004146
3249 8.658177
3250 7.810257
3251 8.417518
3252 7.677693
3253 9.842389
3254 8.803193
3255 8.502551
3256 8.918338
3257 7.859828
3258 9.042600
3259 10.537280
3260 8.895443
3261 8.838944
3262 5.865546
3263 5.881583
3264 5.632928
3265 5.431767
3266 6.665923
3267 7.919131
3268 7.710057
3269 6.942090
3270 6.585139
3271 7.219234
3272 7.160126
3273 7.929245
3274 6.798724
3275 8.096648
3276 7.344999
3277 9.122990
3278 6.757966
3279 6.822982
3280 6.784197
3281 8.066440
3282 7.195786
3283 6.388373
3284 8.546395
3285 8.552113
3286 9.245915
3287 9.013645
3288 7.919215
3289 7.132023
3290 6.696372
3291 7.313890
3292 7.900469
3293 7.388779
3294 7.481988
3295 7.564153
3296 7.814327
3297 9.323534
3298 9.082663
3299 8.174974
3300 6.876410
3301 7.803101
3302 6.403379
3303 7.101706
3304 8.445108
3305 8.642808
3306 7.049098
3307 9.121919
3308 7.480585
3309 8.797167
3310 7.495370
3311 8.183157
3312 8.018667
3313 7.543216
3314 7.212509
3315 7.010464
3316 7.687712
3317 6.637597
3318 8.074172
3319 7.215568
3320 7.859806
3321 5.923790
3322 6.742031
3323 7.121058
3324 6.660764
3325 7.957600
3326 7.442744
3327 7.541220
3328 7.166406
3329 6.408944
3330 6.552277
3331 7.413483
3332 7.316127
3333 7.642178
3334 8.253270
3335 6.634188
3336 8.602243
3337 7.844655
3338 8.420934
3339 9.208807
3340 8.704266
3341 10.910617
3342 8.678262
3343 6.046211
3344 8.787525
3345 7.832580
3346 6.572719
3347 8.729553
3348 7.557199
3349 8.012414
3350 8.267404
3351 7.359544
3352 6.885006
3353 7.607141
3354 8.592476
3355 7.680331
3356 8.318618
3357 8.183825
3358 7.596027
3359 7.373942
3360 8.095980
3361 7.935102
3362 8.351246
3363 5.924161
3364 5.033527
3365 7.286885
3366 8.465758
3367 7.840548
3368 9.206218
3369 7.495923
3370 10.942040
3371 11.253829
3372 7.864690
3373 7.699668
3374 8.743231
3375 8.024078
3376 8.460388
3377 7.540220
3378 7.966020
3379 8.441926
3380 7.457176
3381 7.516420
3382 6.857697
3383 8.159284
3384 7.020373
3385 8.287826
3386 8.881466
3387 5.937078
3388 7.136077
3389 7.665676
3390 8.758022
3391 8.088965
3392 8.299896
3393 6.809035
3394 7.427089
3395 8.534699
3396 7.210199
3397 7.993516
3398 5.348139
3399 6.091868
3400 5.664320
3401 5.664247
3402 5.610230
3403 5.677887
3404 6.032629
3405 7.002653
3406 7.371251
3407 7.430658
3408 9.549246
3409 7.694555
3410 7.699946
3411 6.977889
3412 7.441677
3413 7.934648
3414 8.099808
3415 7.670850
3416 9.592594
3417 8.199501
3418 7.267333
3419 8.460588
3420 7.924869
3421 9.621423
3422 7.998469
3423 6.903738
3424 7.225031
3425 8.655161
3426 7.375912
3427 7.340197
3428 7.783114
3429 7.249828
3430 7.779698
3431 5.809465
3432 5.504399
3433 5.652407
3434 5.754235
3435 5.239908
3436 6.050991
3437 5.131764
3438 5.445180
3439 5.488186
3440 5.502951
3441 5.268864
3442 5.248333
3443 5.732930
3444 4.693760
3445 5.209875
3446 5.285355
3447 5.627558
3448 4.500578
3449 5.131917
3450 5.694223
3451 5.205125
3452 5.275841
3453 5.552738
3454 5.643051
3455 7.886533
3456 5.597511
3457 5.880901
3458 5.147561
3459 6.238605
3460 5.617986
3461 5.995572
3462 5.556027
3463 5.549716
3464 5.970672
3465 5.269611
3466 5.641010
3467 5.680459
3468 5.607754
3469 5.400245
3470 5.458614
3471 5.299302
3472 4.887190
3473 5.401353
3474 5.368706
3475 5.213836
3476 5.476689
3477 5.699344
3478 7.087768
3479 7.159956
3480 5.406100
3481 5.818562
3482 5.041667
3483 5.082232
3484 5.532831
3485 5.266532
3486 5.676380
3487 5.429788
3488 5.546795
3489 5.919713
3490 5.486309
3491 5.895335
3492 5.444585
3493 5.807900
3494 5.484797
3495 5.669870
3496 5.684208
3497 6.185064
3498 6.003293
3499 7.454971
3500 5.599669
3501 5.053960
3502 5.980015
3503 5.768795
3504 5.411339
3505 5.254132
3506 5.009992
3507 5.398490
3508 5.440644
3509 5.421719
3510 5.700834
3511 5.425874
3512 5.353485
3513 5.645175
3514 5.743618
3515 5.361659
3516 5.654267
3517 5.330600
3518 6.762080
3519 5.851323
3520 5.633552
3521 5.138423
3522 4.930285
3523 5.341584
3524 6.202597
3525 5.848237
3526 7.738765
3527 7.613734
3528 7.857056
3529 7.742627
3530 7.652297
3531 6.884845
3532 6.670070
3533 6.234686
3534 8.298611
3535 6.046597
3536 6.961999
3537 8.917164
3538 10.091118
3539 7.787259
3540 7.606126
3541 6.951870
3542 8.957595
3543 7.631153
3544 7.185864
3545 7.773870
3546 6.883867
3547 6.902177
3548 6.986202
3549 5.713120
3550 6.669135
3551 7.380170
3552 8.035466
3553 7.293349
3554 7.462910
3555 7.969032
3556 8.605103
3557 7.804220
3558 8.486465
3559 8.618226
3560 7.847075
3561 8.833652
3562 7.931165
3563 7.508890
3564 7.150671
3565 8.588514
3566 7.780414
3567 8.264633
3568 7.627131
3569 8.210067
3570 8.585675
3571 8.209442
3572 7.445703
3573 6.156307
3574 8.235590
3575 5.534225
3576 5.470520
3577 5.662772
3578 5.734594
3579 5.641532
3580 5.630858
3581 5.351606
3582 4.742764
3583 5.331738
3584 5.404084
3585 5.259848
3586 5.753354
3587 5.991336
3588 5.130626
3589 5.599905
3590 5.771004
3591 5.982953
3592 5.296952
3593 5.469233
3594 5.517871
3595 5.698673
3596 5.727216
3597 5.770295
3598 5.929133
3599 5.512336
3600 5.720072
3601 5.867454
3602 5.557456
3603 5.241238
3604 5.691342
3605 5.200108
3606 5.299528
3607 7.205039
3608 5.688241
3609 5.488053
3610 5.459359
3611 4.837003
3612 5.976472
3613 5.364134
3614 5.543611
3615 5.534619
3616 5.702546
3617 5.731533
3618 5.206208
3619 5.655309
3620 5.083665
3621 5.910340
3622 5.408987
3623 5.458524
3624 5.378865
3625 5.066738
3626 5.142666
3627 5.462065
3628 5.489536
3629 5.539176
3630 5.369740
3631 5.288603
3632 5.886127
3633 5.881971
3634 5.288081
3635 5.289064
3636 5.479544
3637 5.355318
3638 5.654665
3639 6.135733
3640 5.173721
3641 7.371528
3642 8.471850
3643 5.553039
3644 5.307780
3645 5.279715
3646 6.523823
3647 5.851743
3648 5.656569
3649 5.216637
3650 4.988988
3651 8.026870
3652 7.518113
3653 6.766644
3654 6.817312
3655 7.388712
3656 6.772067
3657 8.692699
3658 7.137603
3659 9.398665
3660 5.800860
3661 5.857540
3662 5.706295
3663 5.698261
3664 5.402899
3665 5.628525
3666 5.194433
3667 5.651515
3668 5.599948
3669 5.548604
3670 5.285347
3671 5.111742
3672 5.862291
3673 6.405459
3674 5.562894
3675 5.960589
3676 5.566374
3677 5.593600
3678 5.610170
3679 3.797740
3680 3.193826
3681 3.616878
3682 3.962486
3683 3.432111
3684 3.820420
3685 3.773327
3686 3.604734
3687 3.786621
3688 7.153421
3689 8.647611
3690 7.223643
3691 8.212598
3692 7.624338
3693 7.425431
3694 7.424623
3695 8.591943
3696 7.131683
3697 6.454959
3698 7.516346
3699 6.707505
3700 7.683600
3701 6.684346
3702 7.718159
3703 7.763470
3704 9.361438
3705 8.737220
3706 8.334869
3707 8.067327
3708 8.604543
3709 7.956388
3710 7.807923
3711 8.463531
3712 9.057828
3713 7.601964
3714 8.765411
3715 7.234053
3716 7.500054
3717 8.213024
3718 8.425918
3719 8.283301
3720 7.197847
3721 7.217167
3722 7.999062
3723 6.570805
3724 6.908139
3725 8.212183
3726 8.142563
3727 8.071445
3728 7.980362
3729 7.523954
3730 8.779781
3731 10.682336
3732 7.989467
3733 8.246918
3734 8.716075
3735 5.806419
3736 7.141168
3737 7.470170
3738 7.488367
3739 7.142053
3740 9.390385
3741 8.252871
3742 7.841947
3743 8.232961
3744 8.087206
3745 8.377134
3746 6.833506
3747 7.313967
3748 8.394903
3749 7.809952
3750 7.171631
3751 6.824648
3752 7.774914
3753 7.704986
3754 9.986420
3755 8.890521
3756 8.948346
3757 6.543431
3758 7.518105
3759 9.394595
3760 7.774226
3761 7.576823
3762 7.728551
3763 7.483943
3764 8.067934
3765 8.084308
3766 6.341213
3767 9.206789
3768 7.078606
3769 7.681215
3770 8.034829
3771 6.037622
3772 8.144870
3773 8.491697
3774 7.733862
3775 8.166596
3776 8.383325
3777 8.970387
3778 7.670295
3779 7.364651
3780 8.191273
3781 7.380387
3782 6.937734
3783 7.774583
3784 7.721019
3785 8.170437
3786 8.968370
3787 7.376800
3788 8.236579
3789 7.517110
3790 6.626954
3791 6.776946
3792 6.895166
3793 7.081819
3794 7.078800
3795 7.600367
3796 8.240083
3797 7.363169
3798 7.170453
3799 6.944719
3800 9.060477
3801 8.484344
3802 10.198213
3803 9.197240
3804 6.843550
3805 6.397022
3806 5.954869
3807 6.527121
3808 5.404830
3809 4.820560
3810 5.380726
3811 7.620515
3812 7.789351
3813 8.279508
3814 8.282042
3815 9.816643
3816 8.690577
3817 7.917858
3818 6.462584
3819 7.145345
3820 8.095083
3821 7.428923
3822 7.497128
3823 8.187274
3824 8.008319
3825 7.875335
3826 7.859828
3827 7.813707
3828 8.053432
3829 9.986800
3830 8.463521
3831 7.758744
3832 8.243693
3833 6.393459
3834 8.514488
3835 7.538829
3836 8.090304
3837 8.507081
3838 6.916278
3839 10.271950
3840 9.014504
3841 9.630604
3842 8.071299
3843 10.345176
3844 10.355898
3845 9.095860
3846 9.292497
3847 7.452418
3848 7.338367
3849 8.826019
3850 7.915010
3851 9.475660
3852 8.304327
3853 7.544677
3854 8.244870
3855 8.149732
3856 8.010118
3857 8.345353
3858 8.037881
3859 7.738595
3860 7.659460
3861 9.547822
3862 7.894870
3863 8.804533
3864 7.827970
3865 6.208021
3866 7.948071
3867 8.257140
3868 9.268690
3869 8.702186
3870 8.596797
3871 8.229953
3872 7.635677
3873 8.676774
3874 8.388675
3875 7.871092
3876 8.866370
3877 8.822788
3878 8.346487
3879 8.564723
3880 7.390026
3881 6.791337
3882 7.037903
3883 6.735494
3884 7.092206
3885 8.109155
3886 7.658729
3887 7.759445
3888 6.884986
3889 7.445598
3890 6.354165
3891 8.103716
3892 10.411597
3893 9.454409
3894 11.446651
3895 8.456260
3896 7.976435
3897 9.439013
3898 7.837918
3899 9.441344
3900 4.819730
3901 5.379714
3902 4.946785
3903 5.656511
3904 6.131061
3905 5.673420
3906 5.688979
3907 5.881076
3908 5.861550
3909 7.005406
3910 5.571622
3911 5.318090
3912 5.557661
3913 5.285539
3914 5.414834
3915 5.791416
3916 5.689181
3917 5.229584
3918 5.292009
3919 5.203856
3920 6.935682
3921 5.982978
3922 5.676239
3923 6.075398
3924 7.107139
3925 5.905863
3926 5.612518
3927 5.670390
3928 5.783052
3929 5.533045
3930 5.846480
3931 5.767950
3932 5.500397
3933 5.862268
3934 5.634125
3935 5.693881
3936 5.603265
3937 5.588101
3938 5.931777
3939 5.533590
3940 5.844775
3941 6.654991
3942 6.297205
3943 6.391664
3944 9.456644
3945 8.682734
3946 7.346793
3947 7.643674
3948 8.131230
3949 8.340290
3950 7.688057
3951 7.831097
3952 7.013041
3953 8.470384
3954 9.046839
3955 7.644822
3956 6.574154
3957 7.573235
3958 6.338051
3959 6.828249
3960 7.357851
3961 6.886516
3962 8.266373
3963 6.929619
3964 8.263660
3965 6.503120
3966 6.930129
3967 6.633807
3968 8.013002
3969 5.796213
3970 5.268977
3971 4.959900
3972 5.403388
3973 6.795604
3974 7.998564
3975 7.863038
3976 8.708691
3977 10.138128
3978 7.961164
3979 7.655783
3980 7.171128
3981 9.489815
3982 7.953522
3983 7.937143
3984 8.149244
3985 8.919150
3986 7.393419
3987 8.977958
3988 9.396058
3989 7.900571
3990 7.938588
3991 8.030445
3992 8.365778
3993 8.321459
3994 6.069313
3995 7.757015
3996 7.847331
3997 9.774403
3998 9.068573
3999 9.577361
4000 8.287683
4001 8.410263
4002 10.550129
4003 7.946436
4004 10.417434
4005 9.064906
4006 8.011525
4007 7.602426
4008 7.503392
4009 7.593143
4010 7.824281
4011 7.346394
4012 7.749257
4013 7.225034
4014 6.982396
4015 7.832758
4016 7.695714
4017 7.907626
4018 7.011235
4019 8.195201
4020 7.259586
4021 7.225471
4022 5.898893
4023 6.404447
4024 8.132434
4025 8.343319
4026 7.831027
4027 7.668020
4028 7.422911
4029 7.895551
4030 8.847927
4031 8.962366
4032 8.280226
4033 8.028704
4034 7.003961
4035 7.240581
4036 8.040231
4037 8.387713
4038 8.330140
4039 7.301547
4040 8.775519
4041 9.000745
4042 8.911658
4043 8.175521
4044 8.648634
4045 7.367594
4046 8.730000
4047 9.240766
4048 6.293045
4049 7.701081
4050 8.191667
4051 9.129700
4052 9.002829
4053 6.731075
4054 7.134325
4055 6.921978
4056 7.539608
4057 7.819721
4058 5.641214
4059 8.286099
4060 7.107842
4061 6.859197
4062 8.874352
4063 6.808740
4064 6.627781
4065 7.639025
4066 8.216781
4067 10.457676
4068 8.759109
4069 7.827219
4070 8.287276
4071 9.258021
4072 9.775399
4073 6.613999
4074 8.801542
4075 8.395600
4076 7.080849
4077 7.450228
4078 9.181535
4079 8.003505
4080 8.398244
4081 9.238067
4082 7.477174
4083 7.100880
4084 9.668799
4085 6.863890
4086 7.297485
4087 7.608064
4088 7.486882
4089 8.101584
4090 6.813931
4091 7.289897
4092 5.722943
4093 5.435004
4094 5.679702
4095 5.664813
4096 5.321279
4097 5.131223
4098 5.255178
4099 5.483875
4100 5.305027
4101 5.631034
4102 5.677137
4103 5.442463
4104 5.827532
4105 5.743073
4106 5.008206
4107 4.770126
4108 5.364011
4109 5.552262
4110 5.094409
4111 5.683355
4112 5.213345
4113 5.255941
4114 4.987193
4115 5.609432
4116 6.276278
4117 7.318753
4118 7.039130
4119 9.326772
4120 7.343147
4121 7.675232
4122 6.119887
4123 6.778567
4124 6.993929
4125 5.991409
4126 7.573568
4127 5.552918
4128 5.500011
4129 7.136811
4130 7.523308
4131 7.695045
4132 7.424371
4133 6.869250
4134 7.603770
4135 6.735551
4136 7.617092
4137 6.310863
4138 7.270552
4139 8.775557
4140 7.312268
4141 7.612656
4142 7.839577
4143 6.538673
4144 7.106976
4145 7.763011
4146 8.473760
4147 7.730755
4148 8.422995
4149 7.802291
4150 9.910657
4151 8.953423
4152 8.448491
4153 8.385905
4154 9.900033
4155 7.053867
4156 7.248317
4157 8.061491
4158 9.630316
4159 7.578485
4160 8.357244
4161 8.691587
4162 8.345215
4163 7.770152
4164 7.687312
4165 7.786204
4166 8.051122
4167 7.434589
4168 7.827258
4169 8.079020
4170 8.799932
4171 8.226185
4172 7.535929
4173 8.059023
4174 7.590133
4175 7.662078
4176 7.480494
4177 7.642860
4178 9.072805
4179 7.941541
4180 7.657990
4181 8.406549
4182 7.974465
4183 8.034678
4184 8.554593
4185 9.102555
4186 8.007015
4187 9.553457
4188 10.147409
4189 8.623211
4190 7.269407
4191 9.132785
4192 10.061167
4193 9.445635
4194 8.542335
4195 7.344670
4196 8.642976
4197 7.300108
4198 7.757642
4199 8.065541
4200 9.585295
4201 7.522521
4202 10.168237
4203 10.084370
4204 10.654127
4205 9.262906
4206 8.402495
4207 8.270297
4208 7.910998
4209 7.627909
4210 9.160709
4211 9.793580
4212 8.387363
4213 7.086068
4214 8.408349
4215 7.882983
4216 8.196473
4217 8.800336
4218 7.945626
4219 9.253255
4220 9.277864
4221 9.168710
4222 7.827756
4223 7.844756
4224 7.814895
4225 10.136953
4226 7.757434
4227 8.592018
4228 10.855158
4229 8.866488
4230 7.747573
4231 8.166938
4232 8.307688
4233 8.881899
4234 7.202931
4235 7.487252
4236 7.597746
4237 6.950062
4238 7.307150
4239 7.896418
4240 8.079425
4241 9.343278
4242 7.136307
4243 7.026943
4244 7.677105
4245 7.486001
4246 7.631211
4247 9.645153
4248 6.940392
4249 7.255307
4250 7.925509
4251 7.251582
4252 6.839710
4253 8.121142
4254 8.356400
4255 7.151042
4256 8.146268
4257 7.911775
4258 5.114275
4259 5.176158
4260 5.661716
4261 5.139983
4262 5.500963
4263 6.282297
4264 6.807551
4265 7.387738
4266 7.582205
4267 7.083177
4268 8.325269
4269 9.070139
4270 9.118083
4271 9.374523
4272 8.731719
4273 8.868689
4274 8.453930
4275 7.531004
4276 7.320350
4277 6.813300
4278 4.991485
4279 5.007404
4280 5.622822
4281 5.061020
4282 5.622892
4283 5.909817
4284 5.541071
4285 5.891445
4286 5.510030
4287 5.099065
4288 5.211343
4289 6.072733
4290 5.194123
4291 5.888711
4292 5.215756
4293 5.006414
4294 5.373686
4295 5.915251
4296 5.832072
4297 5.911395
4298 5.565969
4299 5.526708
4300 4.772052
4301 5.487540
4302 5.156773
4303 5.930617
4304 5.888400
4305 5.807625
4306 7.002924
4307 5.653370
4308 4.950373
4309 5.176809
4310 5.806243
4311 6.065390
4312 6.104804
4313 7.023716
4314 5.192556
4315 5.197610
4316 5.690443
4317 5.841549
4318 7.993628
4319 5.846915
4320 5.685735
4321 5.854076
4322 5.843337
4323 5.756012
4324 5.587897
4325 6.535639
4326 6.916219
4327 5.245008
4328 5.396835
4329 4.667229
4330 6.338328
4331 6.942087
4332 7.271129
4333 6.375588
4334 7.797749
4335 6.122777
4336 7.158219
4337 7.504113
4338 7.394412
4339 7.871274
4340 7.009387
4341 7.589086
4342 7.743094
4343 7.618559
4344 7.306837
4345 8.137008
4346 6.935693
4347 7.528145
4348 7.716618
4349 6.862519
4350 6.797683
4351 7.378786
4352 7.019873
4353 7.006521
4354 7.483333
4355 7.548866
4356 7.041453
4357 7.349148
4358 6.839918
4359 5.999918
4360 6.659537
4361 7.566176
4362 7.706547
4363 6.903700
4364 7.308384
4365 7.653917
4366 6.801910
4367 6.685926
4368 6.550080
4369 7.318995
4370 6.898448
4371 6.788955
4372 6.916903
4373 7.708414
4374 6.672473
4375 7.710078
4376 6.136194
4377 7.306093
4378 7.284311
4379 8.647090
4380 6.596225
4381 7.464028
4382 6.717180
4383 6.410391
4384 7.049356
4385 6.941854
4386 7.264620
4387 6.191938
4388 7.718299
4389 7.768764
4390 6.971472
4391 6.299598
4392 6.680728
4393 7.571354
4394 5.263323
4395 8.070569
4396 8.408722
4397 6.621527
4398 7.094348
4399 6.818804
4400 7.387754
4401 7.300007
4402 8.425299
4403 7.510132
4404 7.441944
4405 7.465629
4406 7.076673
4407 5.959372
4408 8.169471
4409 7.299862
4410 7.681790
4411 8.076311
4412 8.092153
4413 6.458366
4414 6.970151
4415 6.583674
4416 6.281058
4417 5.451243
4418 7.620417
4419 8.662820
4420 6.692230
4421 7.357128
4422 6.853070
4423 7.378000
4424 7.142794
4425 8.086040
4426 7.817777
4427 7.034863
4428 6.326177
4429 6.652917
4430 8.015201
4431 7.334157
4432 7.141245
4433 6.307566
4434 5.913087
4435 6.252574
4436 7.221559
4437 6.931052
4438 6.369088
4439 6.941498
4440 6.564241
4441 6.780701
4442 6.438518
4443 6.111289
4444 7.490345
4445 6.318752
4446 9.627737
4447 7.544209
4448 6.996295
4449 7.071959
4450 7.199975
4451 7.021230
4452 7.042485
4453 7.394778
4454 7.377712
4455 7.112566
4456 6.090339
4457 8.375374
4458 6.863823
4459 7.014231
4460 8.352542
4461 7.158917
4462 6.678144
4463 7.657271
4464 7.881945
4465 6.837842
4466 6.178705
4467 6.203419
4468 5.755093
4469 5.683003
4470 8.303019
4471 7.115013
4472 6.724176
4473 6.067637
4474 6.975916
4475 7.568747
4476 6.972592
4477 6.674499
4478 7.108983
4479 5.985658
4480 6.022742
4481 5.904861
4482 6.459476
4483 5.816922
4484 6.997048
4485 5.917634
4486 6.863721
4487 5.890087
4488 6.219266
4489 6.248432
4490 3.646122
4491 3.874195
4492 3.369707
4493 3.131309
4494 3.688716
4495 3.743941
4496 3.637840
4497 3.440362
4498 3.879977
4499 3.528980
4500 3.164335
4501 3.311206
4502 3.200908
4503 3.376197
4504 3.797450
4505 3.596246
4506 3.630896
4507 3.532678
4508 3.373499
4509 3.820989
4510 3.542441
4511 4.044791
4512 3.691532
4513 3.211061
4514 3.676713
4515 3.250678
4516 3.418040
4517 4.120641
4518 3.657214
4519 3.173990
4520 5.316861
4521 5.332150
4522 5.182847
4523 5.000530
4524 5.901870
4525 5.231885
4526 5.631312
4527 5.273645
4528 5.706491
4529 4.802708
4530 5.560047
4531 5.501024
4532 6.038484
4533 5.604864
4534 5.241956
4535 5.692528
4536 5.378648
4537 5.891581
4538 6.815643
4539 5.485699
4540 4.858201
4541 4.863610
4542 5.574354
4543 5.230037
4544 5.020697
4545 5.786340
4546 5.425457
4547 5.720542
4548 5.338566
4549 5.395802
4550 5.253133
4551 5.063061
4552 5.361439
4553 5.108329
4554 5.661000
4555 5.956604
4556 5.238328
4557 5.263931
4558 5.444577
4559 4.222853
4560 4.888784
4561 5.317640
4562 4.249579
4563 5.680825
4564 5.846931
4565 5.727443
4566 5.866977
4567 5.755041
4568 5.613278
4569 5.568655
4570 5.393277
4571 5.368746
4572 5.151939
4573 5.304291
4574 5.103928
4575 5.479353
4576 5.542588
4577 5.198713
4578 5.096677
4579 7.383771
4580 7.782577
4581 6.620668
4582 7.308339
4583 7.987924
4584 7.200098
4585 7.435867
4586 6.288180
4587 7.098403
4588 7.115962
4589 6.658304
4590 6.515413
4591 6.040156
4592 8.184218
4593 7.535448
4594 6.016467
4595 7.375887
4596 6.573046
4597 7.546319
4598 6.055977
4599 6.170208
4600 6.515261
4601 7.606648
4602 7.214914
4603 5.778626
4604 5.880222
4605 7.580030
4606 5.151788
4607 5.195161
4608 5.555473
4609 5.644727
4610 5.492196
4611 5.446341
4612 5.470161
4613 7.677872
4614 5.136127
4615 5.886487
4616 5.137200
4617 5.176971
4618 7.358334
4619 7.399792
4620 7.357887
4621 4.892966
4622 5.029173
4623 6.529086
4624 6.361583
4625 5.739007
4626 4.734615
4627 6.053969
4628 6.630802
4629 5.097707
4630 7.240510
4631 6.042469
4632 7.687016
4633 7.805725
4634 5.655317
4635 7.059123
4636 7.604264
4637 6.606452
4638 5.851617
4639 8.441333
4640 6.326090
4641 7.031304
4642 5.338734
4643 4.859081
4644 5.208195
4645 7.043785
4646 6.922593
4647 5.232488
4648 5.038067
4649 5.266830
4650 7.254681
4651 5.683528
4652 5.640367
4653 4.283617
4654 5.560520
4655 5.381376
4656 5.361203
4657 5.616706
4658 4.914191
4659 5.506126
4660 4.736114
4661 5.614510
4662 5.243680
4663 5.255674
4664 5.603444
4665 5.632459
4666 5.552559
4667 5.383809
4668 4.943988
4669 4.849340
4670 5.489099
4671 6.089497
4672 5.658393
4673 5.547063
4674 5.139892
4675 5.221551
4676 5.441279
4677 5.844707
4678 5.838097
4679 5.507288
4680 5.189913
4681 5.187767
4682 4.937612
4683 5.874087
4684 5.576767
4685 4.975540
4686 5.737844
4687 5.769647
4688 5.127632
4689 5.029066
4690 6.467109
4691 4.860322
4692 4.848648
4693 5.331244
4694 5.458724
4695 5.106126
4696 5.105978
4697 5.380092
4698 5.565758
4699 5.868192
4700 5.452267
4701 5.084151
4702 5.440105
4703 4.541210
4704 4.969054
4705 5.222439
4706 5.119777
4707 5.447147
4708 5.293250
4709 5.246720
4710 5.542615
4711 5.568843
4712 5.703938
4713 5.012084
4714 5.653726
4715 5.643016
4716 5.494171
4717 5.133324
4718 5.249702
4719 5.229693
4720 5.021662
4721 5.771015
4722 5.232868
4723 5.853906
4724 4.304752
4725 5.353219
4726 5.188121
4727 5.199307
4728 5.206190
4729 5.364944
4730 5.597556
4731 5.279263
4732 5.018822
4733 5.105467
4734 5.996740
4735 5.177460
4736 5.505943
4737 5.482144
4738 5.401567
4739 6.039286
4740 5.607110
4741 5.361382
4742 5.211870
4743 5.617152
4744 5.878791
4745 5.344988
4746 5.570897
4747 5.872524
4748 5.264712
4749 4.998158
4750 5.083196
4751 4.706148
4752 5.255102
4753 4.982862
4754 5.396380
4755 5.064287
4756 5.857525
4757 5.263809
4758 6.110656
4759 5.520189
4760 5.438285
4761 3.198915
4762 3.008672
4763 3.190442
4764 3.351537
4765 3.632054
4766 3.907288
4767 3.150330
4768 3.436889
4769 3.352910
4770 3.435085
4771 3.260090
4772 3.416080
4773 3.805326
4774 3.527860
4775 3.536747
4776 3.099176
4777 3.185357
4778 3.526497
4779 3.638599
4780 3.346476
4781 3.282227
4782 3.497361
4783 3.557006
4784 3.313625
4785 3.342720
4786 3.622012
4787 3.157927
4788 3.790116
4789 3.678962
4790 3.662142
4791 3.538316
4792 3.235813
4793 3.769536
4794 3.823936
4795 3.290750
4796 3.509002
4797 3.706277
4798 3.725061
4799 3.732269
4800 3.889408
4801 3.350077
4802 3.735640
4803 3.694293
4804 3.206836
4805 3.920833
4806 3.115671
4807 3.927196
4808 3.771233
4809 3.510226
4810 3.486920
4811 5.076675
4812 5.663189
4813 5.305227
4814 5.508845
4815 5.342782
4816 5.266575
4817 6.537072
4818 5.440672
4819 5.078976
4820 5.645283
4821 5.265074
4822 4.886734
4823 5.138143
4824 5.290851
4825 4.813845
4826 3.559300
4827 3.518434
4828 3.693156
4829 3.688483
4830 3.797973
4831 3.334981
4832 3.984508
4833 3.664440
4834 3.756020
4835 3.908636
4836 3.500488
4837 3.219149
4838 3.572755
4839 3.392259
4840 5.876191
4841 5.378230
4842 5.235195
4843 4.089755
4844 5.539330
4845 6.358389
4846 7.444591
4847 7.434152
4848 7.587712
4849 6.881034
4850 7.698040
4851 7.137044
4852 6.869423
4853 5.262000
4854 5.142200
4855 5.211036
4856 5.751540
4857 5.702363
4858 5.704010
4859 5.917460
4860 5.938599
4861 5.570982
4862 5.069963
4863 4.668256
4864 5.679531
4865 5.340353
4866 4.816278
4867 5.108200
4868 5.048372
4869 5.500285
4870 4.926206
4871 5.616141
4872 5.642488
4873 5.743120
4874 5.057845
4875 5.042242
4876 3.659753
4877 4.029768
4878 3.454317
4879 3.296937
4880 3.279652
4881 3.764267
4882 3.831201
4883 3.524234
4884 3.703582
4885 5.254045
4886 5.543812
4887 3.765566
4888 3.443687
4889 3.270078
4890 3.602247
4891 3.610001
4892 3.737375
4893 3.516393
4894 3.616782
4895 3.642417
4896 3.542385
4897 6.528743
4898 5.998076
4899 6.286667
4900 5.679376
4901 6.693423
4902 5.311799
4903 6.845102
4904 6.439104
4905 7.349144
4906 7.688631
4907 6.824718
4908 7.832279
4909 7.184226
4910 7.463123
4911 6.297471
4912 6.253011
4913 7.529160
4914 7.627913
4915 7.685546
4916 7.262707
4917 7.840170
4918 7.234542
4919 6.632481
4920 7.263790
4921 6.682555
4922 7.132913
4923 7.366315
4924 7.667855
4925 6.699810
4926 6.300748
4927 6.401103
4928 7.553190
4929 8.685189
4930 5.990835
4931 6.005289
4932 6.390560
4933 6.915569
4934 6.877104
4935 6.725606
4936 6.848693
4937 5.754033
4938 7.014915
4939 6.160923
4940 7.366451
4941 6.605399
4942 6.831883
4943 6.680798
4944 8.897968
4945 6.909205
4946 6.908756
4947 7.000098
4948 6.710375
4949 6.431487
4950 7.033448
4951 7.503717
4952 6.676815
4953 6.390976
4954 8.342491
4955 7.008419
4956 6.164454
4957 6.573400
4958 8.744199
4959 7.410501
4960 6.310058
4961 5.975103
4962 7.121330
4963 7.374936
4964 6.112366
4965 6.331087
4966 6.664776
4967 6.798882
4968 6.506709
4969 6.187346
4970 5.916471
4971 7.213442
4972 6.553399
4973 6.342151
4974 7.394179
4975 6.880529
4976 6.076231
4977 7.465248
4978 7.809209
4979 7.472928
4980 7.743736
4981 5.958398
4982 6.719114
4983 7.483376
4984 7.574446
4985 6.428722
4986 7.777818
4987 7.752841
4988 7.747125
4989 6.652105
4990 6.284636
4991 5.716202
4992 7.036007
4993 7.136965
4994 6.364511
4995 6.214976
4996 6.972116
4997 6.243947
4998 6.240590
4999 8.022036
5000 7.774120
5001 6.710158

