0 3.101372
1 3.726366
2 2.971115
3 3.628500
4 3.563298
5 3.451388
6 3.677418
7 3.263834
8 5.073896
9 5.222908
10 3.747041
11 4.087311
12 4.904098
13 3.840121
14 3.295731
15 3.770807
16 3.655364
17 3.691030
18 3.526738
19 3.675562
20 3.400368
21 3.617531
22 3.847931
23 3.874973
24 5.363190
25 3.901805
26 5.709414
27 3.948644
28 3.894688
29 4.135380
30 4.102001
31 5.091661
32 4.424592
33 3.808022
34 3.684142
35 3.794657
36 4.163866
37 4.301908
38 3.810420
39 3.837121
40 3.661826
41 3.946136
42 5.149954
43 5.317876
44 5.825480
45 4.358012
46 4.813252
47 4.465746
48 4.267213
49 4.286092
50 5.065034
51 6.175311
52 5.078877
53 5.528338
54 5.837417
55 8.129462
56 7.859143
57 9.366368
58 8.764959
59 5.433681
60 5.641223
61 5.316430
62 5.550044
63 6.351046
64 5.316938
65 4.852625
66 4.855241
67 6.485277
68 4.686405
69 4.881372
70 5.222522
71 5.287519
72 5.173373
73 5.566515
74 5.262256
75 5.081231
76 4.965511
77 4.909229
78 5.024290
79 5.843238
80 5.622479
81 5.362331
82 5.875277
83 5.119090
84 5.060642
85 5.116850
86 5.133186
87 4.223483
88 3.786200
89 3.783926
90 3.585371
91 3.778798
92 3.639916
93 3.934098
94 3.753426
95 3.810971
96 3.634904
97 3.889850
98 3.850575
99 3.518565
100 3.722662
101 3.372864
102 3.695593
103 3.675546
104 3.683191
105 3.664649
106 3.724902
107 3.779327
108 4.193209
109 4.023193
110 3.734070
111 3.927796
112 3.818911
113 3.748573
114 3.629119
115 3.738061
116 3.500939
117 3.765324
118 3.822382
119 3.488130
120 3.676057
121 3.688062
122 3.525459
123 3.393655
124 3.706338
125 3.901550
126 3.892889
127 3.586083
128 3.503969
129 3.564502
130 3.847869
131 3.927708
132 3.908723
133 3.599002
134 3.667941
135 3.858937
136 3.661664
137 3.763325
138 3.727267
139 3.681492
140 3.997015
141 3.729568
142 3.799393
143 3.525025
144 3.730822
145 3.791847
146 3.696406
147 3.926893
148 4.063262
149 3.400983
150 3.648082
151 3.575705
152 3.964253
153 3.648419
154 3.771441
155 3.814600
156 3.593052
157 3.713300
158 3.847156
159 3.636604
160 3.545249
161 4.559691
162 3.468730
163 3.818686
164 3.800746
165 3.556520
166 3.616480
167 3.693685
168 3.584257
169 3.827197
170 3.557092
171 3.537538
172 3.641292
173 3.833509
174 3.830483
175 3.875572
176 3.812008
177 3.855352
178 3.970713
179 3.723617
180 3.605827
181 3.737465
182 3.972476
183 3.689634
184 3.850221
185 3.537596
186 3.330317
187 3.437819
188 3.535903
189 3.573294
190 3.759710
191 3.544701
192 3.569625
193 3.595789
194 3.884336
195 3.817301
196 3.980200
197 5.265139
198 3.694134
199 3.686370
200 3.656362
201 3.848881
202 3.748684
203 3.838267
204 3.929392
205 3.762524
206 3.983427
207 3.743497
208 3.601900
209 4.047838
210 3.650922
211 3.550449
212 3.869943
213 3.788022
214 3.586268
215 3.611549
216 3.753515
217 3.640851
218 3.637592
219 3.868827
220 3.388465
221 4.055661
222 3.737931
223 4.031154
224 3.722223
225 3.792362
226 3.667871
227 3.881252
228 3.888065
229 3.567987
230 3.850466
231 3.666648
232 3.712520
233 3.566080
234 3.781644
235 3.609684
236 3.785193
237 3.484083
238 3.821493
239 3.405909
240 3.416906
241 3.585169
242 3.614609
243 3.748363
244 3.670493
245 3.748684
246 5.600338
247 4.600187
248 3.869756
249 3.426557
250 3.875423
251 3.843374
252 3.645105
253 3.840236
254 3.811311
255 3.868671
256 3.818298
257 3.793215
258 3.649563
259 3.701570
260 4.597893
261 3.443812
262 3.648751
263 3.862161
264 3.926079
265 3.888086
266 3.810224
267 3.661047
268 3.545773
269 3.768413
270 3.297880
271 3.589792
272 3.666344
273 3.769464
274 3.542018
275 3.556815
276 3.688005
277 3.944734
278 3.655486
279 3.385584
280 3.608957
281 3.597844
282 3.782728
283 3.724327
284 3.827204
285 3.778699
286 3.599043
287 3.447330
288 3.563230
289 3.659318
290 3.558231
291 3.491041
292 3.706261
293 3.749946
294 3.604065
295 3.608558
296 3.488122
297 3.636333
298 3.979009
299 3.370074
300 3.974495
301 3.667065
302 3.642021
303 3.932498
304 3.718142
305 3.812582
306 3.882551
307 3.705164
308 3.697178
309 3.670550
310 3.538247
311 3.754009
312 3.662197
313 3.832943
314 3.669198
315 3.566469
316 3.784644
317 3.731304
318 3.633918
319 3.480386
320 3.623450
321 3.800066
322 3.612735
323 3.710365
324 3.783978
325 3.672933
326 3.634075
327 3.776266
328 3.669579
329 3.550929
330 3.786330
331 3.527674
332 3.582297
333 3.769581
334 3.438665
335 3.902324
336 3.545088
337 3.730024
338 3.627413
339 3.815691
340 3.616270
341 3.657405
342 3.694374
343 3.786330
344 3.720712
345 3.714794
346 3.839716
347 3.617448
348 3.736700
349 3.405110
350 3.971913
351 3.680911
352 3.715396
353 3.710490
354 3.800107
355 3.752661
356 3.533863
357 3.821229
358 3.601599
359 3.682785
360 3.687197
361 3.708868
362 3.519345
363 3.746756
364 3.819335
365 3.904789
366 3.775093
367 3.714060
368 3.743963
369 3.856605
370 3.892782
371 3.636511
372 3.739655
373 3.606741
374 3.611067
375 3.547136
376 3.715830
377 3.783369
378 3.630398
379 4.031021
380 3.779763
381 3.539388
382 3.535054
383 3.828604
384 3.890789
385 3.838161
386 3.698932
387 3.862188
388 3.938880
389 3.798343
390 3.569985
391 3.820552
392 3.835654
393 3.674149
394 3.698261
395 3.875588
396 3.645726
397 3.968613
398 3.652302
399 3.721439
400 3.790812
401 3.839662
402 3.709568
403 3.944475
404 3.842323
405 3.872092
406 3.719115
407 3.706614
408 3.844716
409 3.592228
410 3.703217
411 3.960484
412 3.590739
413 3.631017
414 3.644764
415 3.528794
416 3.603075
417 4.006750
418 3.576209
419 3.784783
420 3.551602
421 3.764651
422 3.587257
423 3.940887
424 3.602246
425 3.642522
426 3.613490
427 3.821113
428 3.573974
429 3.480305
430 3.346716
431 3.725001
432 3.695505
433 3.523518
434 3.593186
435 3.807109
436 3.715222
437 3.664284
438 3.566513
439 3.491891
440 3.607803
441 3.877800
442 3.670342
443 3.595616
444 3.751887
445 3.513749
446 3.416037
447 3.696611
448 3.589026
449 3.762383
450 3.714957
451 3.538375
452 3.631885
453 3.582249
454 3.616196
455 3.879205
456 4.689660
457 5.441935
458 4.438435
459 5.341656
460 3.818772
461 3.811288
462 3.828488
463 3.615865
464 3.423814
465 3.705811
466 3.310782
467 3.508001
468 3.604754
469 3.782078
470 3.826296
471 3.610234
472 3.683016
473 3.687747
474 3.611510
475 3.559000
476 3.724880
477 3.520884
478 3.860104
479 3.485185
480 3.758978
481 3.633044
482 3.838682
483 3.647386
484 3.770341
485 3.629305
486 3.645861
487 3.542610
488 3.874972
489 3.743181
490 3.860636
491 3.858418
492 3.754976
493 3.841982
494 3.640858
495 3.906737
496 3.679806
497 3.814945
498 3.609277
499 3.361505
500 3.731320
501 3.823097
502 3.604910
503 3.585317
504 3.641645
505 3.680628
506 3.684535
507 3.680672
508 3.613531
509 3.472717
510 3.660515
511 3.394557
512 3.189808
513 3.365432
514 3.660640
515 3.620223
516 3.575265
517 3.657286
518 3.740908
519 3.869228
520 3.534318
521 3.587603
522 3.837132
523 3.569449
524 3.511097
525 3.788590
526 3.496026
527 3.494750
528 3.725438
529 3.709799
530 3.822318
531 4.009014
532 3.293061
533 3.508416
534 3.339373
535 3.685187
536 3.749315
537 3.510778
538 3.800184
539 3.761135
540 3.609136
541 3.577835
542 3.467937
543 3.806323
544 3.711794
545 3.290240
546 3.856271
547 3.871861
548 3.882895
549 3.618688
550 3.549916
551 3.456791
552 3.598750
553 3.698892
554 3.540199
555 3.840338
556 4.011431
557 3.781920
558 3.614748
559 3.762727
560 3.397483
561 3.578078
562 3.489498
563 3.917272
564 3.864517
565 3.853209
566 3.624000
567 3.626762
568 3.783477
569 3.604507
570 3.694222
571 3.664343
572 3.735896
573 3.588315
574 3.740482
575 3.562706
576 3.600197
577 3.690002
578 3.867443
579 3.701700
580 3.671811
581 3.713475
582 3.711040
583 3.778569
584 3.517809
585 3.698822
586 3.440158
587 3.550128
588 3.696808
589 3.672059
590 3.690683
591 3.559664
592 3.595567
593 3.428051
594 3.609354
595 3.653189
596 3.530901
597 3.449962
598 3.553267
599 3.795116
600 3.972472
601 3.584219
602 3.177734
603 3.455095
604 3.652857
605 3.401677
606 3.828696
607 3.722716
608 3.559565
609 3.732281
610 3.600358
611 3.684918
612 3.673121
613 3.688157
614 3.937482
615 3.702676
616 3.767509
617 3.788208
618 3.818107
619 3.397057
620 3.692735
621 3.686636
622 3.578349
623 3.707788
624 3.530640
625 3.819918
626 3.824933
627 3.582028
628 3.733284
629 3.605300
630 3.690557
631 3.598457
632 4.092307
633 3.534084
634 3.705468
635 3.780332
636 3.458992
637 3.788000
638 3.552951
639 3.581970
640 3.799282
641 3.804679
642 3.598403
643 3.581812
644 3.757301
645 3.480062
646 3.701258
647 3.756729
648 3.679257
649 3.576115
650 3.835386
651 3.871355
652 3.371702
653 3.664576
654 3.460549
655 3.758593
656 3.691422
657 3.857371
658 3.972732
659 3.648633
660 3.625258
661 3.627202
662 3.780088
663 3.759906
664 3.904787
665 3.452321
666 3.512560
667 3.678015
668 3.661542
669 3.523332
670 3.554222
671 3.744196
672 3.391533
673 3.796590
674 3.769206
675 3.700466
676 3.484033
677 3.454736
678 3.614026
679 3.653681
680 3.691853
681 3.711955
682 3.773556
683 3.580737
684 3.795727
685 3.738781
686 3.492135
687 3.551496
688 3.710333
689 3.564956
690 3.701902
691 3.844338
692 3.443337
693 3.571061
694 3.903089
695 3.371012
696 3.528367
697 3.755537
698 3.758540
699 3.467642
700 3.724128
701 3.790856
702 3.704728
703 3.742784
704 3.748104
705 3.529356
706 3.520353
707 3.530273
708 3.547692
709 3.880012
710 3.801550
711 3.598507
712 3.679525
713 3.525424
714 3.573862
715 3.588403
716 3.472765
717 3.961743
718 3.523331
719 3.768523
720 3.727734
721 3.706351
722 3.720548
723 3.651984
724 3.821267
725 3.968240
726 3.702558
727 3.734727
728 3.552943
729 3.682210
730 3.927861
731 3.613230
732 3.704130
733 3.633549
734 3.808096
735 3.961884
736 3.585778
737 3.651042
738 3.807494
739 3.827074
740 3.610165
741 3.739660
742 3.874290
743 3.413809
744 3.759894
745 3.773082
746 3.800906
747 3.815415
748 3.788625
749 3.715565
750 3.723585
751 3.624475
752 3.562160
753 4.128736
754 3.931555
755 4.014984
756 3.921733
757 4.039930
758 3.837240
759 3.404912
760 3.912653
761 3.576954
762 3.624689
763 3.885995
764 3.801379
765 3.994138
766 3.693074
767 3.761247
768 3.660904
769 3.761981
770 3.748387
771 3.786152
772 3.530963
773 3.673122
774 3.849080
775 3.498989
776 3.807914
777 3.721522
778 3.806979
779 3.675283
780 5.371211
781 5.117868
782 6.126682
783 6.041791
784 3.705001
785 4.764396
786 5.460413
787 3.827498
788 3.590231
789 4.195784
790 3.705819
791 3.700620
792 3.691542
793 3.731824
794 3.896025
795 3.583780
796 3.749286
797 3.770158
798 3.812951
799 3.599560
800 3.622123
801 3.622973
802 3.600071
803 3.690397
804 3.872840
805 3.549438
806 3.888069
807 3.399487
808 3.658427
809 3.886454
810 3.909427
811 5.192474
812 5.313178
813 6.152905
814 5.269866
815 5.063299
816 5.469161
817 5.586958
818 5.361988
819 5.353214
820 5.093260
821 5.804353
822 5.872665
823 5.834588
824 5.740915
825 5.502874
826 5.916866
827 3.850322
828 3.868411
829 3.635007
830 3.728984
831 3.857995
832 3.417692
833 3.670866
834 4.095082
835 4.709426
836 3.986397
837 3.697105
838 5.001360
839 5.877440
840 5.222087
841 3.936871
842 3.817514
843 3.333514
844 3.646644
845 3.570071
846 3.772052
847 3.665296
848 3.276907
849 3.439679
850 4.660225
851 3.866478
852 3.751836
853 3.864055
854 3.745341
855 3.976126
856 3.849753
857 3.738347
858 3.741336
859 3.946479
860 3.817028
861 3.677036
862 3.512959
863 3.565427
864 3.478811
865 3.457079
866 3.813256
867 3.762634
868 3.718614
869 3.679156
870 3.791444
871 3.607691
872 3.499680
873 3.677259
874 3.776312
875 3.448792
876 3.853703
877 3.803841
878 3.754902
879 3.846594
880 3.633907
881 3.807019
882 3.779450
883 3.806538
884 3.952454
885 6.055097
886 5.360494
887 5.394029
888 5.760345
889 6.529613
890 5.991567
891 6.735201
892 5.917882
893 5.875954
894 6.018875
895 7.191280
896 5.495796
897 6.297139
898 3.736962
899 3.506607
900 3.666141
901 3.667163
902 3.275680
903 3.702362
904 3.695197
905 3.743912
906 3.543448
907 3.959925
908 3.443993
909 3.577336
910 3.393893
911 3.531504
912 3.552269
913 3.605287
914 3.829693
915 4.792886
916 3.518094
917 3.573946
918 3.689268
919 3.779142
920 3.696349
921 3.597695
922 3.581689
923 4.054145
924 3.484837
925 3.334813
926 3.612108
927 3.729936
928 3.662594
929 3.705603
930 3.667834
931 3.622669
932 3.921253
933 3.803267
934 3.986235
935 5.659907
936 5.373768
937 5.911597
938 5.567482
939 8.901271
940 7.584174
941 3.692775
942 4.463607
943 4.936854
944 5.570325
945 4.523238
946 4.802064
947 5.364803
948 5.038685
949 4.676760
950 5.434191
951 3.535966
952 4.168102
953 4.881179
954 4.091626
955 4.249328
956 4.568950
957 4.887052
958 4.240149
959 5.501728
960 5.206556
961 5.902886
962 4.279722
963 4.116966
964 4.965660
965 4.887340
966 5.324006
967 5.566803
968 4.705423
969 5.361579
970 5.114785
971 5.314403
972 4.695035
973 5.313393
974 4.991602
975 5.236054
976 6.149162
977 5.465716
978 5.619911
979 6.291184
980 4.946279
981 4.719601
982 4.652579
983 4.315339
984 4.520682
985 4.332676
986 5.878924
987 5.652383
988 5.391670
989 5.030759
990 4.048627
991 4.083342
992 5.513182
993 7.520650
994 8.685915
995 7.254417
996 5.860486
997 4.815785
998 4.307307
999 4.904784
1000 5.580807
1001 5.141098
1002 5.782958
1003 5.784688
1004 4.338352
1005 4.945957
1006 3.788665
1007 4.735281
1008 4.092099
1009 5.022288
1010 4.754002
1011 8.321161
1012 8.167826
1013 9.205663
1014 9.358907
1015 8.330299
1016 7.654520
1017 5.583373
1018 6.339253
1019 6.835064
1020 5.248446
1021 7.351422
1022 6.062123
1023 7.138204
1024 6.765415
1025 7.983520
1026 7.531026
1027 5.805444
1028 5.843513
1029 6.469937
1030 6.202986
1031 5.941961
1032 7.284194
1033 7.402582
1034 8.403746
1035 8.241606
1036 7.763620
1037 7.777460
1038 8.448053
1039 7.794155
1040 8.861999
1041 9.535542
1042 9.077736
1043 9.439041
1044 9.618492
1045 8.531247
1046 8.716718
1047 8.785680
1048 8.008698
1049 9.592216
1050 8.569608
1051 9.326508
1052 8.629857
1053 8.529350
1054 7.987747
1055 9.490417
1056 8.656816
1057 9.298977
1058 8.665027
1059 8.742248
1060 7.729080
1061 7.740134
1062 7.852146
1063 7.171634
1064 4.235639
1065 6.145973
1066 6.165818
1067 6.610004
1068 5.214215
1069 4.199974
1070 5.280024
1071 4.686178
1072 5.551035
1073 5.121481
1074 6.119155
1075 6.673177
1076 8.738390
1077 8.037017
1078 8.938787
1079 8.824908
1080 8.345044
1081 8.420319
1082 6.281043
1083 5.043907
1084 6.985618
1085 5.420672
1086 4.314277
1087 4.475151
1088 6.252794
1089 6.586120
1090 3.974091
1091 6.930317
1092 8.073228
1093 8.211374
1094 9.900841
1095 8.627644
1096 8.499802
1097 8.921912
1098 8.141630
1099 8.410601
1100 8.338067
1101 6.601662
1102 3.781340
1103 3.823431
1104 4.895040
1105 4.886160
1106 6.730112
1107 5.001301
1108 8.253802
1109 7.249960
1110 7.013393
1111 8.751380
1112 8.152172
1113 9.398621
1114 9.182009
1115 8.787820
1116 9.669639
1117 8.110891
1118 10.810867
1119 11.732886
1120 11.509590
1121 12.918977
1122 11.026322
1123 11.576745
1124 11.135242
1125 11.010575
1126 12.544337
1127 11.997677
1128 12.676828
1129 11.277435
1130 12.454435
1131 11.807372
1132 12.409277
1133 11.164812
1134 8.654138
1135 9.563004
1136 11.020004
1137 10.703150
1138 10.522930
1139 11.842918
1140 11.084432
1141 12.014770
1142 12.484299
1143 11.144948
1144 12.760830
1145 13.047394
1146 9.829938
1147 10.358037
1148 8.752652
1149 9.664000
1150 8.359108
1151 9.116303
1152 7.987067
1153 8.311762
1154 9.683166
1155 10.603349
1156 9.763861
1157 10.516294
1158 10.583646
1159 9.914008
1160 10.238331
1161 11.068523
1162 11.331569
1163 11.699290
1164 12.455770
1165 9.390481
1166 10.347647
1167 10.387907
1168 8.546170
1169 8.523210
1170 5.980646
1171 7.522009
1172 8.950741
1173 9.650301
1174 10.580516
1175 11.260587
1176 10.321162
1177 10.727056
1178 10.606271
1179 10.555929
1180 10.411006
1181 10.427476
1182 10.584179
1183 9.223310
1184 8.807386
1185 8.684813
1186 9.107439
1187 9.108483
1188 10.145528
1189 9.176895
1190 8.831281
1191 9.276947
1192 9.993322
1193 10.981119
1194 11.598145
1195 10.642605
1196 11.917865
1197 7.096061
1198 9.496038
1199 9.499008
1200 10.061455
1201 9.804597
1202 9.205099
1203 7.253870
1204 6.699070
1205 7.952935
1206 3.842220
1207 4.798090
1208 3.515078
1209 3.433264
1210 3.997809
1211 6.568174
1212 7.714527
1213 5.633170
1214 3.882536
1215 5.232749
1216 5.504355
1217 5.631529
1218 5.608933
1219 4.670214
1220 6.097236
1221 5.503474
1222 5.932467
1223 3.868371
1224 7.357977
1225 5.215194
1226 5.740196
1227 5.546207
1228 5.019081
1229 4.037463
1230 5.534270
1231 7.170031
1232 6.539385
1233 4.510447
1234 5.268528
1235 4.660838
1236 5.872333
1237 5.965086
1238 5.745493
1239 8.633999
1240 6.687222
1241 6.935782
1242 5.714875
1243 8.127915
1244 7.336958
1245 5.590790
1246 6.976979
1247 5.224298
1248 6.250682
1249 6.687476
1250 5.410070
1251 5.669120
1252 9.176342
1253 8.805840
1254 8.950633
1255 9.152670
1256 7.540782
1257 8.500832
1258 7.572845
1259 9.303357
1260 7.700734
1261 5.241918
1262 5.046604
1263 4.002134
1264 3.898860
1265 6.306909
1266 5.093636
1267 5.161570
1268 6.165915
1269 5.832355
1270 6.194485
1271 5.336300
1272 5.420787
1273 7.052840
1274 5.868715
1275 4.770502
1276 5.678476
1277 5.107100
1278 4.156415
1279 5.745615
1280 6.144870
1281 7.554614
1282 5.514102
1283 5.531475
1284 5.467826
1285 5.836278
1286 5.398821
1287 4.523934
1288 5.331657
1289 4.818682
1290 5.474408
1291 6.098938
1292 5.544100
1293 5.919069
1294 5.169420
1295 4.719866
1296 4.554494
1297 5.219254
1298 5.626241
1299 5.234712
1300 4.075426
1301 5.176260
1302 4.935525
1303 5.734611
1304 5.216030
1305 4.971176
1306 5.237842
1307 5.849551
1308 5.844773
1309 6.208843
1310 6.657584
1311 6.103924
1312 6.434334
1313 5.670119
1314 6.574525
1315 6.570319
1316 6.225588
1317 6.400919
1318 7.401330
1319 7.419197
1320 5.142315
1321 6.088788
1322 5.724969
1323 5.314984
1324 6.206201
1325 5.645809
1326 5.480273
1327 6.197563
1328 6.482207
1329 6.494374
1330 6.147311
1331 6.239301
1332 6.243829
1333 6.446245
1334 6.034814
1335 5.115720
1336 4.704304
1337 6.412188
1338 5.166296
1339 3.869846
1340 4.794425
1341 6.208445
1342 5.891970
1343 5.885755
1344 5.330476
1345 6.803047
1346 6.386824
1347 5.880153
1348 5.051783
1349 5.729991
1350 5.551019
1351 5.062024
1352 5.214042
1353 4.980090
1354 5.338362
1355 4.975477
1356 5.626917
1357 5.672001
1358 5.632203
1359 5.328979
1360 5.510880
1361 6.800258
1362 5.649928
1363 5.615745
1364 5.154618
1365 5.154812
1366 6.666903
1367 7.414806
1368 7.268927
1369 8.406525
1370 7.987883
1371 7.351086
1372 8.063071
1373 6.537721
1374 7.003236
1375 7.513882
1376 7.539824
1377 7.622161
1378 8.218822
1379 9.121257
1380 7.718415
1381 7.829314
1382 8.836181
1383 7.242418
1384 8.074338
1385 8.796188
1386 9.580162
1387 8.740437
1388 8.347659
1389 8.851995
1390 9.473093
1391 9.053817
1392 8.352332
1393 5.452206
1394 5.242766
1395 6.426649
1396 5.602578
1397 5.356234
1398 8.597448
1399 9.582120
1400 8.266973
1401 8.766879
1402 8.218572
1403 6.886009
1404 8.286282
1405 7.819421
1406 8.722509
1407 8.187243
1408 7.800622
1409 7.482794
1410 8.538389
1411 8.284429
1412 8.915729
1413 10.169956
1414 8.121250
1415 8.783086
1416 7.886980
1417 8.697341
1418 7.928972
1419 8.102380
1420 7.942506
1421 7.908943
1422 7.494190
1423 5.658384
1424 7.105762
1425 5.445592
1426 7.648590
1427 7.183859
1428 7.599173
1429 6.559782
1430 7.665905
1431 7.172132
1432 9.205245
1433 8.420938
1434 9.138199
1435 8.407974
1436 7.102705
1437 7.793893
1438 7.819569
1439 7.003755
1440 6.137371
1441 8.408084
1442 7.603245
1443 8.219670
1444 5.724702
1445 5.312871
1446 4.703615
1447 7.302341
1448 7.698147
1449 7.892912
1450 6.540781
1451 5.167254
1452 5.766665
1453 5.721325
1454 5.151931
1455 5.491167
1456 5.454958
1457 7.853233
1458 8.211805
1459 6.745859
1460 8.838867
1461 7.723428
1462 5.884226
1463 5.586552
1464 6.178496
1465 5.449443
1466 5.579349
1467 5.184801
1468 4.865506
1469 6.373423
1470 6.241573
1471 5.678477
1472 4.833279
1473 5.491354
1474 5.261390
1475 4.887219
1476 5.673966
1477 5.353824
1478 6.468293
1479 6.680980
1480 6.269995
1481 4.461087
1482 5.112196
1483 7.009772
1484 6.060812
1485 5.652443
1486 7.066715
1487 6.008175
1488 6.171198
1489 6.915287
1490 7.125808
1491 6.925091
1492 6.385131
1493 5.671843
1494 4.280527
1495 5.695402
1496 4.369877
1497 5.538171
1498 5.062857
1499 5.435985
1500 5.081896
1501 5.127287
1502 5.018065
1503 5.220911
1504 4.877922
1505 5.187270
1506 5.498265
1507 3.612993
1508 3.879833
1509 4.451943
1510 4.131544
1511 4.861530
1512 4.111701
1513 5.906851
1514 5.348653
1515 5.532894
1516 5.516102
1517 6.104008
1518 5.401264
1519 3.987402
1520 4.348639
1521 3.711791
1522 5.695590
1523 4.074379
1524 5.429576
1525 4.458887
1526 5.653267
1527 4.638430
1528 4.482200
1529 4.204278
1530 4.053505
1531 5.837438
1532 4.960217
1533 4.098507
1534 7.174475
1535 6.236837
1536 6.146856
1537 6.846766
1538 8.734237
1539 7.941371
1540 9.197857
1541 8.433106
1542 4.684491
1543 4.158850
1544 4.375968
1545 3.546056
1546 5.036162
1547 5.438794
1548 4.682915
1549 6.055086
1550 6.407269
1551 5.850499
1552 4.826023
1553 5.296841
1554 5.204956
1555 4.043217
1556 3.937630
1557 6.177784
1558 5.633377
1559 5.403183
1560 6.509409
1561 5.196281
1562 5.330038
1563 5.512587
1564 6.224323
1565 5.999893
1566 5.042799
1567 6.242260
1568 5.562596
1569 5.761459
1570 6.133628
1571 7.086504
1572 5.515367
1573 5.901194
1574 5.381170
1575 5.149768
1576 6.245192
1577 5.442474
1578 4.600016
1579 4.908146
1580 5.214262
1581 6.647631
1582 5.126076
1583 5.210625
1584 5.861586
1585 4.309281
1586 5.541073
1587 5.042457
1588 6.620528
1589 5.859853
1590 5.622645
1591 5.713616
1592 4.282812
1593 3.905529
1594 3.892321
1595 3.825238
1596 3.921043
1597 3.908628
1598 3.797102
1599 5.713475
1600 4.993280
1601 6.531201
1602 6.347179
1603 5.506819
1604 5.412776
1605 6.932865
1606 6.269995
1607 5.796468
1608 5.170765
1609 5.361428
1610 5.213955
1611 5.332625
1612 5.555052
1613 6.097191
1614 6.607225
1615 5.576603
1616 6.435932
1617 5.495949
1618 5.233919
1619 5.359571
1620 5.220968
1621 5.294761
1622 5.150893
1623 4.743565
1624 5.411475
1625 3.704432
1626 4.531186
1627 4.111376
1628 3.927852
1629 6.143576
1630 4.031624
1631 4.408764
1632 3.892328
1633 5.840667
1634 5.246739
1635 4.854119
1636 5.497717
1637 5.436423
1638 6.434003
1639 6.847577
1640 5.893527
1641 6.368781
1642 5.336691
1643 4.683129
1644 4.511581
1645 3.824253
1646 4.266099
1647 5.316941
1648 3.957500
1649 3.824776
1650 5.909326
1651 7.798908
1652 6.237974
1653 8.191881
1654 5.647143
1655 5.528788
1656 5.607623
1657 5.183711
1658 6.760606
1659 3.881026
1660 4.627031
1661 3.685082
1662 5.301179
1663 5.811113
1664 5.150763
1665 6.628680
1666 6.090360
1667 6.662154
1668 6.399882
1669 5.579075
1670 5.092246
1671 6.602430
1672 3.905923
1673 3.572630
1674 6.078121
1675 5.933452
1676 5.395824
1677 4.635823
1678 5.414989
1679 5.233203
1680 4.845185
1681 3.983275
1682 7.487417
1683 5.828881
1684 6.431184
1685 5.332139
1686 5.873204
1687 6.427462
1688 5.571044
1689 5.372091
1690 6.156634
1691 8.269914
1692 5.766144
1693 5.225599
1694 6.237138
1695 7.470633
1696 5.536941
1697 7.457975
1698 7.946705
1699 8.638716
1700 10.999896
1701 9.218405
1702 11.221744
1703 8.797870
1704 9.530908
1705 11.143469
1706 11.823788
1707 10.373978
1708 10.387420
1709 11.120871
1710 8.218230
1711 8.220140
1712 9.932724
1713 9.326827
1714 8.899383
1715 10.997409
1716 8.982053
1717 9.757206
1718 8.187189
1719 10.417374
1720 9.772868
1721 9.970009
1722 9.020853
1723 10.079782
1724 8.771877
1725 9.087016
1726 7.263961
1727 7.949266
1728 8.909396
1729 9.130725
1730 10.635976
1731 8.901760
1732 9.508718
1733 10.058301
1734 9.319109
1735 9.351113
1736 11.549555
1737 11.166190
1738 11.292926
1739 9.797194
1740 10.496366
1741 11.220219
1742 11.760331
1743 9.490649
1744 9.821481
1745 9.472201
1746 9.527458
1747 10.390674
1748 9.464405
1749 11.079150
1750 10.164498
1751 10.574400
1752 10.578116
1753 9.522959
1754 10.935246
1755 10.318550
1756 9.442809
1757 9.840408
1758 11.194117
1759 11.971176
1760 11.390000
1761 9.904166
1762 9.464083
1763 9.811240
1764 11.235555
1765 10.860761
1766 11.476566
1767 11.676022
1768 10.413240
1769 10.677240
1770 12.162030
1771 12.569575
1772 11.757501
1773 10.857712
1774 10.832364
1775 10.593252
1776 10.280332
1777 10.825612
1778 10.714817
1779 10.636473
1780 12.174868
1781 11.575510
1782 11.405460
1783 9.904662
1784 7.289249
1785 7.611709
1786 10.766085
1787 9.360826
1788 8.054850
1789 9.570066
1790 9.960551
1791 11.663533
1792 11.890782
1793 10.969279
1794 10.995938
1795 10.964181
1796 10.040329
1797 10.922603
1798 9.634013
1799 8.607215
1800 8.390597
1801 11.934836
1802 10.790961
1803 7.252899
1804 8.030409
1805 7.810698
1806 8.457223
1807 9.537573
1808 10.702093
1809 9.712143
1810 8.725196
1811 8.465033
1812 9.120927
1813 8.901522
1814 8.619394
1815 10.483082
1816 8.539502
1817 9.496077
1818 9.205110
1819 7.690099
1820 8.129044
1821 9.652776
1822 9.677078
1823 9.229405
1824 14.064886
1825 11.235902
1826 12.165895
1827 8.980280
1828 7.445542
1829 6.685087
1830 10.130320
1831 9.065349
1832 8.807239
1833 7.177927
1834 6.339470
1835 5.721767
1836 6.028121
1837 6.308670
1838 6.270420
1839 5.736563
1840 6.087381
1841 5.891029
1842 5.355988
1843 6.420391
1844 5.188583
1845 5.788101
1846 6.046757
1847 5.963127
1848 6.608417
1849 6.619563
1850 6.040556
1851 6.152927
1852 6.761265
1853 7.186174
1854 6.092746
1855 6.067138
1856 5.989500
1857 7.321537
1858 6.887349
1859 5.789268
1860 5.275312
1861 6.347595
1862 6.459269
1863 6.362155
1864 6.684053
1865 6.388630
1866 6.648365
1867 6.507049
1868 6.527524
1869 7.038758
1870 6.419099
1871 6.509979
1872 5.678691
1873 6.151433
1874 6.608243
1875 6.549462
1876 5.945503
1877 6.946757
1878 6.229526
1879 6.582865
1880 6.482429
1881 7.201201
1882 7.637859
1883 5.769097
1884 5.508158
1885 5.738868
1886 6.489418
1887 5.584239
1888 5.851434
1889 6.878175
1890 7.106173
1891 6.873819
1892 6.284804
1893 6.675458
1894 6.720036
1895 5.696673
1896 6.145645
1897 6.561718
1898 6.212919
1899 5.723502
1900 5.696410
1901 5.787166
1902 5.868304
1903 6.716819
1904 6.010997
1905 6.363052
1906 5.366620
1907 5.631604
1908 6.090950
1909 5.176626
1910 5.934696
1911 6.202911
1912 5.682580
1913 5.836956
1914 5.835072
1915 5.668581
1916 5.767960
1917 5.431260
1918 5.721871
1919 6.019080
1920 5.468570
1921 6.054440
1922 5.350114
1923 6.682250
1924 6.508786
1925 5.948395
1926 5.885900
1927 6.670018
1928 6.579285
1929 6.074783
1930 5.699550
1931 5.840587
1932 6.292042
1933 6.307587
1934 5.760207
1935 5.510613
1936 6.165339
1937 5.583803
1938 5.465400
1939 5.676206
1940 6.419533
1941 5.603729
1942 6.304708
1943 6.368496
1944 5.924540
1945 6.359096
1946 6.231066
1947 6.069142
1948 6.188021
1949 6.519824
1950 7.068297
1951 6.912486
1952 5.986484
1953 7.503481
1954 7.288570
1955 7.251215
1956 7.727378
1957 7.013453
1958 6.108032
1959 6.618947
1960 8.168485
1961 7.617906
1962 8.413764
1963 7.921227
1964 8.159558
1965 7.719252
1966 7.419237
1967 7.904350
1968 8.384587
1969 8.193702
1970 8.245514
1971 8.155622
1972 6.869907
1973 5.975378
1974 7.907899
1975 8.198083
1976 7.945957
1977 6.295301
1978 5.996719
1979 7.026316
1980 7.903887
1981 6.888587
1982 6.130909
1983 5.509436
1984 7.839607
1985 5.580163
1986 6.336405
1987 7.640986
1988 7.654999
1989 5.917610
1990 6.203778
1991 6.050039
1992 6.145356
1993 6.013953
1994 5.479761
1995 5.697282
1996 6.441795
1997 8.053061
1998 5.804738
1999 5.414259
2000 5.543081
2001 6.281231
2002 5.774117
2003 6.183643
2004 7.127053
2005 6.797564
2006 6.897171
2007 6.771628
2008 6.920187
2009 8.394206
2010 6.843040
2011 8.313210
2012 8.000008
2013 9.171859
2014 9.180014
2015 9.861214
2016 9.067395
2017 8.033328
2018 8.662677
2019 10.475596
2020 8.266465
2021 8.154597
2022 8.049726
2023 7.997754
2024 8.039487
2025 6.403032
2026 8.276192
2027 7.975698
2028 8.343942
2029 7.853062
2030 7.231028
2031 7.980911
2032 6.876284
2033 9.645992
2034 8.450148
2035 7.304943
2036 9.186280
2037 10.369482
2038 9.205709
2039 9.708187
2040 7.900968
2041 8.255630
2042 6.976602
2043 7.107327
2044 6.495324
2045 5.851913
2046 7.603033
2047 6.711002
2048 7.780935
2049 6.336947
2050 7.837712
2051 7.217714
2052 10.160735
2053 10.185900
2054 9.124002
2055 7.686983
2056 9.123894
2057 7.906271
2058 7.907169
2059 8.204853
2060 9.250868
2061 9.050717
2062 8.035630
2063 8.412970
2064 8.977405
2065 8.916940
2066 9.971810
2067 8.455158
2068 6.120217
2069 9.039709
2070 7.843554
2071 9.356119
2072 9.126475
2073 9.163458
2074 10.339430
2075 11.442852
2076 9.054396
2077 7.958735
2078 9.188409
2079 8.426322
2080 8.440132
2081 7.851176
2082 7.793554
2083 7.537084
2084 6.562781
2085 8.046918
2086 9.748735
2087 7.116697
2088 6.125412
2089 7.457308
2090 8.087199
2091 7.183442
2092 6.072192
2093 6.920361
2094 9.443465
2095 7.327638
2096 7.479774
2097 10.148779
2098 9.992603
2099 11.792515
2100 10.301044
2101 10.342382
2102 9.897704
2103 7.860827
2104 9.380092
2105 10.042962
2106 10.014139
2107 8.863377
2108 8.371080
2109 8.366246
2110 8.797075
2111 8.335040
2112 8.290295
2113 7.902057
2114 8.612768
2115 11.442709
2116 10.930904
2117 9.222292
2118 9.477307
2119 9.890115
2120 10.745957
2121 8.747920
2122 7.524518
2123 7.008144
2124 3.752083
2125 6.559165
2126 8.200575
2127 8.794897
2128 8.215630
2129 7.843520
2130 7.783410
2131 8.347722
2132 6.722453
2133 8.259801
2134 6.569602
2135 6.482443
2136 8.761105
2137 7.394063
2138 7.737273
2139 6.743660
2140 8.557251
2141 7.453413
2142 6.873879
2143 7.874555
2144 6.554160
2145 10.171284
2146 7.108652
2147 7.059168
2148 7.032328
2149 7.596428
2150 7.988466
2151 7.164196
2152 7.077928
2153 5.587754
2154 5.733860
2155 7.824479
2156 6.041279
2157 6.274651
2158 5.785023
2159 5.376553
2160 5.703156
2161 5.767920
2162 6.616749
2163 8.083217
2164 5.723656
2165 8.095543
2166 7.683807
2167 7.620948
2168 7.183078
2169 7.633845
2170 7.303499
2171 7.529864
2172 7.181176
2173 7.862552
2174 6.920042
2175 7.597691
2176 7.560815
2177 7.691250
2178 8.100086
2179 7.532575
2180 7.685445
2181 7.426233
2182 8.054138
2183 7.984460
2184 7.873856
2185 8.453794
2186 7.256044
2187 8.021665
2188 7.980103
2189 7.827527
2190 7.302719
2191 7.627657
2192 7.452210
2193 8.025276
2194 7.518671
2195 8.768538
2196 7.304117
2197 7.811296
2198 8.753452
2199 7.591421
2200 10.099876
2201 8.467266
2202 8.086185
2203 6.880506
2204 7.358319
2205 8.510574
2206 9.117476
2207 11.046152
2208 9.819118
2209 10.381975
2210 9.574972
2211 8.662251
2212 10.061188
2213 10.459797
2214 9.814613
2215 8.851419
2216 10.983245
2217 9.935422
2218 8.268768
2219 10.344240
2220 10.533369
2221 10.098574
2222 10.515176
2223 11.437249
2224 10.457491
2225 10.154267
2226 8.881836
2227 9.075516
2228 7.948331
2229 9.442819
2230 8.477088
2231 9.920915
2232 8.814998
2233 7.843677
2234 8.638728
2235 6.990314
2236 8.181107
2237 8.101030
2238 9.883828
2239 9.329447
2240 7.123380
2241 7.840277
2242 7.441724
2243 8.713656
2244 8.432559
2245 8.875120
2246 8.159056
2247 8.414710
2248 8.566010
2249 7.437935
2250 7.123877
2251 8.166529
2252 7.937664
2253 7.937010
2254 9.277638
2255 7.452477
2256 9.039012
2257 8.796390
2258 8.857779
2259 7.733323
2260 9.055985
2261 9.224495
2262 7.969377
2263 11.735490
2264 12.920512
2265 12.243338
2266 12.265009
2267 12.408038
2268 9.195354
2269 9.908471
2270 10.822928
2271 7.417848
2272 9.101090
2273 8.515702
2274 5.782015
2275 7.137981
2276 5.497170
2277 5.723722
2278 5.623820
2279 7.586736
2280 7.081266
2281 8.337373
2282 6.770000
2283 7.314214
2284 7.760448
2285 6.899485
2286 6.398651
2287 6.292436
2288 7.979789
2289 7.628542
2290 7.796019
2291 6.079788
2292 7.321737
2293 6.784757
2294 5.490617
2295 5.654505
2296 5.512616
2297 5.594996
2298 7.834539
2299 6.775080
2300 7.258162
2301 7.440437
2302 7.943334
2303 6.748013
2304 6.844748
2305 7.343751
2306 6.869892
2307 7.068295
2308 10.121668
2309 7.100969
2310 8.658143
2311 9.061758
2312 7.571272
2313 7.735773
2314 8.287727
2315 7.081221
2316 8.472915
2317 8.110676
2318 12.681399
2319 10.264335
2320 9.862679
2321 10.570246
2322 9.330470
2323 10.105217
2324 7.170672
2325 9.301980
2326 9.778901
2327 8.964787
2328 10.566980
2329 10.717121
2330 11.159261
2331 10.229808
2332 10.516112
2333 10.476266
2334 11.116280
2335 10.360557
2336 10.337216
2337 10.505327
2338 11.526200
2339 12.345644
2340 11.712452
2341 11.377666
2342 10.573568
2343 11.493462
2344 11.291568
2345 13.146285
2346 10.972775
2347 10.468455
2348 9.634110
2349 7.706215
2350 10.566414
2351 10.094703
2352 9.129844
2353 8.334413
2354 9.266471
2355 8.019643
2356 8.029316
2357 8.861816
2358 12.263774
2359 10.977548
2360 10.978207
2361 8.757972
2362 8.542775
2363 9.919003
2364 3.822053
2365 3.677856
2366 5.844296
2367 5.294652
2368 5.336559
2369 6.216952
2370 6.070924
2371 6.905685
2372 6.510774
2373 6.016096
2374 7.570168
2375 6.375376
2376 6.227459
2377 5.991046
2378 7.637631
2379 7.982620
2380 7.004716
2381 6.928690
2382 6.370787
2383 6.757359
2384 6.590971
2385 6.381329
2386 8.055019
2387 7.845127
2388 7.377236
2389 6.264338
2390 7.655900
2391 6.230804
2392 6.609854
2393 6.927529
2394 5.592717
2395 7.096793
2396 7.309517
2397 6.686899
2398 5.627102
2399 6.308611
2400 7.780106
2401 6.704067
2402 8.144111
2403 7.738152
2404 7.191871
2405 8.050213
2406 7.228420
2407 6.905474
2408 7.215017
2409 6.976405
2410 7.480567
2411 7.481667
2412 7.968750
2413 7.610439
2414 8.343630
2415 9.028701
2416 7.889570
2417 7.135735
2418 11.340550
2419 8.744879
2420 8.414145
2421 8.092256
2422 8.227038
2423 9.311330
2424 9.751278
2425 9.039440
2426 8.535603
2427 9.070285
2428 8.930807
2429 6.467284
2430 5.704646
2431 6.762444
2432 7.200037
2433 6.764163
2434 7.418371
2435 11.388847
2436 12.247366
2437 9.857226
2438 12.109718
2439 11.023366
2440 9.919598
2441 10.763864
2442 7.446839
2443 7.625775
2444 7.711862
2445 8.283063
2446 8.015414
2447 7.194368
2448 8.246762
2449 7.923746
2450 7.888020
2451 7.923502
2452 8.529343
2453 7.199317
2454 7.664577
2455 9.019639
2456 8.119538
2457 9.706704
2458 10.315599
2459 10.770304
2460 8.389191
2461 8.371832
2462 6.232407
2463 6.100031
2464 4.768741
2465 6.530465
2466 6.420098
2467 6.427241
2468 6.543921
2469 5.429667
2470 7.028182
2471 6.292923
2472 5.946481
2473 5.733620
2474 3.755921
2475 4.950902
2476 5.656981
2477 7.947157
2478 7.689742
2479 5.187620
2480 6.117392
2481 5.959341
2482 4.754587
2483 7.231632
2484 6.566473
2485 5.626684
2486 7.053291
2487 5.192786
2488 5.733455
2489 7.927885
2490 4.510556
2491 7.661805
2492 4.485771
2493 6.435700
2494 7.642317
2495 5.606291
2496 5.425794
2497 7.285396
2498 8.173142
2499 7.990267
2500 5.495933
2501 5.501436
2502 5.101821
2503 5.849835
2504 5.293445
2505 5.339257
2506 5.026142
2507 5.808484
2508 5.153229
2509 5.593453
2510 4.596802
2511 4.772846
2512 5.446715
2513 3.808384
2514 5.154747
2515 5.442088
2516 5.538234
2517 4.764381
2518 5.732967
2519 4.769824
2520 5.821101
2521 4.572662
2522 5.152573
2523 5.640450
2524 4.674818
2525 5.494414
2526 5.208886
2527 5.295782
2528 4.325214
2529 5.143281
2530 5.420062
2531 5.483766
2532 5.198537
2533 5.171700
2534 5.504088
2535 5.437666
2536 5.245295
2537 5.441734
2538 6.897593
2539 5.355417
2540 6.945687
2541 6.901488
2542 4.964454
2543 7.288546
2544 5.236506
2545 4.716895
2546 5.201337
2547 5.106603
2548 5.629156
2549 5.870015
2550 5.560438
2551 4.669027
2552 5.112505
2553 6.577925
2554 5.141925
2555 6.733116
2556 6.293186
2557 5.792415
2558 5.929125
2559 6.536849
2560 7.390413
2561 7.772017
2562 7.124642
2563 8.778320
2564 10.772621
2565 11.260358
2566 10.663926
2567 10.253674
2568 11.554450
2569 9.982684
2570 7.611166
2571 8.876749
2572 8.659849
2573 9.197529
2574 8.511963
2575 9.264155
2576 7.469360
2577 9.286255
2578 7.085120
2579 7.475050
2580 7.987495
2581 8.319539
2582 8.301900
2583 7.939124
2584 10.444407
2585 8.149585
2586 10.189352
2587 10.990897
2588 8.685187
2589 8.937127
2590 9.025640
2591 9.640502
2592 7.333688
2593 10.446108
2594 8.675233
2595 8.782928
2596 9.942366
2597 9.549802
2598 7.941118
2599 8.611507
2600 7.875848
2601 8.063292
2602 8.336568
2603 7.850828
2604 7.586703
2605 8.043467
2606 8.572971
2607 7.753986
2608 10.425941
2609 8.754105
2610 10.621777
2611 10.972154
2612 9.935756
2613 10.497944
2614 11.076504
2615 11.781672
2616 11.497750
2617 10.956560
2618 11.055197
2619 11.194828
2620 12.017280
2621 11.216478
2622 12.070768
2623 11.061777
2624 11.505652
2625 9.873465
2626 10.781773
2627 9.571005
2628 9.650464
2629 10.478868
2630 11.405959
2631 10.056957
2632 9.863448
2633 11.705121
2634 11.642175
2635 10.994224
2636 11.296215
2637 10.647867
2638 9.034387
2639 7.539893
2640 6.670897
2641 7.255487
2642 6.414643
2643 9.783311
2644 8.967642
2645 8.997388
2646 9.082216
2647 8.538566
2648 7.573415
2649 7.805963
2650 8.132494
2651 10.199575
2652 9.064083
2653 8.264721
2654 8.939641
2655 10.399555
2656 9.724964
2657 9.868297
2658 10.056526
2659 7.345293
2660 7.160628
2661 7.360585
2662 7.915884
2663 7.800260
2664 7.550956
2665 8.134637
2666 7.616847
2667 8.980031
2668 8.767148
2669 8.019882
2670 8.120774
2671 7.655093
2672 8.831522
2673 7.915519
2674 8.257563
2675 8.829104
2676 8.375086
2677 7.846148
2678 7.956432
2679 9.779929
2680 8.613817
2681 7.721363
2682 8.414608
2683 8.929471
2684 8.204471
2685 7.318213
2686 7.993107
2687 8.369219
2688 8.575678
2689 8.590569
2690 8.710422
2691 9.344830
2692 8.197141
2693 8.129308
2694 8.639177
2695 7.641269
2696 8.204926
2697 10.361023
2698 7.917961
2699 8.998978
2700 8.052707
2701 8.766077
2702 9.294595
2703 8.568978
2704 8.435075
2705 9.873298
2706 9.552017
2707 8.548650
2708 10.551265
2709 8.539217
2710 9.389023
2711 8.351604
2712 9.736740
2713 9.291002
2714 8.859400
2715 9.581488
2716 10.218300
2717 11.076775
2718 10.297538
2719 11.916728
2720 11.715232
2721 10.678226
2722 11.697865
2723 10.975264
2724 9.848567
2725 10.122098
2726 11.690010
2727 11.781602
2728 11.243780
2729 10.074972
2730 10.702250
2731 10.950704
2732 9.702935
2733 10.488752
2734 9.037372
2735 9.454215
2736 9.858659
2737 7.707884
2738 9.539093
2739 9.925337
2740 9.962136
2741 9.701190
2742 10.489317
2743 10.767462
2744 11.594184
2745 10.209218
2746 8.178584
2747 9.929002
2748 7.837586
2749 7.940650
2750 8.913179
2751 8.381751
2752 9.252748
2753 8.634638
2754 8.282808
2755 9.339234
2756 9.852780
2757 9.534908
2758 10.295030
2759 12.146610
2760 10.902545
2761 10.990746
2762 9.789589
2763 11.526674
2764 11.581079
2765 10.630586
2766 10.270003
2767 10.026139
2768 9.687748
2769 9.347354
2770 9.045440
2771 9.308278
2772 9.567936
2773 9.138334
2774 9.992405
2775 8.036933
2776 6.967890
2777 8.363978
2778 8.504133
2779 9.295520
2780 9.834765
2781 10.207658
2782 9.799745
2783 10.047234
2784 9.368490
2785 9.910531
2786 10.719449
2787 9.435692
2788 8.229688
2789 8.845492
2790 9.133085
2791 9.423694
2792 8.469205
2793 9.249553
2794 8.385146
2795 9.308836
2796 6.260655
2797 7.827902
2798 8.827351
2799 11.057610
2800 10.202282
2801 8.479986
2802 10.025195
2803 10.879016
2804 7.339175
2805 7.390272
2806 7.809723
2807 9.425888
2808 9.903728
2809 7.141886
2810 9.359852
2811 8.460172
2812 7.916641
2813 8.995758
2814 8.807021
2815 9.735489
2816 8.723498
2817 8.688869
2818 9.930540
2819 8.816877
2820 9.516439
2821 6.907682
2822 6.971093
2823 7.667682
2824 6.667336
2825 5.262328
2826 8.431262
2827 8.185976
2828 9.628983
2829 8.246464
2830 9.052054
2831 7.746858
2832 7.404724
2833 8.682203
2834 8.335616
2835 9.290933
2836 8.537412
2837 9.583471
2838 7.565055
2839 7.744509
2840 8.155753
2841 7.982550
2842 10.477244
2843 10.021345
2844 9.771437
2845 8.528982
2846 8.330729
2847 7.771401
2848 6.971557
2849 7.475606
2850 6.045369
2851 6.188846
2852 5.555414
2853 7.965563
2854 5.985460
2855 6.290732
2856 8.174207
2857 8.546009
2858 8.748602
2859 9.859080
2860 8.662759
2861 7.465045
2862 7.819705
2863 7.698742
2864 6.851265
2865 6.262051
2866 7.585096
2867 8.164268
2868 8.533485
2869 9.773325
2870 7.335363
2871 8.295626
2872 8.488548
2873 9.160680
2874 8.612580
2875 8.681049
2876 7.123966
2877 7.738038
2878 7.494431
2879 9.556010
2880 9.028609
2881 9.150200
2882 7.980685
2883 9.926631
2884 8.239968
2885 8.200447
2886 8.179963
2887 8.166484
2888 9.953107
2889 8.316795
2890 8.861497
2891 7.909423
2892 9.056093
2893 7.289096
2894 8.325446
2895 11.373747
2896 10.834550
2897 9.104031
2898 9.037840
2899 8.211736
2900 8.862901
2901 9.151443
2902 8.240301
2903 8.834819
2904 9.037577
2905 9.066299
2906 9.752235
2907 8.590800
2908 7.277200
2909 7.012350
2910 6.488797
2911 6.032230
2912 7.891253
2913 6.980696
2914 7.136975
2915 8.095024
2916 9.035181
2917 8.339132
2918 9.813550
2919 8.259670
2920 7.898796
2921 8.485929
2922 8.762111
2923 9.768677
2924 8.612494
2925 7.999753
2926 10.663383
2927 7.669642
2928 9.214724
2929 9.685909
2930 8.652657
2931 9.451140
2932 8.994052
2933 8.875843
2934 9.887076
2935 9.500325
2936 10.589895
2937 11.047833
2938 10.155835
2939 9.384873
2940 10.483273
2941 10.576888
2942 8.189079
2943 9.766560
2944 8.014472
2945 7.137989
2946 8.802429
2947 8.389593
2948 9.437588
2949 9.868943
2950 8.516629
2951 7.864189
2952 7.675077
2953 8.365392
2954 8.908766
2955 7.082283
2956 6.889548
2957 8.425709
2958 7.380589
2959 7.949600
2960 9.330755
2961 8.974401
2962 8.699088
2963 8.428826
2964 9.013433
2965 9.159614
2966 7.335785
2967 9.032573
2968 7.286653
2969 7.962171
2970 7.105700
2971 9.059640
2972 8.762584
2973 7.486933
2974 7.561546
2975 7.008809
2976 7.745128
2977 9.613338
2978 8.347579
2979 8.846139
2980 9.991721
2981 9.920114
2982 8.099875
2983 6.623994
2984 9.633201
2985 7.457169
2986 7.800001
2987 7.487082
2988 8.462416
2989 8.122052
2990 7.628930
2991 7.904900
2992 8.111415
2993 8.346072
2994 9.223063
2995 7.103721
2996 6.821658
2997 8.110141
2998 8.341768
2999 7.801192
3000 8.247309
3001 8.202695
3002 7.674396
3003 8.648364
3004 5.589151
3005 7.396194
3006 7.334686
3007 6.529827
3008 8.343180
3009 7.751297
3010 6.776098
3011 7.613333
3012 7.829085
3013 8.882888
3014 8.771211
3015 8.786051
3016 8.270391
3017 8.233592
3018 9.763502
3019 8.765899
3020 7.644798
3021 8.083486
3022 8.486300
3023 8.392316
3024 8.966575
3025 9.265965
3026 7.963687
3027 7.719676
3028 9.588216
3029 7.923363
3030 8.447543
3031 8.864817
3032 9.592195
3033 7.952243
3034 7.603669
3035 7.796321
3036 8.713674
3037 6.117433
3038 6.149045
3039 6.830433
3040 6.448738
3041 6.978373
3042 7.487784
3043 8.195487
3044 8.793689
3045 8.871835
3046 9.513950
3047 10.905878
3048 9.656098
3049 9.226714
3050 8.734833
3051 7.925178
3052 10.401524
3053 9.953673
3054 11.165757
3055 10.588328
3056 7.509906
3057 8.416102
3058 7.885217
3059 8.086258
3060 8.394030
3061 8.145137
3062 7.512768
3063 7.820040
3064 6.617259
3065 6.651180
3066 6.002155
3067 6.769653
3068 7.765087
3069 5.786412
3070 6.404881
3071 6.151783
3072 8.260875
3073 7.687142
3074 7.044248
3075 8.309665
3076 7.368135
3077 6.587869
3078 6.221902
3079 7.126120
3080 6.358788
3081 6.863140
3082 6.582831
3083 5.452439
3084 6.601712
3085 6.037392
3086 7.282142
3087 6.647207
3088 7.312814
3089 4.739685
3090 4.900318
3091 5.467528
3092 6.017810
3093 4.872074
3094 6.616840
3095 7.100747
3096 7.673466
3097 7.491653
3098 7.685325
3099 7.915943
3100 7.848752
3101 8.019889
3102 10.041935
3103 7.867513
3104 9.725232
3105 9.155670
3106 10.305120
3107 7.747303
3108 6.204587
3109 6.638832
3110 5.717657
3111 6.030839
3112 6.121373
3113 6.953169
3114 6.256740
3115 6.927360
3116 6.758052
3117 6.181068
3118 5.648587
3119 5.351918
3120 5.222198
3121 5.581209
3122 7.033887
3123 4.592102
3124 5.623539
3125 8.723626
3126 10.171535
3127 8.420413
3128 9.377604
3129 7.475864
3130 7.405919
3131 7.764544
3132 6.710032
3133 7.081750
3134 7.483127
3135 6.941710
3136 5.627478
3137 6.324254
3138 5.544845
3139 5.447798
3140 5.660044
3141 5.897054
3142 5.779522
3143 6.408780
3144 5.971089
3145 5.771082
3146 5.910153
3147 5.892193
3148 6.485868
3149 5.630584
3150 5.353735
3151 5.681945
3152 5.575871
3153 5.405713
3154 5.613286
3155 5.803932
3156 5.401452
3157 5.498673
3158 5.746873
3159 7.009664
3160 6.976383
3161 8.385686
3162 6.383522
3163 7.939714
3164 7.831816
3165 7.309927
3166 7.807007
3167 5.738161
3168 5.718487
3169 5.643695
3170 6.606551
3171 8.006887
3172 8.697754
3173 7.503714
3174 8.034783
3175 7.395254
3176 10.263244
3177 9.606575
3178 8.607953
3179 9.331008
3180 9.514126
3181 9.007309
3182 9.080471
3183 8.825455
3184 8.595312
3185 9.401710
3186 9.980560
3187 9.794807
3188 8.272639
3189 9.899158
3190 8.470978
3191 9.318015
3192 9.936987
3193 11.527966
3194 9.877831
3195 10.712544
3196 9.438023
3197 12.824548
3198 11.762904
3199 11.986001
3200 11.368668
3201 12.030485
3202 11.056315
3203 11.589504
3204 11.461719
3205 12.102566
3206 11.200730
3207 10.902303
3208 11.377933
3209 11.635161
3210 11.667531
3211 8.952866
3212 10.318070
3213 10.377249
3214 12.186946
3215 12.211575
3216 10.583935
3217 10.136808
3218 9.345286
3219 12.254781
3220 10.201379
3221 10.966775
3222 10.881477
3223 10.669908
3224 12.159559
3225 11.941367
3226 12.888578
3227 12.488304
3228 12.351614
3229 11.120635
3230 8.845917
3231 12.130181
3232 12.685179
3233 12.445906
3234 13.810632
3235 13.379372
3236 11.517131
3237 13.501930
3238 14.208096
3239 12.611730
3240 14.903389
3241 13.267950
3242 13.895003
3243 11.775153
3244 13.271340
3245 13.230970
3246 13.869542
3247 10.972785
3248 11.870971
3249 12.988174
3250 13.355950
3251 12.666828
3252 12.228606
3253 10.331223
3254 10.119095
3255 12.863362
3256 12.532842
3257 14.130822
3258 12.801116
3259 9.723824
3260 11.416668
3261 11.247582
3262 10.449585
3263 9.112547
3264 8.981508
3265 8.610571
3266 9.879234
3267 9.356272
3268 10.211902
3269 11.021283
3270 11.468393
3271 11.424796
3272 10.636728
3273 9.572003
3274 10.709425
3275 9.224563
3276 12.127211
3277 10.279705
3278 11.175737
3279 8.271046
3280 8.409311
3281 11.885947
3282 10.545342
3283 9.546175
3284 8.784835
3285 9.896935
3286 8.744516
3287 8.935283
3288 8.486867
3289 8.883065
3290 10.698792
3291 10.416089
3292 8.718699
3293 9.187470
3294 10.463027
3295 11.132844
3296 10.510856
3297 11.200634
3298 11.079368
3299 11.015829
3300 11.564712
3301 11.312673
3302 11.856620
3303 14.082102
3304 12.880977
3305 11.671975
3306 9.910625
3307 13.341965
3308 9.338397
3309 10.989438
3310 12.237606
3311 11.026324
3312 10.723026
3313 11.073934
3314 11.427324
3315 10.305403
3316 11.049751
3317 7.691302
3318 9.280390
3319 7.590424
3320 9.578370
3321 8.590494
3322 9.379173
3323 11.530570
3324 14.146585
3325 13.107053
3326 12.789836
3327 10.932131
3328 8.790440
3329 10.936204
3330 9.338434
3331 9.162185
3332 8.444413
3333 7.163577
3334 8.825883
3335 8.565126
3336 8.038768
3337 7.684750
3338 8.933702
3339 10.089782
3340 10.099495
3341 12.208209
3342 13.133307
3343 9.259059
3344 9.415038
3345 11.722058
3346 10.946588
3347 9.665706
3348 10.607946
3349 8.773467
3350 9.850187
3351 10.758905
3352 9.691545
3353 10.451420
3354 11.004872
3355 10.578700
3356 11.826705
3357 11.661825
3358 9.344826
3359 8.959766
3360 12.208378
3361 11.673712
3362 11.902192
3363 10.943354
3364 12.068898
3365 11.164625
3366 10.843320
3367 10.554947
3368 10.693949
3369 9.801511
3370 10.833108
3371 8.428744
3372 8.291891
3373 8.628270
3374 8.219736
3375 12.344333
3376 11.989306
3377 10.805874
3378 12.037462
3379 10.181896
3380 9.980054
3381 10.695749
3382 10.049785
3383 13.007070
3384 12.619863
3385 11.672268
3386 11.709353
3387 11.682184
3388 12.219632
3389 8.711517
3390 9.773359
3391 10.707942
3392 11.136671
3393 10.551745
3394 12.239713
3395 10.572350
3396 11.795869
3397 10.630836
3398 11.083789
3399 10.578572
3400 10.522610
3401 10.444436
3402 12.153496
3403 12.146485
3404 10.804483
3405 10.221592
3406 10.916825
3407 13.108575
3408 10.989574
3409 12.711724
3410 12.029882
3411 11.766083
3412 12.640078
3413 12.888135
3414 12.852000
3415 12.693423
3416 11.943350
3417 14.051153
3418 10.190783
3419 12.240609
3420 11.273079
3421 13.161235
3422 12.033074
3423 11.997005
3424 10.089769
3425 9.391619
3426 11.773302
3427 11.630651
3428 12.360152
3429 12.032545
3430 12.891955
3431 12.731379
3432 11.970649
3433 11.845969
3434 11.913924
3435 12.013946
3436 12.588074
3437 12.663774
3438 12.338238
3439 12.196358
3440 11.726780
3441 11.791242
3442 10.513678
3443 10.872893
3444 13.230667
3445 12.611593
3446 11.890257
3447 12.514085
3448 11.524241
3449 12.598517
3450 12.562588
3451 11.491930
3452 12.004657
3453 11.597953
3454 12.518752
3455 11.583891
3456 12.526875
3457 11.676984
3458 10.502358
3459 11.155627
3460 11.221095
3461 12.009232
3462 11.611008
3463 11.747959
3464 12.991647
3465 11.715610
3466 12.972672
3467 12.980243
3468 13.863252
3469 13.510849
3470 12.489791
3471 11.650160
3472 12.337982
3473 12.006320
3474 11.769165
3475 11.730996
3476 13.179206
3477 12.195082
3478 11.903472
3479 11.575016
3480 13.122458
3481 12.789536
3482 12.955902
3483 11.243388
3484 11.990632
3485 10.867589
3486 11.142703
3487 10.630192
3488 9.359942
3489 9.487097
3490 9.227535
3491 10.386428
3492 7.860135
3493 9.101074
3494 7.616425
3495 7.781011
3496 7.966341
3497 7.883674
3498 8.035928
3499 7.903693
3500 7.807416
3501 8.384999
3502 7.684173
3503 6.667015
3504 5.518703
3505 5.433203
3506 6.401350
3507 6.870677
3508 7.233372
3509 6.281346
3510 7.788854
3511 7.496898
3512 7.759338
3513 7.629582
3514 7.945498
3515 8.302967
3516 9.924964
3517 9.083181
3518 9.045911
3519 9.409529
3520 9.140246
3521 8.788950
3522 10.151756
3523 11.747512
3524 11.976322
3525 11.782797
3526 9.770026
3527 11.123216
3528 12.742640
3529 12.053388
3530 10.371540
3531 11.811894
3532 12.688447
3533 12.321609
3534 11.158587
3535 11.735065
3536 13.465259
3537 10.061503
3538 11.213317
3539 13.406507
3540 12.025259
3541 12.001682
3542 11.714753
3543 11.519958
3544 11.436021
3545 11.601186
3546 8.874907
3547 7.319248
3548 6.578213
3549 8.737854
3550 8.004358
3551 7.664574
3552 7.633370
3553 7.599985
3554 7.672669
3555 7.961020
3556 7.879808
3557 8.353668
3558 7.904068
3559 8.220426
3560 7.604218
3561 7.721180
3562 8.391622
3563 8.720258
3564 8.647408
3565 8.428339
3566 9.963839
3567 8.506864
3568 8.714882
3569 8.456251
3570 8.085948
3571 9.112782
3572 7.797618
3573 8.028131
3574 7.761885
3575 7.915228
3576 10.465909
3577 8.546495
3578 10.630756
3579 8.286822
3580 9.093678
3581 8.208058
3582 7.048536
3583 11.522036
3584 11.249182
3585 11.931804
3586 12.381180
3587 12.413646
3588 10.394679
3589 11.043652
3590 9.586891
3591 9.532853
3592 10.034808
3593 11.086056
3594 10.571572
3595 8.027669
3596 8.003302
3597 8.459159
3598 9.444898
3599 10.603799
3600 8.496414
3601 10.685847
3602 9.453062
3603 10.566942
3604 8.886835
3605 9.850134
3606 10.023754
3607 11.447415
3608 10.946134
3609 9.691028
3610 9.966994
3611 11.149144
3612 8.881612
3613 9.690337
3614 10.196493
3615 9.037929
3616 8.643479
3617 8.970428
3618 7.710052
3619 7.523335
3620 7.971454
3621 7.445730
3622 7.784575
3623 7.710470
3624 8.087988
3625 8.036743
3626 8.658182
3627 8.630096
3628 8.211248
3629 7.541740
3630 8.051074
3631 7.684120
3632 7.669181
3633 8.012318
3634 8.280724
3635 7.796091
3636 7.871350
3637 7.678116
3638 7.671899
3639 8.841537
3640 7.527748
3641 7.171657
3642 7.395747
3643 8.501393
3644 7.926926
3645 7.564846
3646 7.454074
3647 7.635823
3648 7.903057
3649 8.194666
3650 8.321432
3651 7.534993
3652 8.555849
3653 8.091843
3654 7.766608
3655 7.952449
3656 7.785484
3657 7.718121
3658 8.088561
3659 7.954373
3660 7.618226
3661 8.213665
3662 7.944129
3663 8.001913
3664 8.052553
3665 8.164444
3666 8.076467
3667 7.802884
3668 7.715578
3669 7.834219
3670 7.487180
3671 7.604566
3672 6.734653
3673 8.083599
3674 8.004429
3675 7.986292
3676 8.144711
3677 7.459852
3678 7.875276
3679 8.523045
3680 7.456437
3681 7.823429
3682 7.779726
3683 7.523490
3684 8.176672
3685 7.372719
3686 8.477939
3687 7.984399
3688 7.490275
3689 7.133528
3690 7.557024
3691 8.083388
3692 8.034061
3693 8.161408
3694 8.119216
3695 8.093853
3696 6.907107
3697 7.824638
3698 7.814353
3699 7.449368
3700 7.777334
3701 7.409280
3702 7.023583
3703 7.998387
3704 8.306125
3705 8.350812
3706 8.425159
3707 9.477160
3708 8.800057
3709 9.151105
3710 8.368710
3711 8.025670
3712 9.094661
3713 7.582048
3714 8.300294
3715 8.355229
3716 8.208955
3717 7.565101
3718 7.318476
3719 7.599043
3720 8.190120
3721 8.146809
3722 7.056635
3723 9.644608
3724 8.228786
3725 7.737110
3726 7.791807
3727 9.193521
3728 9.623083
3729 10.213454
3730 9.776402
3731 8.383561
3732 9.044545
3733 8.645775
3734 8.117723
3735 8.968536
3736 7.984696
3737 8.015791
3738 8.462036
3739 8.345796
3740 8.552588
3741 9.953560
3742 9.021276
3743 8.013478
3744 9.294138
3745 9.857088
3746 10.043149
3747 9.639235
3748 9.467151
3749 8.455215
3750 7.760445
3751 7.243114
3752 8.252598
3753 7.886324
3754 10.967196
3755 7.812371
3756 9.825980
3757 9.755544
3758 9.587086
3759 9.220896
3760 8.968407
3761 9.847442
3762 13.725352
3763 10.265697
3764 7.622032
3765 8.527346
3766 9.338149
3767 6.659172
3768 6.781035
3769 9.018151
3770 8.812585
3771 10.190729
3772 10.632065
3773 8.835731
3774 8.938217
3775 10.373619
3776 9.327521
3777 9.191343
3778 9.923307
3779 7.757799
3780 8.865398
3781 9.246482
3782 8.962644
3783 8.138728
3784 7.696575
3785 8.539326
3786 9.132438
3787 9.519435
3788 10.037970
3789 7.245656
3790 8.210152
3791 7.450727
3792 9.761868
3793 10.166446
3794 10.024277
3795 10.540732
3796 9.261825
3797 10.385410
3798 7.887372
3799 8.640945
3800 9.454453
3801 9.119571
3802 8.823320
3803 9.068921
3804 10.062133
3805 10.501098
3806 9.562032
3807 9.997575
3808 9.438941
3809 9.848304
3810 10.845735
3811 11.440342
3812 10.679627
3813 10.970034
3814 10.666881
3815 10.774608
3816 10.751001
3817 10.370255
3818 10.716507
3819 10.961661
3820 11.450367
3821 11.457006
3822 12.813785
3823 11.259134
3824 11.236811
3825 11.188348
3826 10.968081
3827 10.614712
3828 11.287413
3829 11.908008
3830 11.345727
3831 9.074301
3832 10.034388
3833 10.786185
3834 9.643670
3835 9.077740
3836 10.367958
3837 7.829671
3838 6.781446
3839 7.855859
3840 7.056418
3841 5.245200
3842 4.881478
3843 5.121743
3844 3.751212
3845 5.444974
3846 3.777327
3847 3.801396
3848 3.832243
3849 3.876340
3850 5.522908
3851 6.172599
3852 5.993568
3853 6.584452
3854 7.942148
3855 7.648349
3856 8.032002
3857 7.611429
3858 7.865431
3859 7.469474
3860 7.094798
3861 6.896458
3862 6.986656
3863 6.972347
3864 6.486676
3865 6.987908
3866 8.061400
3867 6.365800
3868 7.468025
3869 6.618293
3870 7.056348
3871 7.101899
3872 6.784353
3873 6.640604
3874 7.170457
3875 7.711582
3876 7.512956
3877 6.699142
3878 7.384174
3879 6.887959
3880 8.022449
3881 7.581114
3882 5.658396
3883 6.121325
3884 6.163424
3885 7.216984
3886 8.031344
3887 7.287807
3888 8.267995
3889 7.468796
3890 7.491813
3891 9.717670
3892 9.234090
3893 6.873503
3894 7.230310
3895 6.910998
3896 7.168636
3897 7.415133
3898 7.285679
3899 6.968219
3900 7.479639
3901 7.285263
3902 7.187918
3903 6.917325
3904 7.413057
3905 7.774455
3906 7.541762
3907 8.311394
3908 9.482830
3909 10.576512
3910 8.449914
3911 9.364766
3912 8.130375
3913 8.564192
3914 7.778851
3915 7.848209
3916 8.705505
3917 8.455119
3918 9.110929
3919 7.690498
3920 8.808296
3921 8.763410
3922 8.344914
3923 8.404160
3924 9.030136
3925 7.782324
3926 8.296228
3927 8.576699
3928 9.061759
3929 8.558472
3930 7.533827
3931 9.128086
3932 9.462877
3933 9.392473
3934 8.839805
3935 8.545941
3936 8.492647
3937 8.363107
3938 7.824145
3939 8.997991
3940 7.966560
3941 8.607233
3942 7.840337
3943 7.979864
3944 7.745093
3945 9.360991
3946 8.378076
3947 9.156210
3948 8.509439
3949 9.106629
3950 8.528710
3951 9.112657
3952 8.699445
3953 8.080415
3954 8.498118
3955 7.537675
3956 7.913946
3957 8.422408
3958 7.819837
3959 8.450500
3960 8.157480
3961 7.127537
3962 9.333196
3963 9.543085
3964 10.494478
3965 9.809237
3966 9.842380
3967 10.429769
3968 7.584045
3969 9.517503
3970 8.795958
3971 9.657184
3972 11.383068
3973 10.033848
3974 11.519951
3975 11.102923
3976 11.017430
3977 8.462392
3978 10.467920
3979 10.393255
3980 8.071240
3981 7.739131
3982 7.859907
3983 7.438871
3984 5.569393
3985 5.708749
3986 5.863809
3987 5.621298
3988 5.255194
3989 5.343119
3990 5.872873
3991 6.109992
3992 5.709480
3993 7.727022
3994 7.364985
3995 6.870217
3996 7.302442
3997 7.062503
3998 7.066228
3999 7.658070
4000 6.978503
4001 8.422660
4002 9.279041
4003 4.180488
4004 5.239789
4005 5.600622
4006 6.849538
4007 4.286609
4008 6.500040
4009 7.786705
4010 3.703430
4011 3.975601
4012 4.027606
4013 3.991037
4014 6.229072
4015 6.291212
4016 5.358377
4017 5.415775
4018 5.758269
4019 8.409453
4020 6.334834
4021 9.856172
4022 10.199143
4023 9.362698
4024 7.931210
4025 9.040321
4026 11.755529
4027 9.413443
4028 10.404045
4029 11.252359
4030 10.253888
4031 9.268580
4032 9.689027
4033 10.479200
4034 10.598083
4035 10.637099
4036 9.660047
4037 10.831665
4038 10.572646
4039 10.143339
4040 8.800008
4041 9.457918
4042 9.265012
4043 10.089130
4044 9.954665
4045 9.953954
4046 10.338161
4047 9.668181
4048 9.837193
4049 10.224840
4050 8.971828
4051 9.136363
4052 7.524511
4053 10.349017
4054 9.926916
4055 9.198891
4056 9.398240
4057 9.280663
4058 8.773844
4059 9.309703
4060 8.997812
4061 9.286772
4062 12.206237
4063 10.993227
4064 10.134106
4065 11.780003
4066 8.268522
4067 9.546151
4068 9.742499
4069 9.679298
4070 9.580350
4071 8.456508
4072 8.383051
4073 9.253159
4074 9.650396
4075 9.595795
4076 9.745296
4077 9.316676
4078 9.668846
4079 9.172663
4080 8.534908
4081 9.081590
4082 8.702003
4083 8.927893
4084 11.722818
4085 7.572724
4086 7.683602
4087 6.203982
4088 6.301654
4089 7.215359
4090 6.925650
4091 7.047029
4092 6.714183
4093 8.203966
4094 7.542259
4095 6.901408
4096 7.497435
4097 7.073906
4098 7.869757
4099 7.146881
4100 7.457030
4101 7.198628
4102 7.816363
4103 8.312818
4104 8.362079
4105 7.411701
4106 7.550774
4107 7.788288
4108 6.737525
4109 8.813291
4110 7.401646
4111 8.181080
4112 6.732176
4113 8.342857
4114 7.509475
4115 7.809122
4116 8.346340
4117 7.339381
4118 6.981472
4119 7.636358
4120 6.917584
4121 6.616031
4122 7.414803
4123 7.029434
4124 7.538680
4125 7.132839
4126 6.678222
4127 7.458217
4128 7.126757
4129 7.181165
4130 7.792725
4131 8.479323
4132 8.337899
4133 6.827416
4134 7.715407
4135 8.051835
4136 5.801585
4137 7.183321
4138 7.021211
4139 7.688283
4140 7.601779
4141 7.653195
4142 9.971128
4143 5.978375
4144 5.374614
4145 4.630704
4146 4.892263
4147 5.372728
4148 7.282184
4149 7.197449
4150 6.051132
4151 5.976273
4152 8.067540
4153 7.484190
4154 7.796995
4155 7.540900
4156 7.664414
4157 8.702995
4158 6.538861
4159 6.925730
4160 7.720194
4161 7.400669
4162 7.575582
4163 7.467528
4164 7.574082
4165 8.057359
4166 7.670947
4167 8.942690
4168 6.887277
4169 7.342066
4170 8.151822
4171 7.529713
4172 7.632632
4173 8.044556
4174 6.749880
4175 7.328446
4176 7.503976
4177 7.575696
4178 7.072659
4179 7.389168
4180 8.269705
4181 7.849259
4182 8.425694
4183 8.306076
4184 5.644730
4185 5.729899
4186 5.473515
4187 5.280430
4188 5.476916
4189 5.048517
4190 5.326234
4191 5.289294
4192 5.670848
4193 5.792977
4194 5.606043
4195 5.360083
4196 6.075144
4197 6.698244
4198 5.597736
4199 5.619755
4200 5.432838
4201 5.704041
4202 6.083092
4203 5.983195
4204 5.759083
4205 5.476175
4206 5.591751
4207 6.080304
4208 5.222837
4209 6.809487
4210 5.637678
4211 6.974599
4212 5.737580
4213 6.752278
4214 7.941392
4215 7.956419
4216 7.456683
4217 7.522884
4218 7.785302
4219 8.960110
4220 8.480235
4221 8.255801
4222 8.618881
4223 8.820057
4224 9.130553
4225 8.932840
4226 8.241566
4227 9.789351
4228 6.931586
4229 7.104212
4230 7.223086
4231 5.983487
4232 7.370770
4233 7.534706
4234 5.007470
4235 5.895809
4236 7.361500
4237 7.181342
4238 6.527438
4239 7.191391
4240 7.457440
4241 7.478139
4242 7.565193
4243 9.389686
4244 7.851691
4245 7.254423
4246 7.553225
4247 8.039114
4248 7.515693
4249 6.940546
4250 7.675872
4251 7.396698
4252 7.518038
4253 7.940162
4254 7.704972
4255 7.380283
4256 7.073709
4257 7.774550
4258 8.204983
4259 7.834095
4260 7.947224
4261 7.465896
4262 7.554797
4263 7.477607
4264 7.648618
4265 8.017069
4266 7.767076
4267 6.798426
4268 3.850121
4269 8.226799
4270 7.978504
4271 7.906882
4272 6.356773
4273 6.658204
4274 7.380007
4275 7.942381
4276 7.457273
4277 8.271610
4278 7.859701
4279 7.763467
4280 6.654045
4281 6.750443
4282 8.553039
4283 7.723854
4284 8.065743
4285 5.972269
4286 7.695146
4287 8.460578
4288 8.631078
4289 6.041147
4290 6.625267
4291 6.520997
4292 6.248888
4293 6.739802
4294 6.581901
4295 6.735646
4296 6.274586
4297 6.723492
4298 6.208817
4299 6.605851
4300 6.477160
4301 6.716717
4302 6.879774
4303 5.647665
4304 6.837576
4305 6.254552
4306 6.317238
4307 5.889093
4308 6.123898
4309 6.003916
4310 6.341887
4311 6.068508
4312 6.319653
4313 6.373955
4314 5.570648
4315 5.836682
4316 6.172517
4317 5.904741
4318 6.378797
4319 5.788107
4320 6.098410
4321 6.463516
4322 6.135276
4323 6.897199
4324 7.089839
4325 6.285927
4326 5.970906
4327 6.540653
4328 6.550907
4329 6.388322
4330 6.171399
4331 6.032650
4332 6.220374
4333 6.022874
4334 5.987671
4335 6.072308
4336 5.292937
4337 5.511105
4338 5.685871
4339 5.092825
4340 6.229650
4341 8.220750
4342 7.985967
4343 7.634275
4344 7.783477
4345 6.644160
4346 7.457728
4347 7.264359
4348 7.337785
4349 6.313643
4350 8.313059
4351 7.047101
4352 6.672287
4353 5.467858
4354 5.393746
4355 7.557836
4356 8.058569
4357 7.348634
4358 7.670225
4359 9.578435
4360 9.150143
4361 10.328917
4362 10.732191
4363 9.425769
4364 5.631290
4365 6.701622
4366 6.846746
4367 6.607674
4368 7.067255
4369 6.939116
4370 6.200933
4371 5.639740
4372 6.366319
4373 6.076921
4374 7.030245
4375 6.471213
4376 6.313715
4377 6.622349
4378 6.726134
4379 7.166545
4380 7.045548
4381 7.044191
4382 6.471110
4383 6.437778
4384 6.842603
4385 8.240417
4386 7.060574
4387 7.278528
4388 4.438794
4389 7.242806
4390 5.763282
4391 7.315933
4392 7.278825
4393 7.652147
4394 7.156017
4395 7.612059
4396 6.832489
4397 6.885538
4398 5.672081
4399 7.445040
4400 6.943635
4401 6.464591
4402 6.833804
4403 6.174016
4404 6.451828
4405 5.509028
4406 6.569978
4407 6.862607
4408 6.895569
4409 7.568237
4410 7.079352
4411 8.164469
4412 9.200837
4413 7.915464
4414 6.249724
4415 6.941836
4416 7.613697
4417 7.359390
4418 8.619458
4419 7.897914
4420 8.258405
4421 7.263871
4422 5.978775
4423 6.662157
4424 7.228567
4425 6.717834
4426 6.143157
4427 6.288633
4428 7.084726
4429 7.047420
4430 7.409543
4431 7.215052
4432 6.397071
4433 7.806714
4434 7.892997
4435 7.432582
4436 7.527185
4437 7.970689
4438 7.856429
4439 8.114290
4440 6.538484
4441 9.468519
4442 7.949968
4443 9.514417
4444 7.595050
4445 8.052185
4446 9.711546
4447 8.304516
4448 8.956810
4449 8.673621
4450 7.625857
4451 8.115653
4452 7.124774
4453 7.736465
4454 9.226645
4455 7.637520
4456 8.925747
4457 7.340991
4458 8.447502
4459 8.775456
4460 8.890999
4461 8.623693
4462 8.374115
4463 7.324363
4464 8.352642
4465 8.104330
4466 10.107302
4467 9.951533
4468 9.026423
4469 7.642902
4470 7.204691
4471 7.669506
4472 9.675427
4473 9.311316
4474 9.657356
4475 9.848165
4476 8.570225
4477 8.294132
4478 5.898915
4479 5.463342
4480 5.559401
4481 4.532481
4482 5.121437
4483 6.008734
4484 5.203412
4485 5.301364
4486 5.592741
4487 4.280095
4488 5.326884
4489 4.357126
4490 5.279632
4491 5.268439
4492 5.431770
4493 5.142780
4494 5.145806
4495 5.149069
4496 5.588353
4497 5.053901
4498 5.103234
4499 4.637523
4500 5.844013
4501 4.830997
4502 5.816364
4503 5.766127
4504 5.181668
4505 5.849177
4506 7.404140
4507 9.273128
4508 9.128426
4509 5.584778
4510 6.334680
4511 5.730800
4512 4.768533
4513 6.689411
4514 5.953623
4515 6.272439
4516 6.226035
4517 8.441804
4518 10.519062
4519 10.197588
4520 8.319679
4521 8.509014
4522 8.974152
4523 8.249847
4524 11.239896
4525 10.375073
4526 10.250115
4527 11.073307
4528 9.223455
4529 10.150437
4530 9.586079
4531 10.320895
4532 12.300618
4533 8.341593
4534 8.929347
4535 7.134403
4536 12.396244
4537 7.521207
4538 10.323053
4539 9.533279
4540 10.635660
4541 8.844349
4542 9.775652
4543 11.301642
4544 12.035712
4545 12.064424
4546 9.936003
4547 10.079688
4548 8.679542
4549 10.727634
4550 10.168199
4551 11.679541
4552 11.972100
4553 10.630167
4554 12.198730
4555 12.202021
4556 10.515809
4557 12.496144
4558 10.608776
4559 11.914151
4560 10.305044
4561 10.607702
4562 9.540929
4563 11.962783
4564 12.318030
4565 10.478844
4566 10.213423
4567 9.330257
4568 9.593840
4569 9.387174
4570 10.277366
4571 9.031037
4572 8.500247
4573 8.395656
4574 9.206978
4575 9.651313
4576 10.003665
4577 9.558937
4578 8.533663
4579 9.868984
4580 9.311455
4581 10.163589
4582 9.976547
4583 9.297472
4584 9.165938
4585 8.473191
4586 9.565386
4587 9.839725
4588 7.222590
4589 6.408232
4590 10.858769
4591 7.952232
4592 9.626804
4593 9.925905
4594 8.366802
4595 8.142347
4596 9.030775
4597 9.771621
4598 8.887306
4599 8.274626
4600 11.228241
4601 9.939547
4602 7.759833
4603 7.576408
4604 7.536264
4605 8.034678
4606 8.621277
4607 9.210601
4608 9.654265
4609 9.889862
4610 8.265560
4611 7.730517
4612 7.720477
4613 8.995160
4614 8.218644
4615 7.909722
4616 7.809447
4617 8.496303
4618 8.202020
4619 8.035031
4620 7.832600
4621 8.706516
4622 8.930382
4623 11.371039
4624 9.169756
4625 11.282591
4626 8.465095
4627 9.499940
4628 7.848576
4629 5.919527
4630 7.709266
4631 8.341022
4632 9.473882
4633 9.038347
4634 9.312287
4635 10.847305
4636 10.571177
4637 11.799269
4638 9.372372
4639 11.425396
4640 7.305739
4641 8.649373
4642 8.300869
4643 7.923249
4644 8.478418
4645 11.469657
4646 10.769631
4647 11.253946
4648 7.387433
4649 6.137393
4650 4.890356
4651 7.298853
4652 5.641434
4653 7.591930
4654 7.573908
4655 7.588082
4656 7.824404
4657 6.553184
4658 5.498998
4659 5.233519
4660 6.237644
4661 5.378697
4662 5.035017
4663 5.133313
4664 4.713647
4665 5.365266
4666 5.118025
4667 4.962012
4668 5.628909
4669 5.335224
4670 7.849844
4671 7.136367
4672 7.453329
4673 7.668460
4674 6.887765
4675 5.787163
4676 11.048429
4677 9.052132
4678 9.105492
4679 7.687609
4680 10.530024
4681 9.562610
4682 10.579144
4683 10.213155
4684 7.964858
4685 9.513630
4686 10.223631
4687 8.723126
4688 11.790766
4689 10.720331
4690 10.003529
4691 7.379021
4692 10.324544
4693 11.251458
4694 8.600398
4695 8.498881
4696 8.188199
4697 10.156342
4698 9.685164
4699 9.128255
4700 8.575460
4701 8.431952
4702 8.458989
4703 7.704079
4704 7.038614
4705 7.651701
4706 6.835890
4707 3.893434
4708 6.041098
4709 6.024098
4710 6.967961
4711 9.471078
4712 8.999060
4713 7.178445
4714 8.849871
4715 9.047157
4716 6.229529
4717 7.772991
4718 8.641866
4719 9.953010
4720 9.391877
4721 9.310259
4722 9.649559
4723 7.435894
4724 10.867440
4725 10.489177
4726 9.268395
4727 9.386703
4728 10.375068
4729 9.470688
4730 8.358584
4731 10.095629
4732 9.895200
4733 10.988257
4734 9.708491
4735 10.230272
4736 8.243504
4737 10.284012
4738 9.631896
4739 10.215325
4740 11.257437
4741 9.257914
4742 8.692101
4743 10.518466
4744 10.018910
4745 6.042228
4746 8.601404
4747 9.072445
4748 8.503480
4749 8.808403
4750 8.770089
4751 9.501274
4752 9.109450
4753 8.888271
4754 9.398108
4755 8.913376
4756 7.966037
4757 7.757821
4758 7.504195
4759 7.231224
4760 7.696431
4761 8.094999
4762 6.573802
4763 6.163469
4764 6.402583
4765 5.989473
4766 8.452368
4767 7.875763
4768 7.504374
4769 7.444083
4770 8.263478
4771 6.239660
4772 6.949360
4773 7.710601
4774 8.782033
4775 9.262991
4776 9.251305
4777 9.746581
4778 9.072145
4779 9.133253
4780 8.491344
4781 9.021601
4782 6.977257
4783 6.582972
4784 8.546022
4785 7.093137
4786 7.787277
4787 7.344571
4788 7.275788
4789 5.483921
4790 5.384922
4791 8.246292
4792 9.923488
4793 9.006413
4794 9.150858
4795 9.393876
4796 10.152097
4797 12.398355
4798 11.744964
4799 9.229715
4800 11.606286
4801 10.399487
4802 11.575574
4803 7.459939
4804 8.393310
4805 9.657852
4806 10.454478
4807 8.504498
4808 10.057199
4809 9.551212
4810 10.609685
4811 9.730491
4812 9.566415
4813 9.236534
4814 11.055719
4815 11.692845
4816 9.413154
4817 9.232648
4818 8.540413
4819 9.277888
4820 9.856110
4821 8.976490
4822 6.304394
4823 7.895776
4824 7.940491
4825 9.011886
4826 11.386567
4827 9.841037
4828 10.082685
4829 10.956849
4830 11.396859
4831 10.107598
4832 9.344869
4833 10.135985
4834 9.421310
4835 8.626890
4836 9.713396
4837 10.406199
4838 8.005385
4839 10.436443
4840 8.395933
4841 8.681392
4842 8.171676
4843 7.917688
4844 8.130489
4845 9.810174
4846 9.661853
4847 10.534052
4848 8.768477
4849 6.814122
4850 7.917609
4851 7.360493
4852 5.898144
4853 6.855222
4854 7.322412
4855 6.428486
4856 7.373061
4857 6.037991
4858 5.921603
4859 6.709279
4860 6.372046
4861 5.758243
4862 5.533924
4863 5.541874
4864 5.669645
4865 8.327045
4866 8.850166
4867 8.128337
4868 7.522035
4869 6.161364
4870 6.389310
4871 8.389975
4872 6.764981
4873 6.585722
4874 7.611498
4875 9.323821
4876 7.118370
4877 8.470855
4878 5.723861
4879 7.110787
4880 7.258842
4881 7.259540
4882 7.038964
4883 6.624040
4884 5.922474
4885 5.972135
4886 6.681161
4887 7.153044
4888 7.350063
4889 6.982471
4890 6.228135
4891 8.553203
4892 6.668118
4893 7.230473
4894 6.588431
4895 6.809917
4896 7.820269
4897 7.170440
4898 7.820151
4899 7.426073
4900 7.011972
4901 6.812407
4902 7.163776
4903 7.212359
4904 7.520732
4905 8.138284
4906 7.011818
4907 7.293863
4908 7.125054
4909 8.118592
4910 7.900141
4911 7.702863
4912 6.967961
4913 7.406182
4914 7.158350
4915 6.635670
4916 6.281226
4917 6.375495
4918 6.220684
4919 7.509797
4920 7.375264
4921 6.934215
4922 7.954045
4923 7.756874
4924 7.120597
4925 7.628046
4926 7.743657
4927 6.978004
4928 6.916022
4929 5.940730
4930 7.946755
4931 6.799857
4932 7.146645
4933 7.494540
4934 6.963010
4935 6.913280
4936 6.863688
4937 7.236984
4938 7.485120
4939 8.069733
4940 10.029771
4941 8.885440
4942 9.641809
4943 11.047649
4944 7.042564
4945 7.562449
4946 7.770269
4947 10.728625
4948 10.414362
4949 9.304858
4950 10.630144
4951 10.354951
4952 8.979627
4953 9.227501
4954 10.168674
4955 12.681849
4956 12.853697
4957 12.813154
4958 15.004926
4959 14.163845
4960 14.323647
4961 13.959594
4962 15.318932
4963 15.754273
4964 15.411896
4965 13.611790
4966 15.064981
4967 12.742076
4968 11.497248
4969 11.131857
4970 8.790966
4971 10.500382
4972 8.838093
4973 7.835001
4974 8.576840
4975 8.150225
4976 10.457865
4977 8.596664
4978 8.460548
4979 10.068956
4980 9.500113
4981 11.385739
4982 10.853326
4983 9.665101
4984 12.195099
4985 11.461994
4986 11.030672
4987 12.154185
4988 10.871235
4989 12.046036
4990 10.876860
4991 12.280752
4992 11.513281
4993 11.811466
4994 12.847673
4995 12.834810
4996 11.498919
4997 11.562532
4998 11.894376
4999 10.418997
5000 10.140238
5001 7.884877

