0 7.818527
1 8.567261
2 9.640150
3 8.381805
4 11.752458
5 10.347350
6 10.467935
7 10.426476
8 10.088463
9 9.149289
10 10.026475
11 8.850451
12 9.409642
13 10.280457
14 9.128613
15 10.515217
16 9.928490
17 12.325542
18 10.884947
19 8.590562
20 9.892225
21 11.034497
22 13.280866
23 11.691133
24 11.339485
25 11.112404
26 10.981612
27 11.726151
28 11.501251
29 10.887672
30 10.890112
31 12.032716
32 11.862050
33 11.633338
34 10.781964
35 12.248304
36 11.634421
37 11.746241
38 11.886066
39 10.172125
40 11.748750
41 12.445277
42 10.751679
43 11.868877
44 10.746154
45 10.910384
46 10.889436
47 9.743127
48 11.245919
49 10.890920
50 10.828342
51 10.395888
52 9.755700
53 10.758873
54 10.621814
55 10.628570
56 10.643443
57 10.798122
58 11.444035
59 13.132428
60 10.528296
61 12.743785
62 12.047914
63 13.518752
64 14.158875
65 11.412565
66 11.950382
67 11.865271
68 11.307425
69 13.566503
70 12.090563
71 12.851977
72 13.117321
73 12.397865
74 13.045461
75 12.298270
76 12.851104
77 12.402395
78 12.228825
79 11.402624
80 11.251410
81 11.913996
82 12.682545
83 10.787741
84 11.858353
85 11.722407
86 12.255971
87 12.007141
88 11.702653
89 9.483511
90 9.415070
91 12.512056
92 13.110626
93 10.794753
94 11.312806
95 11.343130
96 12.776452
97 13.627488
98 12.789902
99 12.761978
100 13.628374
101 12.217900
102 12.384067
103 10.699043
104 10.526105
105 12.777159
106 9.420218
107 14.196296
108 10.602435
109 11.668016
110 12.940210
111 12.747272
112 16.660069
113 16.190351
114 14.633264
115 15.706932
116 14.568324
117 14.436890
118 11.194721
119 12.225061
120 12.966721
121 14.167503
122 11.835444
123 13.040620
124 10.926140
125 12.571511
126 13.220246
127 14.058877
128 14.098447
129 13.731516
130 11.740665
131 14.456658
132 15.449075
133 13.729748
134 14.067342
135 13.341412
136 12.604924
137 12.589713
138 11.626859
139 11.388115
140 12.412885
141 12.332371
142 13.253442
143 12.971704
144 13.191609
145 13.636527
146 13.165110
147 11.987917
148 15.784286
149 15.560477
150 14.838564
151 13.429613
152 10.379742
153 9.463799
154 13.278896
155 13.706400
156 10.307086
157 13.227698
158 14.054044
159 9.648433
160 11.867118
161 10.778890
162 11.306450
163 10.588530
164 13.242875
165 14.506682
166 14.436407
167 13.381792
168 13.015400
169 13.314533
170 14.079869
171 10.789844
172 14.771575
173 13.716051
174 11.768827
175 11.561129
176 12.271631
177 12.080691
178 11.161406
179 12.222062
180 11.944115
181 11.915769
182 11.822020
183 13.210570
184 13.020077
185 12.263941
186 10.733039
187 10.758099
188 12.199136
189 10.326259
190 11.345453
191 12.194792
192 14.585472
193 14.971952
194 15.374457
195 15.145422
196 12.085304
197 11.666927
198 10.011956
199 11.222292
200 10.826885
201 11.292182
202 14.210544
203 13.995834
204 15.042339
205 14.304207
206 13.882836
207 14.616186
208 14.710898
209 15.347591
210 13.850823
211 13.850869
212 12.371730
213 12.128461
214 10.364990
215 12.365848
216 14.348386
217 13.957036
218 12.296135
219 13.209907
220 15.351468
221 13.805717
222 16.435865
223 17.612446
224 15.532807
225 16.110888
226 14.707310
227 13.817453
228 14.653129
229 13.510330
230 12.956052
231 13.437884
232 13.995275
233 12.858780
234 13.945596
235 13.844234
236 14.235832
237 14.167830
238 12.688893
239 11.153216
240 12.298332
241 11.411249
242 12.715798
243 12.855412
244 14.286774
245 13.279275
246 15.244946
247 16.076065
248 17.518280
249 18.890574
250 17.218882
251 19.054394
252 19.521681
253 16.443434
254 15.754497
255 15.172466
256 18.141874
257 16.301851
258 16.516115
259 13.330764
260 13.877175
261 13.688617
262 11.107679
263 12.336757
264 13.656319
265 13.011666
266 14.419054
267 12.330873
268 14.245403
269 13.810628
270 16.343571
271 13.824896
272 14.914768
273 13.350975
274 14.603797
275 14.452782
276 14.952314
277 14.971765
278 12.447805
279 12.926574
280 11.783592
281 11.864100
282 14.178579
283 15.979361
284 14.338305
285 14.544939
286 14.969642
287 15.891501
288 15.624307
289 18.591776
290 16.855707
291 15.018425
292 17.966936
293 18.003998
294 15.083972
295 12.685397
296 14.450994
297 14.348120
298 17.917843
299 17.334942
300 12.110723
301 13.138778
302 12.602360
303 13.915983
304 13.649273
305 16.321949
306 14.812430
307 16.745417
308 17.219446
309 17.145567
310 16.554453
311 16.265898
312 17.744398
313 16.117521
314 16.500698
315 14.500428
316 17.381567
317 19.160757
318 18.832644
319 19.859331
320 20.378946
321 18.440577
322 20.179789
323 19.974302
324 19.866875
325 20.069843
326 18.436296
327 17.783831
328 16.926668
329 19.109386
330 18.503067
331 18.175432
332 18.870476
333 18.886805
334 18.303936
335 18.379347
336 17.603586
337 17.933163
338 18.438534
339 18.261883
340 18.618574
341 15.526677
342 18.057344
343 18.197208
344 18.747108
345 18.131374
346 17.099701
347 17.584574
348 17.765251
349 18.128267
350 17.987339
351 17.740557
352 15.110650
353 15.874568
354 16.854359
355 16.326288
356 17.113390
357 17.882360
358 15.918146
359 16.122643
360 17.626871
361 16.911316
362 16.099813
363 16.932684
364 15.653033
365 16.147449
366 16.835974
367 15.634189
368 15.216336
369 17.290014
370 15.088474
371 17.225262
372 13.146667
373 15.718492
374 15.221517
375 15.882311
376 13.577025
377 15.520008
378 16.814758
379 17.040733
380 16.223507
381 15.555338
382 16.710865
383 17.030916
384 17.620855
385 17.782486
386 16.239300
387 14.157278
388 17.097738
389 17.496336
390 16.867350
391 16.777027
392 15.874892
393 16.601664
394 17.610493
395 15.395624
396 15.332906
397 13.473990
398 15.085997
399 15.348447
400 15.223609
401 15.149734
402 15.259995
403 18.239780
404 17.133171
405 16.475897
406 15.354069
407 14.712872
408 14.465754
409 16.717255
410 17.728468
411 16.997755
412 16.048765
413 13.769800
414 14.725745
415 12.623549
416 15.418864
417 15.501593
418 16.901527
419 16.491554
420 15.254337
421 15.691394
422 17.181084
423 17.266645
424 15.130880
425 18.854736
426 18.154623
427 16.798729
428 17.833952
429 18.234268
430 16.103928
431 16.262264
432 19.467661
433 16.236866
434 17.922546
435 16.857967
436 15.715231
437 16.608797
438 17.316969
439 18.495611
440 16.795452
441 16.617397
442 16.604136
443 18.169619
444 17.355186
445 18.402290
446 18.333450
447 18.463522
448 18.852072
449 20.003151
450 19.783743
451 18.194929
452 19.056801
453 17.246553
454 18.751867
455 20.344992
456 18.896446
457 18.835712
458 18.177675
459 16.347614
460 18.817774
461 19.262018
462 16.040108
463 17.626066
464 14.821042
465 17.055914
466 17.301569
467 18.787966
468 17.067947
469 17.065689
470 13.230577
471 13.001680
472 15.700096
473 12.393345
474 13.218966
475 11.840384
476 12.352019
477 11.269783
478 11.938620
479 13.028373
480 12.401914
481 10.747585
482 16.543978
483 15.827996
484 16.640493
485 15.015131
486 15.440811
487 16.839153
488 17.022261
489 19.128984
490 17.285789
491 17.249403
492 17.973915
493 15.571490
494 17.539726
495 15.922407
496 17.149855
497 17.289097
498 17.947985
499 18.905720
500 16.139759
501 16.551804
502 18.487486
503 16.575727
504 15.331448
505 15.931437
506 16.580379
507 14.023481
508 16.028812
509 13.645005
510 10.806521
511 10.637523
512 10.773346
513 14.362329
514 12.990630
515 13.331778
516 11.263155
517 12.038384
518 10.879621
519 10.011744
520 11.868562
521 9.750597
522 11.116893
523 10.400989
524 12.718838
525 12.638553
526 14.778124
527 10.631396
528 13.814356
529 13.713530
530 15.007205
531 17.646900
532 16.858709
533 13.343379
534 16.094107
535 17.327635
536 13.880684
537 13.288585
538 11.977803
539 12.128268
540 11.512044
541 11.937760
542 15.125944
543 14.009772
544 12.344283
545 15.211533
546 16.504805
547 16.437563
548 14.289305
549 15.803439
550 16.014690
551 14.888771
552 15.540132
553 14.443749
554 16.466299
555 13.975738
556 13.545218
557 12.305288
558 13.196805
559 12.805806
560 13.113462
561 11.635574
562 11.089708
563 11.873287
564 10.594930
565 13.930171
566 13.879433
567 12.581323
568 13.779641
569 14.442828
570 14.222075
571 14.485295
572 14.582390
573 12.849533
574 16.036140
575 13.489425
576 11.778526
577 14.254626
578 12.379020
579 12.202499
580 12.786885
581 13.835713
582 14.997111
583 14.016690
584 17.701836
585 11.566591
586 12.195513
587 8.613206
588 7.990270
589 11.170722
590 12.630795
591 11.881775
592 11.501692
593 11.868027
594 13.739394
595 13.721259
596 11.781487
597 14.528554
598 15.008324
599 14.902702
600 14.041442
601 12.046273
602 14.612007
603 13.215631
604 14.120188
605 14.605375
606 11.379752
607 10.770544
608 13.215497
609 14.219756
610 11.994410
611 12.879765
612 13.250481
613 15.314466
614 14.764526
615 16.719177
616 13.714161
617 15.255851
618 14.496178
619 15.103958
620 13.908126
621 13.022567
622 13.020465
623 13.533726
624 12.522222
625 12.351595
626 12.668309
627 11.067582
628 9.582159
629 10.737700
630 10.328975
631 10.740544
632 15.016861
633 11.539808
634 13.750738
635 12.726507
636 8.799970
637 9.129922
638 11.178997
639 12.800469
640 12.116464
641 10.417874
642 10.034309
643 13.518889
644 13.387805
645 13.656830
646 11.818796
647 10.333086
648 11.855253
649 11.715672
650 10.967324
651 12.285030
652 12.186035
653 13.050349
654 13.040789
655 16.373400
656 12.458450
657 13.419940
658 13.954791
659 14.591632
660 16.046722
661 16.116478
662 15.916062
663 16.782257
664 15.840209
665 14.761147
666 14.464322
667 15.188536
668 13.734927
669 14.306242
670 15.861234
671 16.156982
672 15.679255
673 14.935869
674 7.885008
675 9.266353
676 10.446750
677 10.989044
678 10.689980
679 12.224874
680 14.047648
681 11.499690
682 11.987968
683 14.330688
684 14.017604
685 13.998784
686 13.565994
687 12.516806
688 13.210614
689 14.328393
690 13.790800
691 14.323804
692 12.791583
693 12.596165
694 12.417466
695 14.020373
696 14.019251
697 13.669806
698 12.156662
699 11.730867
700 14.080693
701 14.859859
702 17.833384
703 15.369099
704 16.188324
705 14.287349
706 11.660560
707 15.160543
708 11.345175
709 14.819557
710 14.461549
711 14.773859
712 14.834129
713 14.386678
714 13.709825
715 16.741533
716 15.535835
717 17.604717
718 15.111231
719 18.155399
720 21.037306
721 18.922747
722 17.901533
723 17.348040
724 19.434456
725 17.055307
726 18.172190
727 19.073853
728 15.762510
729 17.960974
730 17.919785
731 18.044331
732 17.392128
733 16.245844
734 17.775341
735 16.907465
736 16.854252
737 17.043196
738 15.855013
739 17.111286
740 17.757174
741 16.218039
742 16.594343
743 16.595222
744 15.812281
745 15.736337
746 18.078011
747 18.069593
748 17.491356
749 17.135733
750 18.323328
751 15.888322
752 17.655661
753 17.587355
754 15.547143
755 14.489757
756 14.418256
757 16.876093
758 17.361362
759 16.340031
760 17.525904
761 15.953495
762 17.533159
763 18.000498
764 16.257893
765 17.188585
766 15.446151
767 16.950817
768 17.139551
769 18.168997
770 16.954618
771 16.640644
772 15.513225
773 16.490931
774 17.592892
775 17.411636
776 16.514599
777 16.938976
778 17.645416
779 16.280163
780 16.532438
781 15.020327
782 16.544451
783 18.138184
784 17.694265
785 17.197554
786 16.996307
787 16.849016
788 16.975803
789 15.188030
790 16.464560
791 17.555325
792 18.165068
793 16.520523
794 15.168809
795 15.524203
796 18.369268
797 15.669323
798 15.611828
799 18.273979
800 17.340109
801 16.377329
802 17.358957
803 16.695400
804 15.406767
805 18.415964
806 14.630018
807 14.433685
808 13.268580
809 14.905944
810 16.394823
811 17.880018
812 14.970497
813 14.337401
814 13.085783
815 13.304607
816 12.658334
817 13.885277
818 14.257197
819 14.470137
820 14.836880
821 15.183639
822 14.046593
823 13.935873
824 16.385206
825 16.236753
826 18.803423
827 16.218018
828 17.270615
829 15.310140
830 16.387335
831 16.783089
832 15.770125
833 17.259163
834 17.105770
835 16.404930
836 16.382607
837 16.317715
838 18.756678
839 17.428852
840 19.223330
841 18.939003
842 17.464264
843 18.101738
844 17.569666
845 17.778540
846 17.844032
847 16.877686
848 19.903376
849 16.650204
850 16.651705
851 16.769804
852 19.690096
853 19.033033
854 19.885550
855 20.896437
856 18.143204
857 19.432129
858 17.550482
859 17.198263
860 18.358482
861 17.102079
862 18.119978
863 17.453259
864 16.847282
865 17.427914
866 14.027335
867 15.996667
868 15.541136
869 15.389608
870 15.750947
871 15.449340
872 16.334225
873 16.542131
874 16.981672
875 16.724092
876 17.170559
877 16.739683
878 17.351469
879 17.831173
880 15.040705
881 16.387428
882 18.031269
883 19.935371
884 17.564430
885 16.340679
886 17.904364
887 17.379391
888 18.830563
889 19.920568
890 18.212835
891 19.633818
892 18.665541
893 18.730757
894 19.014801
895 18.479517
896 19.396214
897 17.694998
898 19.457010
899 17.907942
900 15.867478
901 17.030313
902 17.695126
903 17.540289
904 18.839090
905 18.951147
906 18.857668
907 18.490835
908 18.589422
909 18.093424
910 18.087658
911 18.327042
912 17.617796
913 17.705885
914 17.464779
915 17.642916
916 16.969606
917 16.675003
918 17.147604
919 16.685369
920 17.097052
921 16.464161
922 15.810222
923 17.071226
924 17.868374
925 17.478519
926 17.820654
927 16.689924
928 17.336029
929 18.362600
930 16.288797
931 18.709763
932 18.877218
933 19.537807
934 19.345560
935 19.856058
936 20.873936
937 20.349817
938 20.394688
939 20.323162
940 20.184700
941 19.216068
942 18.487005
943 18.360247
944 17.416235
945 19.613625
946 18.938261
947 20.793653
948 19.083427
949 20.242802
950 18.750244
951 18.415981
952 18.849154
953 20.189035
954 18.647671
955 18.722178
956 17.700340
957 18.721394
958 19.201889
959 18.918766
960 18.513048
961 16.737049
962 17.710041
963 19.104662
964 18.039402
965 16.690016
966 18.372267
967 17.836800
968 17.946814
969 19.771055
970 18.789749
971 17.355700
972 16.954834
973 18.203802
974 19.315664
975 17.772299
976 18.596111
977 19.541014
978 16.961319
979 17.344538
980 17.989326
981 18.580805
982 17.793499
983 16.842318
984 18.721945
985 17.905542
986 19.128664
987 19.484625
988 18.601088
989 18.586201
990 17.962191
991 17.231335
992 16.880299
993 18.875000
994 14.653889
995 16.057117
996 15.377161
997 15.505009
998 15.951349
999 17.591330
1000 16.928108
1001 16.787943
1002 14.923680
1003 15.957510
1004 16.257769
1005 15.301635
1006 16.837999
1007 16.452190
1008 16.381618
1009 17.161333
1010 16.962767
1011 16.824326
1012 14.715682
1013 13.832628
1014 15.999586
1015 16.450167
1016 15.521805
1017 16.534952
1018 16.344225
1019 15.462139
1020 15.334920
1021 15.864911
1022 15.459748
1023 15.612908
1024 17.355604
1025 15.260377
1026 16.158129
1027 16.447893
1028 16.823593
1029 15.969133
1030 14.645414
1031 16.079281
1032 16.140362
1033 14.390157
1034 14.800507
1035 15.088229
1036 13.929249
1037 14.485442
1038 15.185699
1039 16.133698
1040 16.449839
1041 14.468314
1042 14.584280
1043 13.463584
1044 14.664753
1045 14.657937
1046 15.993050
1047 15.894732
1048 16.744505
1049 15.272806
1050 16.555809
1051 16.838070
1052 15.765706
1053 15.333908
1054 15.630555
1055 15.580527
1056 13.354815
1057 15.453252
1058 15.373506
1059 15.994835
1060 16.750174
1061 16.853159
1062 16.504345
1063 16.068163
1064 16.878576
1065 15.344875
1066 16.988295
1067 16.582296
1068 17.275986
1069 16.490602
1070 16.932783
1071 16.023333
1072 17.075056
1073 15.608947
1074 15.073669
1075 16.689053
1076 15.827589
1077 18.365232
1078 17.025816
1079 17.321310
1080 16.533085
1081 17.729868
1082 17.036703
1083 16.142792
1084 14.244252
1085 15.719250
1086 16.695873
1087 18.209290
1088 18.115982
1089 17.009922
1090 17.934492
1091 17.175955
1092 18.506411
1093 16.922073
1094 16.877941
1095 16.272726
1096 15.921278
1097 16.896629
1098 15.487029
1099 17.517210
1100 16.992701
1101 17.402872
1102 17.524733
1103 16.237406
1104 16.493788
1105 16.524012
1106 16.941290
1107 16.613781
1108 15.270722
1109 17.041637
1110 17.454660
1111 17.384192
1112 17.025640
1113 17.676369
1114 16.897726
1115 16.817217
1116 16.883936
1117 16.635229
1118 16.690004
1119 17.211576
1120 16.665405
1121 16.139437
1122 16.083248
1123 16.331650
1124 16.673710
1125 16.438040
1126 15.929344
1127 17.391733
1128 16.630846
1129 17.826916
1130 16.774105
1131 17.605696
1132 16.701555
1133 16.565582
1134 17.198427
1135 16.970837
1136 15.397308
1137 16.090582
1138 16.607176
1139 16.467054
1140 16.909853
1141 17.158163
1142 16.630180
1143 16.616611
1144 17.007586
1145 15.824625
1146 17.121372
1147 17.227676
1148 16.530577
1149 16.546350
1150 17.045063
1151 16.700970
1152 16.130350
1153 16.576092
1154 16.890577
1155 17.249088
1156 15.395042
1157 16.947029
1158 16.312172
1159 14.985023
1160 17.092930
1161 17.090544
1162 14.408201
1163 16.522219
1164 16.236879
1165 15.559678
1166 16.378893
1167 16.019011
1168 15.877160
1169 18.123924
1170 16.821329
1171 14.434392
1172 15.316957
1173 14.269507
1174 16.042587
1175 17.257771
1176 18.161077
1177 16.940372
1178 17.980337
1179 17.123615
1180 18.239090
1181 18.725573
1182 18.470076
1183 17.525393
1184 15.932906
1185 17.498558
1186 16.699226
1187 16.449722
1188 17.386978
1189 16.709694
1190 16.448431
1191 17.845449
1192 17.232840
1193 17.170631
1194 16.471592
1195 15.413337
1196 15.964421
1197 16.555704
1198 15.552131
1199 14.654886
1200 16.165201
1201 16.820644
1202 17.275745
1203 16.431684
1204 15.519483
1205 16.229771
1206 17.290705
1207 16.766716
1208 16.465178
1209 17.242836
1210 15.835422
1211 15.858199
1212 15.535037
1213 15.654611
1214 16.976189
1215 16.524290
1216 13.435984
1217 15.511363
1218 17.096914
1219 14.030713
1220 15.641495
1221 16.091581
1222 16.867592
1223 15.031913
1224 16.092117
1225 16.168272
1226 16.092318
1227 16.904755
1228 15.934308
1229 16.056377
1230 16.328856
1231 16.229052
1232 16.477602
1233 15.905941
1234 17.901812
1235 15.736295
1236 15.495189
1237 15.253541
1238 15.816072
1239 15.881252
1240 16.979601
1241 16.754978
1242 15.942668
1243 15.692554
1244 16.757181
1245 15.442149
1246 15.314116
1247 16.800318
1248 15.239396
1249 16.247389
1250 15.765297
1251 17.111872
1252 15.033012
1253 16.356970
1254 15.684176
1255 16.732164
1256 16.271173
1257 15.907124
1258 14.676113
1259 15.660254
1260 15.977053
1261 17.682653
1262 16.570740
1263 17.080616
1264 16.736637
1265 16.978962
1266 16.331085
1267 15.905489
1268 15.341021
1269 15.489708
1270 16.201361
1271 17.113747
1272 16.837128
1273 15.277386
1274 14.758239
1275 16.286634
1276 15.509878
1277 16.023954
1278 14.677502
1279 14.950333
1280 17.191151
1281 16.963459
1282 17.250574
1283 17.562044
1284 17.773726
1285 15.491272
1286 16.082413
1287 17.152264
1288 17.010786
1289 16.986137
1290 16.425768
1291 17.200670
1292 15.984526
1293 15.445306
1294 15.983841
1295 15.668365
1296 15.147608
1297 16.097361
1298 17.790800
1299 16.958996
1300 16.117245
1301 15.557806
1302 16.926697
1303 16.439863
1304 17.133291
1305 16.409029
1306 16.738626
1307 15.740123
1308 16.874483
1309 16.115635
1310 16.564911
1311 15.501441
1312 15.832531
1313 17.367634
1314 16.976833
1315 17.221489
1316 15.865038
1317 16.440449
1318 16.676573
1319 16.357590
1320 15.751331
1321 17.355881
1322 17.453590
1323 15.906282
1324 14.302647
1325 15.940043
1326 16.079058
1327 16.178455
1328 14.954712
1329 15.514584
1330 14.371427
1331 15.178884
1332 15.888528
1333 16.285742
1334 15.576113
1335 16.866079
1336 17.469812
1337 15.573227
1338 16.435932
1339 15.787724
1340 15.961088
1341 16.019564
1342 16.290642
1343 15.484619
1344 16.291145
1345 16.024372
1346 16.176189
1347 15.730390
1348 16.275476
1349 18.416260
1350 15.899578
1351 16.944117
1352 16.753143
1353 15.467091
1354 16.125473
1355 17.117739
1356 16.012896
1357 15.839298
1358 14.950167
1359 16.856895
1360 16.009352
1361 16.490625
1362 15.286893
1363 16.021061
1364 16.029427
1365 16.712902
1366 16.485392
1367 16.436319
1368 16.981770
1369 15.433811
1370 16.652674
1371 16.693903
1372 16.791073
1373 15.344058
1374 15.687354
1375 14.954446
1376 15.658305
1377 15.620796
1378 16.621489
1379 17.149609
1380 15.473631
1381 16.350382
1382 16.445330
1383 15.955300
1384 14.820951
1385 16.314064
1386 15.750503
1387 15.969090
1388 17.602177
1389 15.752044
1390 17.620735
1391 16.659874
1392 15.547103
1393 17.190790
1394 16.215672
1395 17.344963
1396 16.935328
1397 16.231800
1398 15.315332
1399 15.849545
1400 15.790504
1401 15.990522
1402 14.926660
1403 17.168476
1404 14.503239
1405 14.833056
1406 17.516607
1407 15.586079
1408 16.699448
1409 17.129866
1410 15.795616
1411 16.629354
1412 16.898975
1413 16.944714
1414 17.315426
1415 16.565861
1416 17.142675
1417 16.738686
1418 16.955965
1419 16.769585
1420 16.853621
1421 17.817942
1422 17.042469
1423 16.604446
1424 15.586003
1425 14.818940
1426 15.979315
1427 15.317260
1428 17.290133
1429 17.596031
1430 16.649170
1431 17.276024
1432 16.409431
1433 16.809441
1434 16.212345
1435 16.507862
1436 17.273384
1437 17.287420
1438 16.250196
1439 17.652695
1440 18.271196
1441 17.733509
1442 16.379862
1443 16.306898
1444 16.181265
1445 15.877345
1446 17.285110
1447 17.430281
1448 16.518810
1449 16.622358
1450 15.783465
1451 16.277905
1452 16.367987
1453 16.199160
1454 16.803125
1455 17.029806
1456 17.329943
1457 15.988001
1458 16.626423
1459 16.344656
1460 17.201300
1461 16.758976
1462 16.620811
1463 16.408499
1464 15.150080
1465 16.184128
1466 16.149225
1467 15.586755
1468 16.216623
1469 17.346092
1470 15.784168
1471 16.094671
1472 16.551268
1473 16.080427
1474 17.191782
1475 15.823254
1476 14.715468
1477 14.412494
1478 14.118318
1479 15.026444
1480 15.757644
1481 15.026155
1482 13.573019
1483 13.225920
1484 13.323613
1485 15.207317
1486 16.099764
1487 17.685184
1488 16.112459
1489 15.997063
1490 13.716510
1491 14.988994
1492 16.372799
1493 16.066816
1494 16.548326
1495 16.724138
1496 16.689814
1497 15.329234
1498 14.810748
1499 18.024555
1500 16.778910
1501 17.419622
1502 17.729458
1503 15.872915
1504 16.246807
1505 16.850872
1506 16.763443
1507 17.323744
1508 17.214565
1509 17.159056
1510 17.175486
1511 15.812270
1512 17.115198
1513 15.439888
1514 13.933706
1515 13.986909
1516 14.860370
1517 14.637368
1518 17.298569
1519 15.801801
1520 17.193516
1521 17.804407
1522 17.115997
1523 15.202894
1524 15.968887
1525 13.830436
1526 16.125343
1527 15.059340
1528 16.314611
1529 16.734364
1530 14.468263
1531 14.814700
1532 15.377271
1533 15.404475
1534 16.937916
1535 16.069443
1536 15.280742
1537 17.091730
1538 15.228718
1539 15.540536
1540 15.837351
1541 15.232575
1542 16.597939
1543 16.913746
1544 17.184715
1545 16.869221
1546 17.679907
1547 17.986593
1548 16.643097
1549 16.251965
1550 15.832869
1551 15.896335
1552 16.020889
1553 13.889207
1554 13.941866
1555 15.347429
1556 14.864968
1557 15.910757
1558 15.323781
1559 16.867880
1560 16.988422
1561 17.005291
1562 16.676926
1563 15.353322
1564 15.367791
1565 17.608507
1566 15.667835
1567 15.470243
1568 16.750181
1569 16.208214
1570 15.576127
1571 16.262465
1572 16.938915
1573 16.589588
1574 16.277742
1575 17.101620
1576 15.554049
1577 16.190826
1578 16.201881
1579 16.068918
1580 16.456861
1581 16.057394
1582 16.172733
1583 18.730156
1584 16.253920
1585 13.269779
1586 15.404318
1587 17.659428
1588 16.534866
1589 15.876474
1590 14.732186
1591 16.951698
1592 17.091482
1593 15.719028
1594 15.659007
1595 14.460386
1596 16.067205
1597 17.426540
1598 15.679069
1599 13.617453
1600 14.029416
1601 18.194059
1602 17.689615
1603 15.494098
1604 16.440767
1605 16.676222
1606 16.697308
1607 15.831721
1608 14.971045
1609 15.622451
1610 13.974910
1611 14.173443
1612 15.914048
1613 16.289394
1614 16.040882
1615 16.589277
1616 16.307940
1617 16.847496
1618 15.687699
1619 16.525534
1620 16.925591
1621 16.641644
1622 16.429852
1623 16.168404
1624 15.441134
1625 13.931349
1626 16.149378
1627 14.773964
1628 14.133331
1629 14.943390
1630 15.213861
1631 16.300314
1632 16.507238
1633 15.181633
1634 16.272032
1635 14.861344
1636 16.362040
1637 15.126141
1638 16.345552
1639 16.069386
1640 15.842850
1641 16.147999
1642 15.384402
1643 15.842702
1644 15.405977
1645 13.516817
1646 16.152010
1647 16.059422
1648 14.021333
1649 14.612247
1650 14.822756
1651 15.942636
1652 15.909908
1653 16.030136
1654 16.167362
1655 17.395401
1656 15.940030
1657 16.214619
1658 17.584293
1659 15.720322
1660 16.178576
1661 16.200577
1662 16.863420
1663 16.511309
1664 13.633098
1665 15.036228
1666 14.597280
1667 14.546167
1668 14.215283
1669 14.182991
1670 15.391378
1671 11.701371
1672 14.238232
1673 15.856980
1674 15.205045
1675 14.648342
1676 16.640846
1677 14.718821
1678 13.470833
1679 16.824293
1680 17.666391
1681 16.060144
1682 17.038504
1683 15.654048
1684 16.220287
1685 16.933474
1686 16.621511
1687 16.423632
1688 17.224648
1689 16.592758
1690 17.273493
1691 15.294200
1692 16.697500
1693 17.885551
1694 16.680479
1695 17.315069
1696 16.605236
1697 17.169230
1698 17.841341
1699 17.456257
1700 17.915033
1701 16.976425
1702 18.222574
1703 16.155781
1704 17.404131
1705 18.306673
1706 16.102619
1707 17.130186
1708 17.168676
1709 14.209910
1710 16.639845
1711 13.172746
1712 16.872444
1713 16.027208
1714 18.279299
1715 15.699330
1716 15.776357
1717 16.567789
1718 16.550596
1719 15.645822
1720 16.010075
1721 15.296055
1722 16.605200
1723 15.642114
1724 17.857248
1725 16.771820
1726 19.149233
1727 15.867686
1728 17.371172
1729 15.547204
1730 16.921658
1731 17.723747
1732 17.019543
1733 16.233820
1734 13.681735
1735 14.259173
1736 16.044752
1737 16.731049
1738 16.410349
1739 16.855070
1740 14.810652
1741 15.039873
1742 15.401151
1743 14.977817
1744 14.871496
1745 14.982568
1746 15.127121
1747 16.715544
1748 15.137644
1749 15.785522
1750 14.578005
1751 16.328474
1752 15.650506
1753 15.572688
1754 15.185940
1755 15.962249
1756 16.839720
1757 15.972686
1758 16.310642
1759 17.720228
1760 18.129948
1761 15.917592
1762 14.923493
1763 14.092128
1764 13.722585
1765 13.079781
1766 15.308647
1767 15.446795
1768 15.939419
1769 16.554720
1770 16.979601
1771 17.456108
1772 18.043430
1773 17.778696
1774 16.871910
1775 17.256041
1776 17.196705
1777 18.020948
1778 16.845707
1779 16.721514
1780 17.012955
1781 16.572960
1782 16.884075
1783 18.041185
1784 18.500147
1785 17.759642
1786 17.054777
1787 16.030544
1788 16.403862
1789 17.713394
1790 17.385496
1791 17.823471
1792 18.209667
1793 18.045946
1794 16.908819
1795 15.995375
1796 15.296426
1797 16.179823
1798 15.526434
1799 15.768642
1800 14.280584
1801 14.766242
1802 13.996463
1803 16.168890
1804 18.257111
1805 18.001337
1806 17.313429
1807 17.307993
1808 15.690574
1809 17.400391
1810 16.616707
1811 16.900881
1812 17.602840
1813 17.483480
1814 14.837540
1815 16.453743
1816 16.930201
1817 15.319494
1818 17.205254
1819 16.104168
1820 16.660866
1821 17.406191
1822 17.095749
1823 18.591061
1824 17.952682
1825 18.055931
1826 18.135349
1827 17.912693
1828 18.302118
1829 19.300402
1830 18.129850
1831 15.719847
1832 17.841438
1833 17.560667
1834 15.243450
1835 16.151176
1836 16.038343
1837 16.194357
1838 17.062834
1839 18.040901
1840 17.274574
1841 17.887751
1842 17.754675
1843 17.533962
1844 16.061237
1845 16.781124
1846 18.454475
1847 15.883975
1848 17.381271
1849 17.876110
1850 17.779266
1851 17.641956
1852 16.782089
1853 17.275942
1854 17.371872
1855 15.372919
1856 16.973900
1857 15.451727
1858 15.103866
1859 14.860698
1860 15.668140
1861 15.337298
1862 15.269438
1863 15.700760
1864 16.252401
1865 17.013592
1866 15.704506
1867 15.067319
1868 13.995518
1869 14.471723
1870 14.386586
1871 16.055187
1872 17.236219
1873 16.032007
1874 18.196829
1875 16.895582
1876 17.123669
1877 16.601261
1878 16.736271
1879 15.178602
1880 16.402773
1881 16.318832
1882 12.440342
1883 11.978957
1884 12.652646
1885 9.506305
1886 9.491569
1887 12.972813
1888 11.295250
1889 11.466287
1890 9.934610
1891 11.892403
1892 10.093942
1893 13.598748
1894 10.772861
1895 9.592027
1896 9.359818
1897 10.519035
1898 10.736297
1899 10.480044
1900 10.374572
1901 10.335073
1902 7.790050
1903 11.098723
1904 10.506620
1905 11.039484
1906 8.291813
1907 10.348111
1908 10.549667
1909 9.768594
1910 9.964755
1911 9.571176
1912 9.769883
1913 10.744102
1914 10.499732
1915 12.667757
1916 13.008638
1917 11.312530
1918 13.409043
1919 12.517879
1920 12.375526
1921 11.074473
1922 12.425792
1923 12.734158
1924 12.772164
1925 11.676016
1926 11.778927
1927 11.857018
1928 11.776562
1929 13.758059
1930 13.262411
1931 13.718441
1932 12.192142
1933 13.413032
1934 12.384483
1935 10.952451
1936 10.566618
1937 12.041164
1938 12.102670
1939 9.998626
1940 9.319800
1941 10.925847
1942 10.482681
1943 10.874131
1944 10.540822
1945 11.471489
1946 12.409470
1947 12.539895
1948 12.132540
1949 10.817260
1950 10.312654
1951 10.857594
1952 13.783893
1953 13.408061
1954 12.816292
1955 13.139694
1956 13.373577
1957 12.160828
1958 13.225232
1959 12.694532
1960 13.016425
1961 13.310151
1962 12.772384
1963 11.120266
1964 11.841380
1965 11.356471
1966 10.970773
1967 12.044897
1968 12.238900
1969 11.107656
1970 10.929926
1971 11.378401
1972 10.668476
1973 11.263100
1974 10.292125
1975 10.277887
1976 10.805307
1977 11.924965
1978 10.633666
1979 11.468332
1980 10.787044
1981 11.798975
1982 12.124166
1983 11.928142
1984 12.645020
1985 12.792881
1986 12.546243
1987 11.789368
1988 10.658923
1989 10.622922
1990 10.414599
1991 13.061384
1992 10.912584
1993 10.204501
1994 12.125367
1995 11.050006
1996 11.253772
1997 8.380942
1998 9.006496
1999 9.368244
2000 9.101719
2001 10.253986
2002 12.835254
2003 12.733521
2004 11.065245
2005 13.258625
2006 13.745431
2007 13.598750
2008 13.945228
2009 11.115994
2010 12.032318
2011 11.731224
2012 11.696896
2013 10.610832
2014 11.725779
2015 12.711064
2016 12.572914
2017 12.737108
2018 13.766270
2019 13.237798
2020 12.435131
2021 12.159124
2022 11.885706
2023 13.119639
2024 10.903543
2025 11.039912
2026 11.152465
2027 11.652055
2028 9.262242
2029 10.031526
2030 11.612141
2031 12.831016
2032 9.590523
2033 11.295052
2034 11.974590
2035 12.260064
2036 13.086818
2037 11.378907
2038 11.734608
2039 11.169636
2040 12.100474
2041 13.122143
2042 13.799745
2043 13.805800
2044 12.702521
2045 12.946722
2046 13.454534
2047 12.416486
2048 12.030397
2049 11.575466
2050 12.715419
2051 10.423490
2052 10.583051
2053 10.492640
2054 11.108171
2055 13.286510
2056 12.243939
2057 12.515798
2058 12.791472
2059 12.918993
2060 12.374137
2061 12.192233
2062 13.735291
2063 12.619995
2064 12.687980
2065 12.136260
2066 11.681485
2067 11.264544
2068 11.248797
2069 11.824743
2070 11.821594
2071 12.834995
2072 12.053680
2073 11.092131
2074 12.198283
2075 12.041549
2076 12.091425
2077 11.859009
2078 11.118132
2079 11.498699
2080 11.595039
2081 10.484935
2082 10.746787
2083 11.191397
2084 10.903953
2085 10.470807
2086 10.578457
2087 12.108262
2088 10.317874
2089 10.886827
2090 9.983098
2091 11.397950
2092 12.007857
2093 13.166397
2094 11.420956
2095 11.203503
2096 11.566481
2097 12.495877
2098 12.201368
2099 11.113854
2100 11.602039
2101 15.985025
2102 15.439379
2103 13.695625
2104 15.250409
2105 12.809073
2106 14.939847
2107 14.667983
2108 14.785269
2109 14.881916
2110 15.146569
2111 15.287444
2112 14.355426
2113 14.170608
2114 13.331203
2115 14.943560
2116 14.597384
2117 14.062297
2118 16.991749
2119 16.161434
2120 14.247074
2121 15.085137
2122 12.736069
2123 13.986129
2124 13.397857
2125 13.877421
2126 13.400093
2127 11.504334
2128 11.116819
2129 12.328488
2130 11.894155
2131 12.628466
2132 14.078175
2133 15.812854
2134 11.929231
2135 11.467353
2136 13.340539
2137 12.711804
2138 12.382431
2139 13.650763
2140 13.555198
2141 15.278187
2142 13.024720
2143 11.730221
2144 12.964153
2145 12.815502
2146 14.109509
2147 12.310913
2148 12.775052
2149 13.628684
2150 15.359347
2151 12.948937
2152 15.073638
2153 16.787855
2154 16.462755
2155 15.593494
2156 16.796329
2157 16.356436
2158 14.570809
2159 15.072762
2160 17.899075
2161 19.691029
2162 18.273247
2163 16.246555
2164 15.466951
2165 18.430283
2166 15.944558
2167 14.591288
2168 15.181808
2169 15.855456
2170 16.412981
2171 17.617416
2172 18.236277
2173 18.502159
2174 16.755495
2175 16.395245
2176 16.124971
2177 17.262146
2178 15.300014
2179 17.408600
2180 15.980725
2181 14.559239
2182 12.172436
2183 11.785708
2184 12.634064
2185 13.457385
2186 13.722293
2187 12.590908
2188 11.255721
2189 11.598700
2190 13.427328
2191 10.757586
2192 11.322096
2193 11.999871
2194 13.084345
2195 12.402516
2196 13.190108
2197 11.333979
2198 11.721633
2199 12.615677
2200 11.728671
2201 11.436873
2202 12.037881
2203 13.137449
2204 12.324864
2205 14.744517
2206 11.869546
2207 13.559744
2208 11.607672
2209 11.058608
2210 11.860332
2211 12.663592
2212 12.581326
2213 11.158021
2214 11.848571
2215 12.008417
2216 13.261686
2217 12.722211
2218 13.688308
2219 14.344624
2220 12.827477
2221 15.273855
2222 14.969592
2223 12.827304
2224 11.408953
2225 13.057108
2226 12.589521
2227 12.902870
2228 13.966479
2229 14.808473
2230 13.986378
2231 14.089815
2232 12.570362
2233 13.586545
2234 14.008832
2235 14.329760
2236 16.249619
2237 15.703817
2238 14.110899
2239 13.410701
2240 12.429005
2241 12.025493
2242 14.548023
2243 16.204161
2244 14.095956
2245 14.939057
2246 14.402378
2247 13.209641
2248 14.301528
2249 15.426489
2250 14.714095
2251 13.696095
2252 15.492141
2253 15.531576
2254 14.007697
2255 13.017035
2256 13.586509
2257 15.839229
2258 12.045136
2259 14.238173
2260 13.634755
2261 13.295116
2262 16.136101
2263 11.381977
2264 12.259718
2265 11.524320
2266 9.814696
2267 13.162019
2268 12.653966
2269 12.405365
2270 14.619842
2271 13.284480
2272 14.377248
2273 12.559812
2274 10.986911
2275 13.641785
2276 14.612008
2277 13.853392
2278 13.488907
2279 11.146418
2280 12.311694
2281 12.007817
2282 11.078183
2283 12.308435
2284 10.716893
2285 10.118330
2286 10.659840
2287 11.879071
2288 11.040988
2289 12.909603
2290 14.255087
2291 13.109765
2292 14.267071
2293 11.766973
2294 10.736246
2295 12.326191
2296 12.917392
2297 15.104847
2298 14.605165
2299 13.305570
2300 13.088456
2301 12.273326
2302 12.296299
2303 11.529868
2304 10.328398
2305 12.470838
2306 11.364141
2307 11.544714
2308 12.208282
2309 11.555415
2310 11.439278
2311 11.043577
2312 11.566959
2313 10.796983
2314 10.289133
2315 10.747900
2316 11.375491
2317 10.852254
2318 11.336432
2319 10.898781
2320 11.151793
2321 11.332832
2322 12.535713
2323 11.158660
2324 12.853774
2325 11.494267
2326 10.307793
2327 11.771721
2328 12.930737
2329 12.884238
2330 15.233269
2331 12.053131
2332 12.073588
2333 11.654958
2334 11.853669
2335 13.724903
2336 13.976783
2337 12.856925
2338 12.396569
2339 12.204173
2340 12.068315
2341 14.586055
2342 12.536996
2343 13.374576
2344 13.958454
2345 13.963528
2346 13.491129
2347 13.114165
2348 12.256429
2349 12.568845
2350 10.626337
2351 12.435299
2352 12.798477
2353 11.957614
2354 10.640404
2355 11.910959
2356 10.803545
2357 11.932215
2358 11.466910
2359 12.097049
2360 13.124705
2361 12.868960
2362 15.503819
2363 14.466581
2364 15.285060
2365 14.612659
2366 11.750884
2367 13.028971
2368 13.285054
2369 13.657749
2370 14.723927
2371 13.906281
2372 13.877532
2373 14.116159
2374 13.586780
2375 12.602016
2376 11.985759
2377 10.399252
2378 11.485768
2379 11.325914
2380 11.149818
2381 10.862646
2382 9.972116
2383 11.429244
2384 12.155019
2385 11.943238
2386 12.036503
2387 11.471113
2388 11.239623
2389 12.557786
2390 11.351660
2391 11.855759
2392 14.826154
2393 15.310706
2394 16.493071
2395 15.286845
2396 15.512671
2397 17.412136
2398 15.687900
2399 13.280232
2400 14.775283
2401 15.303267
2402 17.777973
2403 15.130250
2404 10.593959
2405 12.994908
2406 13.153888
2407 12.178594
2408 14.549631
2409 14.111160
2410 13.294121
2411 14.436460
2412 15.213696
2413 14.731942
2414 12.930916
2415 15.286665
2416 13.293463
2417 14.213267
2418 14.482821
2419 13.935396
2420 13.559475
2421 12.921448
2422 11.808595
2423 13.753307
2424 14.135167
2425 12.972377
2426 15.022764
2427 13.181389
2428 12.656293
2429 13.297660
2430 13.812169
2431 14.653321
2432 12.557424
2433 13.697799
2434 12.401486
2435 12.536188
2436 12.487340
2437 12.767584
2438 11.891177
2439 13.494181
2440 15.315603
2441 14.223147
2442 13.727258
2443 15.102804
2444 16.101824
2445 15.343292
2446 16.006811
2447 17.541965
2448 15.223738
2449 16.322287
2450 16.360579
2451 14.298930
2452 15.517205
2453 16.901217
2454 17.287088
2455 17.707058
2456 14.685432
2457 17.381632
2458 15.944720
2459 17.189489
2460 17.442673
2461 17.529863
2462 15.386472
2463 16.978176
2464 17.204638
2465 17.315948
2466 16.295439
2467 18.114111
2468 18.375950
2469 17.203430
2470 14.399751
2471 15.998916
2472 16.254358
2473 18.080698
2474 17.020597
2475 15.847781
2476 15.950216
2477 15.657006
2478 15.381583
2479 15.311495
2480 17.127108
2481 17.114996
2482 17.710476
2483 16.542416
2484 16.559649
2485 15.830227
2486 17.349138
2487 16.570929
2488 15.577687
2489 15.147319
2490 16.136007
2491 16.543495
2492 17.568451
2493 15.407166
2494 16.274443
2495 15.300326
2496 17.408119
2497 16.146410
2498 16.965158
2499 16.708670
2500 15.847280
2501 14.826828
2502 16.150480
2503 17.022934
2504 15.750332
2505 16.131359
2506 15.298980
2507 14.111416
2508 15.576904
2509 16.638262
2510 17.186483
2511 15.866816
2512 16.246712
2513 14.706789
2514 16.438217
2515 16.413195
2516 15.231434
2517 13.374336
2518 14.427592
2519 13.454570
2520 17.382492
2521 16.914024
2522 17.158150
2523 17.481066
2524 17.019367
2525 16.609545
2526 16.204388
2527 16.427425
2528 16.631458
2529 15.233712
2530 16.190657
2531 14.611645
2532 15.396324
2533 16.142673
2534 17.203430
2535 17.206541
2536 14.997037
2537 15.017620
2538 14.151496
2539 14.395234
2540 15.773665
2541 16.064215
2542 17.194227
2543 18.113773
2544 17.672274
2545 18.472599
2546 17.628378
2547 16.551754
2548 15.483092
2549 17.541784
2550 17.377752
2551 16.443457
2552 17.182554
2553 18.632656
2554 18.247427
2555 18.563034
2556 16.296610
2557 17.118725
2558 16.278090
2559 18.063782
2560 16.600981
2561 18.097488
2562 16.049456
2563 17.060858
2564 16.115362
2565 17.364038
2566 17.732897
2567 18.464472
2568 17.079233
2569 15.459619
2570 16.494146
2571 18.112698
2572 18.020445
2573 19.273754
2574 17.721342
2575 16.849386
2576 18.328650
2577 16.328558
2578 15.899042
2579 17.593742
2580 17.643963
2581 17.262705
2582 17.938435
2583 18.796452
2584 17.549473
2585 18.014301
2586 17.667213
2587 18.224901
2588 17.808767
2589 17.965406
2590 18.119396
2591 17.654837
2592 17.732290
2593 17.338177
2594 17.123203
2595 17.487442
2596 16.985361
2597 15.433767
2598 17.133923
2599 17.820837
2600 15.732591
2601 14.355580
2602 15.073269
2603 14.954467
2604 15.498947
2605 16.650208
2606 18.362459
2607 19.140034
2608 18.294439
2609 19.150341
2610 17.512083
2611 16.860184
2612 17.071451
2613 17.067219
2614 16.952866
2615 17.341347
2616 17.838411
2617 16.762825
2618 18.963583
2619 17.448238
2620 17.574331
2621 15.803483
2622 16.456818
2623 16.450483
2624 19.501822
2625 17.919201
2626 15.575217
2627 17.118456
2628 19.144770
2629 18.159044
2630 18.050863
2631 18.736750
2632 18.273083
2633 19.287310
2634 19.802671
2635 17.958803
2636 18.534061
2637 18.344906
2638 19.256098
2639 17.441359
2640 17.656090
2641 18.476858
2642 18.810898
2643 18.145172
2644 18.340834
2645 18.254585
2646 19.228315
2647 18.829397
2648 18.230040
2649 19.866453
2650 18.589117
2651 19.125210
2652 19.182436
2653 19.957119
2654 17.557102
2655 18.463463
2656 17.345478
2657 19.387724
2658 17.447495
2659 19.015509
2660 17.108145
2661 17.992466
2662 17.279453
2663 18.183691
2664 16.771559
2665 18.057787
2666 17.718077
2667 17.704107
2668 17.631893
2669 18.839279
2670 17.610529
2671 18.237392
2672 17.929628
2673 17.298710
2674 18.935396
2675 18.266075
2676 17.617735
2677 18.018951
2678 17.601097
2679 17.569891
2680 17.927790
2681 18.348042
2682 17.592657
2683 17.008738
2684 16.799242
2685 17.143658
2686 17.902407
2687 16.891220
2688 16.620169
2689 15.146574
2690 17.270311
2691 18.421894
2692 16.669388
2693 17.021101
2694 16.930552
2695 17.103235
2696 18.019335
2697 16.700985
2698 16.352554
2699 16.320305
2700 15.322843
2701 16.901066
2702 17.465698
2703 16.976980
2704 17.425146
2705 16.482626
2706 17.559341
2707 17.623444
2708 17.548485
2709 14.649107
2710 14.432813
2711 16.085619
2712 14.815767
2713 16.287741
2714 17.912905
2715 18.211874
2716 17.218527
2717 15.872294
2718 17.349350
2719 18.043186
2720 15.685723
2721 16.943731
2722 17.348948
2723 15.943776
2724 15.850163
2725 17.366053
2726 17.418062
2727 16.496372
2728 16.231356
2729 15.913682
2730 16.453840
2731 16.624830
2732 15.502881
2733 13.230479
2734 13.676419
2735 13.486141
2736 14.513494
2737 15.083447
2738 17.857553
2739 18.289690
2740 17.033464
2741 17.982893
2742 18.386261
2743 18.191687
2744 19.631723
2745 17.600328
2746 18.904652
2747 17.644901
2748 17.592979
2749 17.209887
2750 18.350748
2751 17.390638
2752 18.338671
2753 17.351454
2754 17.798677
2755 18.168671
2756 17.737019
2757 19.007254
2758 17.358103
2759 17.316278
2760 17.590406
2761 18.366291
2762 18.114454
2763 17.344732
2764 17.255762
2765 13.921831
2766 14.735195
2767 13.750318
2768 13.683940
2769 14.914598
2770 15.500326
2771 16.001400
2772 16.793705
2773 18.051777
2774 16.799103
2775 17.188438
2776 17.997602
2777 17.711992
2778 17.609709
2779 16.436068
2780 17.647593
2781 17.251331
2782 18.523947
2783 15.620489
2784 15.524115
2785 15.988805
2786 17.097185
2787 17.293137
2788 16.846832
2789 18.304346
2790 18.586452
2791 18.825550
2792 18.259188
2793 16.785477
2794 16.784594
2795 17.040255
2796 17.192375
2797 18.665209
2798 15.313237
2799 14.650141
2800 18.733994
2801 18.392151
2802 17.165016
2803 17.784906
2804 17.532209
2805 19.340523
2806 16.843809
2807 17.060324
2808 16.666428
2809 17.678810
2810 17.793093
2811 17.904116
2812 19.058559
2813 18.494823
2814 19.231853
2815 17.494385
2816 18.164629
2817 18.642637
2818 18.012272
2819 18.319818
2820 17.870279
2821 19.399467
2822 18.199368
2823 18.426977
2824 18.405941
2825 19.363750
2826 15.945274
2827 17.511580
2828 17.288496
2829 16.368071
2830 17.435808
2831 16.955748
2832 16.236166
2833 17.218393
2834 15.317532
2835 16.986067
2836 17.608715
2837 18.198502
2838 18.346865
2839 17.230635
2840 16.758663
2841 17.674660
2842 18.336088
2843 17.761473
2844 17.925171
2845 17.639011
2846 17.832977
2847 17.001047
2848 16.952360
2849 18.354851
2850 18.112122
2851 17.562187
2852 16.952469
2853 18.559313
2854 17.340418
2855 18.406115
2856 16.656136
2857 18.018639
2858 15.972591
2859 17.003027
2860 16.149223
2861 16.928020
2862 17.481579
2863 17.693373
2864 17.620478
2865 18.571306
2866 18.416353
2867 17.634188
2868 17.977434
2869 15.669116
2870 15.196876
2871 15.022952
2872 16.578680
2873 13.870725
2874 16.677807
2875 15.789479
2876 16.059408
2877 15.291180
2878 14.589642
2879 16.896883
2880 17.233576
2881 16.421289
2882 15.573330
2883 13.561460
2884 12.494170
2885 12.836825
2886 13.312225
2887 14.008715
2888 11.052324
2889 11.742176
2890 11.738348
2891 12.583461
2892 12.094701
2893 15.477537
2894 12.972427
2895 13.869742
2896 13.100270
2897 12.343061
2898 13.194412
2899 13.929070
2900 12.436172
2901 13.858708
2902 14.037472
2903 13.499559
2904 13.408010
2905 13.106063
2906 12.067759
2907 12.182357
2908 13.512588
2909 11.782910
2910 11.409214
2911 12.352783
2912 10.962617
2913 14.619943
2914 17.434713
2915 16.938648
2916 16.077427
2917 17.816042
2918 16.848131
2919 16.752275
2920 14.294942
2921 14.569945
2922 17.381481
2923 17.457949
2924 17.352587
2925 17.207123
2926 17.545315
2927 17.695665
2928 17.691563
2929 17.838627
2930 17.228897
2931 17.551916
2932 17.710409
2933 16.964281
2934 17.925426
2935 17.886560
2936 17.815933
2937 18.336554
2938 17.967695
2939 19.597761
2940 17.735657
2941 17.854717
2942 17.627171
2943 17.330198
2944 17.122894
2945 17.593056
2946 18.261078
2947 18.547998
2948 17.332014
2949 18.844530
2950 18.121935
2951 17.997709
2952 16.079044
2953 16.950447
2954 17.413046
2955 18.534708
2956 17.047977
2957 18.630877
2958 18.629055
2959 17.976597
2960 18.435762
2961 18.543728
2962 17.247614
2963 17.277399
2964 18.297558
2965 16.717831
2966 17.970495
2967 18.249046
2968 17.504551
2969 17.741550
2970 17.103764
2971 16.425205
2972 17.541321
2973 16.448908
2974 16.281492
2975 17.903143
2976 16.201971
2977 16.086664
2978 17.128426
2979 16.869816
2980 15.853395
2981 15.669923
2982 16.701437
2983 17.509218
2984 16.428474
2985 16.405401
2986 16.466042
2987 16.224554
2988 17.115124
2989 16.414543
2990 17.586432
2991 16.835464
2992 14.991869
2993 14.481315
2994 14.533202
2995 16.176283
2996 17.353931
2997 16.024187
2998 16.587095
2999 15.108703
3000 17.043421
3001 16.111172
3002 17.307039
3003 16.904768
3004 15.308491
3005 15.546408
3006 13.788104
3007 17.823576
3008 16.758461
3009 16.496056
3010 17.026875
3011 16.601513
3012 17.630905
3013 17.359898
3014 16.886736
3015 17.754623
3016 17.617386
3017 17.251991
3018 18.533173
3019 18.822807
3020 17.221178
3021 17.250443
3022 16.416140
3023 16.718588
3024 15.172496
3025 15.913149
3026 16.835680
3027 18.159508
3028 18.830988
3029 16.899860
3030 17.905035
3031 18.777716
3032 17.277185
3033 17.606295
3034 19.139206
3035 18.282188
3036 17.344610
3037 16.054670
3038 15.391956
3039 15.524948
3040 15.950803
3041 16.377010
3042 17.100336
3043 18.455681
3044 17.070377
3045 18.731701
3046 18.688210
3047 14.621911
3048 13.972194
3049 16.831173
3050 15.171824
3051 15.439802
3052 14.645339
3053 14.719444
3054 15.323521
3055 17.698008
3056 15.490324
3057 17.314140
3058 16.073515
3059 16.796864
3060 17.338039
3061 15.192319
3062 15.341197
3063 17.030540
3064 15.910511
3065 15.654297
3066 17.551304
3067 15.136302
3068 15.962440
3069 17.391005
3070 16.891579
3071 16.249729
3072 16.723059
3073 15.792600
3074 15.969584
3075 17.237179
3076 15.634093
3077 14.625761
3078 14.384821
3079 17.086910
3080 15.783527
3081 15.107845
3082 16.552853
3083 15.232363
3084 15.499358
3085 14.579794
3086 13.881316
3087 14.494177
3088 14.897766
3089 14.234008
3090 13.806037
3091 16.716043
3092 16.471313
3093 16.062143
3094 16.942095
3095 15.594699
3096 16.079359
3097 15.005240
3098 15.211994
3099 15.363201
3100 17.425243
3101 17.529808
3102 16.045599
3103 15.251130
3104 15.672664
3105 16.500288
3106 16.129723
3107 17.885427
3108 14.873162
3109 12.972445
3110 14.336015
3111 16.458542
3112 16.511463
3113 16.126085
3114 12.993961
3115 16.239737
3116 17.231699
3117 18.097963
3118 17.594992
3119 17.380249
3120 18.548687
3121 19.241884
3122 16.959120
3123 15.751691
3124 16.426229
3125 18.897057
3126 17.835510
3127 15.254644
3128 16.674362
3129 14.149846
3130 14.311010
3131 15.702975
3132 17.790022
3133 17.645540
3134 14.028274
3135 15.382273
3136 16.135855
3137 15.347153
3138 15.440695
3139 15.501594
3140 16.029827
3141 18.011480
3142 17.145813
3143 17.698320
3144 18.154707
3145 14.978551
3146 14.085783
3147 15.229458
3148 14.651649
3149 15.799811
3150 14.105166
3151 16.484894
3152 18.234186
3153 16.978111
3154 18.002789
3155 17.473566
3156 16.686499
3157 18.125366
3158 17.943316
3159 17.684374
3160 17.270767
3161 17.008198
3162 17.423267
3163 16.619459
3164 16.390219
3165 16.414850
3166 18.230593
3167 17.052282
3168 17.962545
3169 16.361555
3170 17.033640
3171 17.251745
3172 17.039965
3173 17.986269
3174 18.153416
3175 18.481682
3176 18.613331
3177 18.865538
3178 17.708635
3179 17.077559
3180 15.924313
3181 17.345232
3182 17.970318
3183 17.962038
3184 18.039614
3185 20.123344
3186 18.456312
3187 17.824242
3188 17.690681
3189 19.085104
3190 19.045050
3191 18.908518
3192 19.303219
3193 17.849203
3194 19.908056
3195 17.963303
3196 18.602526
3197 16.983761
3198 17.923973
3199 18.803293
3200 18.876574
3201 17.960684
3202 17.652599
3203 17.539743
3204 19.410650
3205 17.874262
3206 18.064720
3207 16.292299
3208 17.908312
3209 18.774887
3210 18.843580
3211 20.696648
3212 18.878220
3213 19.197001
3214 17.201929
3215 17.940941
3216 18.159674
3217 18.784048
3218 19.095839
3219 18.598267
3220 17.540295
3221 17.660671
3222 18.408209
3223 18.690710
3224 16.765104
3225 18.397799
3226 17.406855
3227 19.218660
3228 17.665186
3229 17.740288
3230 19.329081
3231 17.937237
3232 16.407711
3233 15.463347
3234 16.146740
3235 17.482008
3236 18.093718
3237 17.215328
3238 16.207863
3239 15.555150
3240 17.303579
3241 17.045998
3242 17.115824
3243 15.742209
3244 16.443775
3245 15.490050
3246 17.413517
3247 16.211311
3248 15.922184
3249 16.018698
3250 15.558650
3251 15.388928
3252 15.751146
3253 16.173866
3254 17.495745
3255 17.634773
3256 16.670815
3257 15.860524
3258 16.575396
3259 15.318032
3260 15.461344
3261 16.338497
3262 16.175838
3263 17.958187
3264 16.947159
3265 16.833912
3266 17.210844
3267 16.732908
3268 17.805191
3269 16.632479
3270 16.906187
3271 17.969288
3272 17.622410
3273 17.388805
3274 15.708881
3275 16.930582
3276 16.350418
3277 14.387550
3278 15.988983
3279 15.587280
3280 16.010044
3281 16.842367
3282 16.680962
3283 15.294398
3284 17.455029
3285 16.439196
3286 16.174288
3287 17.076809
3288 17.372984
3289 16.871159
3290 16.838253
3291 16.286623
3292 17.037909
3293 16.655228
3294 15.652634
3295 16.311378
3296 18.484991
3297 18.497736
3298 15.745206
3299 17.144405
3300 15.862164
3301 15.965602
3302 17.667141
3303 16.054369
3304 16.353064
3305 17.022055
3306 16.664724
3307 15.945310
3308 14.916213
3309 16.828430
3310 16.953314
3311 18.204618
3312 16.700766
3313 17.533930
3314 18.102663
3315 18.567608
3316 16.663845
3317 18.081007
3318 17.863834
3319 17.529995
3320 14.857482
3321 17.510015
3322 17.789877
3323 15.593888
3324 16.492819
3325 17.857227
3326 16.678146
3327 18.726866
3328 18.010372
3329 17.435240
3330 16.302711
3331 17.182257
3332 15.658526
3333 15.875831
3334 16.837475
3335 16.202526
3336 17.236649
3337 14.026498
3338 15.383254
3339 16.203611
3340 15.593301
3341 15.383750
3342 15.450438
3343 15.395340
3344 17.024668
3345 17.961147
3346 18.676184
3347 17.489893
3348 16.771091
3349 17.524532
3350 17.473694
3351 17.749823
3352 15.955766
3353 17.335121
3354 17.774343
3355 16.983660
3356 17.951231
3357 18.303101
3358 17.295958
3359 18.553797
3360 17.892328
3361 17.445210
3362 17.481155
3363 17.278730
3364 17.252783
3365 17.734020
3366 17.659391
3367 17.702557
3368 18.516182
3369 17.524515
3370 16.314627
3371 16.704857
3372 15.928273
3373 17.385067
3374 16.955667
3375 18.342558
3376 18.594860
3377 17.218645
3378 15.939654
3379 18.680670
3380 16.741352
3381 18.132162
3382 17.273594
3383 18.344614
3384 17.832064
3385 18.372770
3386 17.589336
3387 16.818790
3388 16.776205
3389 18.602726
3390 17.306580
3391 17.914515
3392 16.101339
3393 17.416281
3394 17.955736
3395 16.660007
3396 17.798931
3397 16.677795
3398 17.121273
3399 17.051443
3400 17.175812
3401 17.516081
3402 18.689323
3403 17.857740
3404 18.475983
3405 18.669542
3406 19.402849
3407 18.470039
3408 16.520067
3409 17.070921
3410 17.470755
3411 17.656416
3412 17.624132
3413 17.253946
3414 17.916033
3415 17.530960
3416 16.979704
3417 17.225277
3418 17.156786
3419 17.043028
3420 16.888165
3421 17.432787
3422 16.747311
3423 19.113556
3424 18.747725
3425 18.239565
3426 18.504414
3427 18.093342
3428 18.712761
3429 17.644157
3430 19.530842
3431 18.192076
3432 17.598654
3433 17.350128
3434 19.388105
3435 18.936005
3436 18.426231
3437 19.153574
3438 18.314524
3439 16.139992
3440 17.025333
3441 16.358549
3442 16.544334
3443 18.132236
3444 16.788675
3445 17.630798
3446 15.191751
3447 17.488064
3448 19.218906
3449 18.369839
3450 18.176573
3451 16.229988
3452 18.214579
3453 18.185917
3454 18.081837
3455 18.198572
3456 17.114031
3457 18.504887
3458 20.041504
3459 18.356483
3460 19.203943
3461 20.513374
3462 20.303064
3463 18.675814
3464 18.554625
3465 18.959846
3466 18.888792
3467 17.880745
3468 18.578072
3469 19.006794
3470 17.704620
3471 17.105547
3472 17.306189
3473 18.222429
3474 17.309460
3475 18.375998
3476 17.333029
3477 16.465101
3478 17.457458
3479 18.302742
3480 16.565374
3481 17.035919
3482 17.006735
3483 17.297148
3484 17.539495
3485 18.012461
3486 17.704197
3487 16.960632
3488 17.441725
3489 18.296278
3490 17.053791
3491 16.219822
3492 16.550364
3493 15.207176
3494 16.850239
3495 17.903025
3496 18.137129
3497 18.117146
3498 18.705387
3499 18.013414
3500 19.073965
3501 18.559883
3502 17.551212
3503 16.938101
3504 17.013067
3505 17.841997
3506 16.985933
3507 17.764940
3508 18.705633
3509 16.247314
3510 17.268162
3511 15.183180
3512 15.859350
3513 15.338006
3514 15.561404
3515 17.791636
3516 17.338425
3517 17.140034
3518 18.421865
3519 17.543371
3520 16.990940
3521 17.814077
3522 19.237944
3523 17.221666
3524 17.069250
3525 16.497431
3526 17.038654
3527 16.756815
3528 17.397913
3529 17.596004
3530 17.811426
3531 17.504015
3532 17.847084
3533 17.217997
3534 18.002115
3535 17.255079
3536 16.826046
3537 18.232157
3538 17.097990
3539 16.884172
3540 19.314623
3541 16.476189
3542 17.755230
3543 17.611412
3544 16.918459
3545 17.640486
3546 17.545618
3547 17.351028
3548 18.752701
3549 18.482267
3550 16.741089
3551 17.838152
3552 19.239996
3553 18.868582
3554 18.474405
3555 17.187626
3556 17.021448
3557 18.207350
3558 17.855639
3559 16.053465
3560 17.964401
3561 18.549643
3562 19.284698
3563 16.220406
3564 14.819422
3565 16.229467
3566 16.225824
3567 15.199974
3568 16.478195
3569 17.361021
3570 16.781548
3571 17.213392
3572 16.185478
3573 19.166723
3574 17.840256
3575 18.510935
3576 17.402210
3577 16.989000
3578 16.282198
3579 16.780565
3580 18.369856
3581 16.488325
3582 15.231408
3583 14.948679
3584 13.747980
3585 16.262405
3586 11.575449
3587 14.461384
3588 14.002962
3589 16.658924
3590 13.925692
3591 16.597607
3592 14.506256
3593 16.267630
3594 17.216612
3595 16.767302
3596 16.352449
3597 17.246670
3598 18.113281
3599 16.672651
3600 17.874523
3601 14.160128
3602 16.445078
3603 17.527374
3604 17.503019
3605 16.932671
3606 15.675674
3607 17.421627
3608 17.602419
3609 16.463015
3610 17.908237
3611 18.501392
3612 18.331923
3613 16.235826
3614 17.571716
3615 16.601303
3616 17.822359
3617 17.578947
3618 17.080477
3619 18.160641
3620 17.133368
3621 17.202635
3622 16.198196
3623 16.694654
3624 15.431026
3625 17.119621
3626 17.127100
3627 18.065992
3628 17.703526
3629 17.683352
3630 17.988079
3631 17.636847
3632 17.251078
3633 17.536222
3634 17.482891
3635 18.240894
3636 19.079798
3637 17.503332
3638 16.835064
3639 18.383297
3640 18.089828
3641 18.671751
3642 19.216509
3643 18.843731
3644 19.501066
3645 19.775677
3646 19.427988
3647 19.374199
3648 19.011490
3649 17.909092
3650 19.054428
3651 18.718361
3652 17.536438
3653 18.862579
3654 17.038763
3655 17.194387
3656 17.373503
3657 17.838585
3658 18.856791
3659 18.539171
3660 19.015942
3661 18.286526
3662 14.724278
3663 13.089361
3664 13.579271
3665 17.600235
3666 16.984156
3667 18.172695
3668 18.173990
3669 16.873018
3670 17.745270
3671 16.955410
3672 17.373825
3673 16.818817
3674 16.392637
3675 14.189396
3676 14.488300
3677 13.605955
3678 17.427855
3679 17.113394
3680 16.672354
3681 15.279075
3682 15.906882
3683 14.432530
3684 16.705322
3685 15.626133
3686 15.857755
3687 15.792222
3688 14.239642
3689 15.536630
3690 15.992014
3691 15.942831
3692 16.738010
3693 16.071709
3694 16.404709
3695 16.898222
3696 16.724558
3697 17.386259
3698 16.087700
3699 16.936140
3700 17.226694
3701 14.816376
3702 15.955143
3703 16.330067
3704 17.235950
3705 16.006193
3706 13.141825
3707 15.984209
3708 17.020878
3709 17.234489
3710 17.411064
3711 16.571012
3712 15.118792
3713 16.196238
3714 16.121750
3715 16.437679
3716 17.109360
3717 16.734749
3718 15.844888
3719 15.991224
3720 15.539764
3721 18.575245
3722 17.290226
3723 13.208999
3724 13.308862
3725 14.648125
3726 14.231900
3727 17.120699
3728 16.670483
3729 17.520775
3730 18.729748
3731 17.542185
3732 16.097710
3733 16.416784
3734 18.447248
3735 18.044397
3736 16.829222
3737 15.339476
3738 14.044817
3739 13.835787
3740 13.878785
3741 14.228770
3742 14.600945
3743 16.112268
3744 15.831931
3745 14.708483
3746 15.503843
3747 16.187408
3748 16.376024
3749 17.316019
3750 17.439180
3751 16.702200
3752 14.029254
3753 13.867609
3754 14.224392
3755 12.837641
3756 12.915529
3757 13.241642
3758 16.794600
3759 17.283155
3760 16.538275
3761 15.607092
3762 14.260172
3763 15.954224
3764 15.388713
3765 16.001623
3766 16.578241
3767 17.348249
3768 16.796621
3769 17.235130
3770 16.169691
3771 16.738155
3772 15.438020
3773 16.831091
3774 18.345469
3775 15.370244
3776 17.366940
3777 16.194029
3778 16.157024
3779 14.578656
3780 15.568027
3781 14.467284
3782 14.980034
3783 13.683222
3784 14.920627
3785 15.203008
3786 16.834095
3787 16.002905
3788 15.873572
3789 14.391073
3790 16.254656
3791 16.442472
3792 15.522245
3793 15.204712
3794 17.200140
3795 15.897258
3796 14.986905
3797 15.466873
3798 12.682135
3799 12.657764
3800 13.825428
3801 16.506165
3802 14.973770
3803 15.665794
3804 15.673548
3805 15.993746
3806 16.860432
3807 16.293980
3808 15.800644
3809 15.239479
3810 16.059925
3811 16.355778
3812 18.300484
3813 17.271524
3814 15.116981
3815 17.334883
3816 16.620783
3817 15.882372
3818 15.818555
3819 14.980026
3820 15.352564
3821 16.743349
3822 14.504683
3823 15.142697
3824 14.616751
3825 16.683023
3826 16.096428
3827 17.173367
3828 15.646609
3829 16.963835
3830 15.798229
3831 16.232821
3832 15.115456
3833 16.315268
3834 16.738037
3835 15.235481
3836 14.291063
3837 13.332711
3838 14.629407
3839 14.844803
3840 14.744684
3841 16.000782
3842 14.487823
3843 16.252026
3844 14.989283
3845 16.792988
3846 17.740967
3847 16.629110
3848 16.827049
3849 16.128786
3850 16.418501
3851 17.259329
3852 15.730537
3853 14.161587
3854 14.730687
3855 16.903255
3856 15.321809
3857 14.996883
3858 15.037914
3859 16.860657
3860 14.329513
3861 17.809629
3862 16.181288
3863 17.685749
3864 16.512377
3865 16.432077
3866 16.311623
3867 16.630409
3868 15.763207
3869 16.245825
3870 15.875831
3871 15.642630
3872 15.479603
3873 16.840099
3874 15.719472
3875 18.265852
3876 18.406162
3877 16.453888
3878 16.543594
3879 14.800557
3880 15.664339
3881 15.048010
3882 16.931952
3883 16.483522
3884 16.030237
3885 14.529864
3886 14.851156
3887 15.441169
3888 14.355532
3889 15.581511
3890 17.437754
3891 17.462660
3892 18.292532
3893 17.127903
3894 16.811152
3895 16.344032
3896 17.685047
3897 15.744894
3898 15.442978
3899 14.727726
3900 16.969110
3901 15.526640
3902 16.105907
3903 12.980173
3904 12.270180
3905 12.873682
3906 13.074027
3907 12.805476
3908 12.287316
3909 11.655218
3910 13.776041
3911 10.426162
3912 11.787123
3913 13.007915
3914 13.117620
3915 12.009384
3916 12.700239
3917 13.502689
3918 11.855743
3919 14.410086
3920 11.224694
3921 12.034886
3922 11.880714
3923 12.281101
3924 11.878375
3925 11.505376
3926 11.266733
3927 12.028174
3928 11.920779
3929 12.276484
3930 11.041112
3931 11.292718
3932 10.694757
3933 11.402075
3934 10.769996
3935 9.514147
3936 10.490349
3937 11.489445
3938 12.103922
3939 12.008770
3940 10.427193
3941 11.529247
3942 11.730626
3943 10.784365
3944 10.513290
3945 12.554439
3946 11.351854
3947 12.374663
3948 12.222623
3949 10.513105
3950 12.429633
3951 13.387349
3952 11.742858
3953 11.930989
3954 11.754719
3955 12.074006
3956 9.370520
3957 11.098822
3958 12.797975
3959 12.178713
3960 11.153858
3961 13.748417
3962 15.646152
3963 12.764499
3964 12.239285
3965 11.207184
3966 11.502939
3967 11.269310
3968 12.522573
3969 13.085264
3970 13.065103
3971 10.972013
3972 11.542981
3973 12.842921
3974 13.284451
3975 12.191309
3976 10.681313
3977 13.288490
3978 12.128310
3979 14.517145
3980 11.419744
3981 16.169527
3982 11.297437
3983 14.021962
3984 13.777118
3985 12.666323
3986 13.961528
3987 14.646902
3988 13.208080
3989 13.231319
3990 14.344556
3991 15.517574
3992 16.756903
3993 12.149492
3994 15.109448
3995 14.062894
3996 13.420315
3997 13.183071
3998 12.086612
3999 12.748673
4000 15.988510
4001 13.222449
4002 13.547024
4003 12.408710
4004 13.248656
4005 11.806504
4006 12.530309
4007 13.292756
4008 11.748670
4009 11.271725
4010 14.282140
4011 13.942657
4012 15.017038
4013 13.399285
4014 14.531403
4015 14.220596
4016 14.840656
4017 13.743860
4018 18.200716
4019 14.959981
4020 15.460171
4021 15.796562
4022 17.418961
4023 15.514400
4024 15.772463
4025 16.754419
4026 16.201365
4027 16.822580
4028 16.951715
4029 16.751717
4030 14.599100
4031 17.566154
4032 18.094189
4033 16.109844
4034 15.200008
4035 15.039967
4036 15.194569
4037 13.909348
4038 14.919673
4039 16.242241
4040 15.932886
4041 13.643525
4042 15.703747
4043 15.827329
4044 15.228628
4045 16.561979
4046 15.728578
4047 15.376380
4048 16.079567
4049 17.027655
4050 16.973385
4051 17.081587
4052 16.351458
4053 15.439591
4054 18.391806
4055 14.789435
4056 16.533936
4057 14.016570
4058 15.747911
4059 17.751112
4060 16.914021
4061 17.441853
4062 18.394415
4063 16.236752
4064 15.352533
4065 14.612152
4066 16.105892
4067 14.557512
4068 15.856441
4069 15.407924
4070 14.845592
4071 16.276255
4072 16.526867
4073 16.418921
4074 15.578255
4075 15.366244
4076 12.571386
4077 16.065472
4078 13.778063
4079 14.271667
4080 17.315683
4081 18.368973
4082 16.911407
4083 17.280537
4084 16.897154
4085 15.849811
4086 15.365748
4087 15.511474
4088 16.105221
4089 16.838354
4090 17.377195
4091 16.951225
4092 16.150026
4093 17.121807
4094 17.743702
4095 20.028065
4096 17.121655
4097 17.902412
4098 17.569071
4099 15.817156
4100 15.942374
4101 18.138569
4102 16.533043
4103 17.396961
4104 16.903023
4105 17.944065
4106 17.498014
4107 16.903294
4108 16.317398
4109 16.340910
4110 16.795645
4111 18.228003
4112 17.374722
4113 18.361248
4114 17.846510
4115 16.918575
4116 16.638304
4117 16.185356
4118 16.866262
4119 16.451839
4120 17.091248
4121 15.797769
4122 15.122133
4123 17.206921
4124 16.002136
4125 16.532530
4126 14.970633
4127 16.559750
4128 16.077518
4129 18.096066
4130 16.998821
4131 16.862608
4132 16.688946
4133 15.881974
4134 17.016029
4135 16.524437
4136 17.341396
4137 15.704243
4138 16.715662
4139 16.623341
4140 15.958857
4141 17.060032
4142 17.179831
4143 16.340757
4144 15.292553
4145 15.155293
4146 15.377116
4147 14.635088
4148 14.460834
4149 16.823229
4150 16.333485
4151 18.314541
4152 14.687985
4153 16.123798
4154 15.292829
4155 17.448740
4156 16.662258
4157 16.676865
4158 16.537031
4159 17.464371
4160 17.870337
4161 17.621447
4162 17.619780
4163 17.397453
4164 14.634645
4165 15.965101
4166 16.908648
4167 16.395857
4168 15.976460
4169 15.403152
4170 18.611301
4171 18.305685
4172 15.837132
4173 18.264055
4174 17.278433
4175 17.966515
4176 16.105904
4177 15.645540
4178 16.962372
4179 17.787611
4180 16.056015
4181 16.168842
4182 15.032064
4183 15.956549
4184 14.606829
4185 14.848574
4186 15.724541
4187 16.012224
4188 14.825820
4189 16.611576
4190 16.226883
4191 14.824312
4192 14.442113
4193 12.327930
4194 15.902419
4195 14.050571
4196 16.613018
4197 15.587393
4198 16.798866
4199 17.168957
4200 16.557751
4201 17.727386
4202 18.463823
4203 17.268414
4204 16.471849
4205 17.192467
4206 17.394831
4207 17.674393
4208 17.036814
4209 18.953882
4210 16.216808
4211 16.706673
4212 16.486675
4213 17.888752
4214 15.518671
4215 16.354395
4216 15.368435
4217 17.206337
4218 17.606529
4219 17.924488
4220 16.977770
4221 14.335642
4222 16.027237
4223 17.691448
4224 16.768950
4225 17.475538
4226 15.562406
4227 15.167373
4228 16.378107
4229 15.454097
4230 16.106031
4231 16.720360
4232 17.810148
4233 17.126577
4234 17.989120
4235 17.410330
4236 17.103367
4237 17.821941
4238 16.484728
4239 17.046379
4240 19.477634
4241 19.036053
4242 19.189445
4243 20.072281
4244 18.712357
4245 17.791054
4246 16.834524
4247 16.410255
4248 15.201271
4249 13.623984
4250 15.643265
4251 15.136602
4252 17.406368
4253 16.772507
4254 17.563070
4255 16.014198
4256 17.729595
4257 17.134804
4258 17.959295
4259 16.138319
4260 17.345888
4261 17.706701
4262 17.926647
4263 15.626747
4264 16.332973
4265 16.702837
4266 18.202244
4267 16.533468
4268 15.793006
4269 17.025261
4270 13.078301
4271 12.260020
4272 13.293180
4273 12.218377
4274 12.556760
4275 14.396397
4276 15.598180
4277 18.254625
4278 17.288040
4279 17.633177
4280 17.402903
4281 14.799954
4282 16.910030
4283 16.611479
4284 15.232275
4285 16.865822
4286 15.518036
4287 16.968103
4288 16.446793
4289 16.089010
4290 12.739359
4291 14.005259
4292 12.804888
4293 11.275019
4294 12.139298
4295 10.288776
4296 10.434956
4297 10.700380
4298 12.364474
4299 12.611880
4300 12.532244
4301 12.201467
4302 13.489530
4303 13.247131
4304 11.871642
4305 11.462039
4306 13.308208
4307 13.136534
4308 11.829102
4309 11.598454
4310 11.002794
4311 10.889378
4312 11.499604
4313 11.342122
4314 10.914733
4315 12.321660
4316 11.656528
4317 11.591366
4318 12.894006
4319 11.454723
4320 11.710589
4321 10.944283
4322 10.370025
4323 10.525895
4324 10.514134
4325 10.260903
4326 12.848294
4327 11.843097
4328 11.194894
4329 11.434631
4330 12.195716
4331 11.916397
4332 12.128530
4333 10.982551
4334 16.269394
4335 15.327599
4336 17.546162
4337 18.203487
4338 16.431042
4339 15.837335
4340 13.044329
4341 16.419203
4342 12.696544
4343 14.551328
4344 13.771042
4345 14.450037
4346 12.736381
4347 12.095015
4348 11.586490
4349 12.754556
4350 13.589454
4351 14.622691
4352 13.050140
4353 16.022043
4354 15.861273
4355 15.113881
4356 13.306844
4357 13.821597
4358 13.759048
4359 13.705837
4360 11.950982
4361 12.028071
4362 11.129120
4363 16.026270
4364 16.676508
4365 16.402445
4366 16.803732
4367 15.271206
4368 16.497372
4369 15.962880
4370 15.806610
4371 16.132067
4372 15.414541
4373 14.092070
4374 12.448599
4375 16.577196
4376 15.383655
4377 16.361673
4378 14.401131
4379 15.392222
4380 15.631056
4381 15.625118
4382 16.505426
4383 16.793070
4384 14.395791
4385 13.757140
4386 12.965919
4387 13.224919
4388 16.186419
4389 15.688650
4390 15.228316
4391 13.640728
4392 15.512604
4393 15.501954
4394 15.205941
4395 16.100243
4396 15.620975
4397 14.771463
4398 16.016209
4399 16.729797
4400 15.942077
4401 14.926906
4402 15.895785
4403 15.633718
4404 15.610986
4405 17.344620
4406 18.198257
4407 16.336149
4408 15.758388
4409 17.980309
4410 16.230595
4411 17.089375
4412 16.899548
4413 15.425164
4414 17.759834
4415 18.081535
4416 18.261034
4417 17.902275
4418 17.027332
4419 19.267456
4420 17.544855
4421 17.534430
4422 18.063766
4423 18.363483
4424 18.734814
4425 19.233271
4426 18.957355
4427 18.208002
4428 18.469818
4429 17.579231
4430 18.119419
4431 19.270159
4432 18.563496
4433 19.098038
4434 17.781612
4435 19.009729
4436 18.501343
4437 19.953966
4438 18.455469
4439 18.014368
4440 20.272619
4441 20.606443
4442 18.696564
4443 18.389301
4444 17.842630
4445 19.429827
4446 19.433170
4447 19.342926
4448 18.535093
4449 18.183548
4450 19.429857
4451 19.379896
4452 19.897135
4453 19.014952
4454 19.998793
4455 18.800180
4456 18.708557
4457 17.687771
4458 18.899977
4459 18.974432
4460 19.647154
4461 19.085661
4462 18.660885
4463 18.184778
4464 19.160656
4465 18.010046
4466 19.143311
4467 18.539564
4468 18.150213
4469 18.016394
4470 19.799967
4471 18.832674
4472 18.856819
4473 18.553205
4474 18.420492
4475 17.876440
4476 16.585087
4477 16.866119
4478 18.619427
4479 17.888878
4480 18.604088
4481 19.143713
4482 18.531069
4483 18.582394
4484 18.667860
4485 18.672081
4486 18.341768
4487 20.115974
4488 19.106268
4489 18.621143
4490 19.657005
4491 18.913084
4492 20.162851
4493 18.353868
4494 17.532017
4495 18.586458
4496 19.197073
4497 18.714258
4498 19.026129
4499 16.644281
4500 18.532028
4501 17.220213
4502 16.141684
4503 16.828550
4504 14.545959
4505 17.887627
4506 17.659250
4507 19.233673
4508 19.554497
4509 18.653948
4510 16.075800
4511 17.714088
4512 18.056734
4513 16.451405
4514 16.874645
4515 17.079819
4516 16.908567
4517 16.607292
4518 18.103558
4519 19.253412
4520 16.413311
4521 18.519516
4522 19.618570
4523 16.447805
4524 17.700249
4525 17.371540
4526 17.040401
4527 18.458590
4528 18.979383
4529 18.100988
4530 18.938379
4531 19.103580
4532 18.845350
4533 19.289093
4534 18.081350
4535 15.959852
4536 18.348156
4537 17.919468
4538 18.774042
4539 18.533863
4540 18.373552
4541 15.653503
4542 16.282623
4543 17.766335
4544 17.926104
4545 17.637705
4546 17.696718
4547 17.066010
4548 17.616056
4549 16.692568
4550 18.372570
4551 17.901133
4552 17.758644
4553 19.007807
4554 16.924316
4555 18.554794
4556 18.307125
4557 18.569775
4558 18.563616
4559 17.547338
4560 18.006346
4561 19.482162
4562 17.765749
4563 18.803291
4564 17.925018
4565 18.713669
4566 18.539394
4567 16.895828
4568 17.006834
4569 17.592354
4570 17.304583
4571 17.764246
4572 17.031284
4573 16.713724
4574 17.721991
4575 17.678352
4576 17.038536
4577 18.514786
4578 17.663019
4579 18.521488
4580 18.045467
4581 18.194981
4582 18.083858
4583 17.447903
4584 17.964462
4585 17.650288
4586 18.158838
4587 17.546545
4588 17.469328
4589 18.194538
4590 19.064524
4591 16.460146
4592 17.441240
4593 15.264348
4594 17.199800
4595 17.749113
4596 18.328787
4597 16.566595
4598 16.516800
4599 18.061596
4600 17.212978
4601 17.594824
4602 17.281311
4603 16.979311
4604 18.156349
4605 17.034901
4606 16.344217
4607 16.333281
4608 18.016100
4609 17.426846
4610 16.147892
4611 16.590714
4612 16.962685
4613 16.566303
4614 18.811848
4615 17.485943
4616 18.299267
4617 18.325350
4618 18.722357
4619 17.646555
4620 17.571381
4621 15.108958
4622 14.117300
4623 12.923844
4624 13.220977
4625 12.498807
4626 14.954227
4627 13.752018
4628 14.981690
4629 14.978796
4630 15.009336
4631 15.746221
4632 15.262443
4633 13.467993
4634 13.197403
4635 12.439704
4636 13.010126
4637 12.679575
4638 13.126054
4639 15.214166
4640 13.498697
4641 12.790653
4642 11.973125
4643 13.360360
4644 12.018408
4645 13.235848
4646 12.514763
4647 10.268694
4648 10.525513
4649 13.374310
4650 11.396882
4651 12.783685
4652 12.185184
4653 12.819878
4654 13.040377
4655 14.944036
4656 12.319199
4657 13.450060
4658 14.001451
4659 13.641361
4660 13.623225
4661 13.411537
4662 13.522799
4663 13.673762
4664 13.058827
4665 14.433641
4666 12.732976
4667 13.419731
4668 13.046973
4669 14.377333
4670 13.088515
4671 15.166106
4672 14.808181
4673 15.248598
4674 14.035649
4675 15.939255
4676 15.548773
4677 15.112457
4678 13.767740
4679 14.320819
4680 12.624378
4681 13.655194
4682 13.456427
4683 11.711876
4684 14.482158
4685 12.992768
4686 13.309415
4687 13.681095
4688 10.305171
4689 12.332656
4690 12.062709
4691 10.573674
4692 11.851839
4693 13.906702
4694 10.383708
4695 10.063406
4696 11.400502
4697 10.200336
4698 12.976495
4699 12.535578
4700 12.041870
4701 12.579507
4702 10.276518
4703 9.913475
4704 13.578135
4705 13.355958
4706 13.367562
4707 13.675803
4708 13.192747
4709 13.540327
4710 15.047634
4711 15.005728
4712 14.577724
4713 12.447958
4714 11.288795
4715 11.986654
4716 12.187557
4717 13.014746
4718 12.251227
4719 16.942135
4720 18.322912
4721 15.920870
4722 14.549454
4723 16.403559
4724 16.402405
4725 14.622942
4726 17.108597
4727 18.076269
4728 17.020361
4729 17.684683
4730 15.476568
4731 16.374743
4732 17.434896
4733 17.523241
4734 17.467672
4735 17.489704
4736 17.187693
4737 17.610479
4738 19.648891
4739 18.568727
4740 17.319820
4741 18.304274
4742 18.841513
4743 17.256889
4744 18.058929
4745 18.558296
4746 17.520576
4747 18.541872
4748 16.926283
4749 16.786259
4750 17.779541
4751 19.455828
4752 17.896275
4753 17.764746
4754 18.244394
4755 19.918446
4756 17.624941
4757 17.354683
4758 19.110119
4759 18.627060
4760 18.640833
4761 18.518431
4762 17.476938
4763 17.794773
4764 17.230421
4765 18.258699
4766 17.220228
4767 16.894499
4768 18.519970
4769 16.333483
4770 16.932302
4771 16.156445
4772 18.001879
4773 17.942467
4774 17.563719
4775 17.737408
4776 16.865883
4777 16.733643
4778 18.423491
4779 16.438549
4780 16.791676
4781 17.069513
4782 15.577636
4783 15.770512
4784 18.294048
4785 18.869617
4786 18.176609
4787 17.622437
4788 18.080669
4789 19.147329
4790 16.753910
4791 18.594704
4792 18.059336
4793 19.300623
4794 19.411501
4795 15.291564
4796 16.459051
4797 17.547977
4798 18.093512
4799 16.202414
4800 18.903143
4801 18.846395
4802 18.369423
4803 18.905336
4804 18.934399
4805 17.992897
4806 18.316193
4807 17.011827
4808 18.373100
4809 17.174372
4810 16.682936
4811 17.984886
4812 17.013857
4813 18.347185
4814 17.840591
4815 17.842405
4816 17.834564
4817 17.828886
4818 18.325998
4819 17.736572
4820 18.036774
4821 18.133299
4822 18.242788
4823 19.555162
4824 19.496998
4825 18.350058
4826 17.294235
4827 18.445166
4828 16.759506
4829 16.486780
4830 17.646151
4831 17.363356
4832 18.244061
4833 17.072086
4834 15.083773
4835 18.207876
4836 15.889804
4837 15.615505
4838 17.219143
4839 16.709545
4840 16.595098
4841 15.219904
4842 16.500620
4843 16.640928
4844 18.707388
4845 16.155233
4846 17.428499
4847 16.859436
4848 16.362131
4849 16.803886
4850 16.422781
4851 17.290140
4852 17.203249
4853 17.367765
4854 16.085476
4855 17.434872
4856 18.087208
4857 15.848720
4858 16.567364
4859 18.379673
4860 16.668785
4861 15.265391
4862 16.451349
4863 15.480378
4864 15.849072
4865 15.494642
4866 16.004459
4867 17.402882
4868 15.621582
4869 17.017128
4870 16.388395
4871 15.703556
4872 17.246187
4873 15.999462
4874 16.735636
4875 17.261700
4876 16.076921
4877 15.659171
4878 13.692795
4879 16.324863
4880 14.256228
4881 14.624998
4882 15.848268
4883 16.365990
4884 15.782655
4885 14.717546
4886 14.207678
4887 15.115538
4888 15.577497
4889 11.749840
4890 13.636619
4891 16.314798
4892 17.190546
4893 17.149424
4894 15.866788
4895 13.712055
4896 14.285145
4897 13.855255
4898 14.219372
4899 15.545405
4900 14.922705
4901 15.811584
4902 14.454256
4903 15.729244
4904 17.379778
4905 18.027506
4906 17.149414
4907 16.178955
4908 16.870892
4909 17.275631
4910 15.817692
4911 14.879036
4912 15.416836
4913 15.890949
4914 15.590422
4915 13.445767
4916 14.841672
4917 15.548347
4918 14.467028
4919 14.754626
4920 15.075107
4921 15.740993
4922 17.829508
4923 15.321378
4924 12.730682
4925 16.314165
4926 15.411540
4927 16.140261
4928 15.805074
4929 15.304218
4930 16.117844
4931 16.693403
4932 17.088528
4933 16.608353
4934 16.411692
4935 16.342754
4936 16.767677
4937 16.060764
4938 17.750151
4939 17.146429
4940 17.798712
4941 18.268282
4942 16.704405
4943 16.677168
4944 18.045700
4945 17.518135
4946 19.120718
4947 18.484226
4948 17.479231
4949 18.344387
4950 18.309170
4951 17.114359
4952 18.036892
4953 16.733227
4954 16.081259
4955 17.606640
4956 18.714245
4957 19.647058
4958 19.027292
4959 20.014130
4960 20.079700
4961 17.891953
4962 16.897295
4963 17.880720
4964 17.324163
4965 18.228384
4966 17.541262
4967 17.535637
4968 18.745535
4969 17.183138
4970 19.689528
4971 19.570404
4972 19.240528
4973 18.390186
4974 17.744762
4975 17.535160
4976 19.157001
4977 18.299261
4978 16.674377
4979 16.183325
4980 19.030739
4981 17.945982
4982 17.698214
4983 18.901852
4984 17.516312
4985 17.807785
4986 18.221310
4987 17.766638
4988 18.680750
4989 17.947567
4990 19.376091
4991 18.698788
4992 16.032698
4993 14.971568
4994 16.936125
4995 16.453154
4996 16.961073
4997 17.600235
4998 16.814211
4999 15.072102
5000 15.990337
5001 12.416551

