140	1.2
0.000000	0.000000	0.000000
rece3_m.pdb	53.200	58.920	54.965
ligand_m.pdb	-24.507	62.702	8.796
-0.733038	2.336046	-1.115799	128	124	131	1363.675
-0.523599	2.518454	-1.565852	6	128	123	1322.355
-0.837758	2.431406	-2.647820	4	125	117	1314.370
-0.209440	2.608630	-1.378011	9	129	123	1290.795
-1.047198	2.485907	-2.835471	3	126	115	1285.184
0.314159	2.784696	-1.013128	11	133	123	1267.169
-0.418879	1.908408	-2.648903	17	119	136	1262.438
-1.151917	2.363101	-2.810456	0	124	115	1259.502
-0.942478	2.556919	-2.655005	3	125	117	1256.651
2.722714	2.738409	2.975671	133	115	137	1254.224

