17267.4
18020.1
17723.7
17502.3
17583.3
17301.3
17315.5
17894.7
18029.1
18027.7
17854.9
17991.9
17429.5
17666.3
17260.2
18013.3
17788.5
18043.7
17468.5
17322.4
17918.7
17251.9
17799.5
17226.7
17814.3
17970.3
17456.6
17702.6
17782.4
17435.9
17741.1
17321.7
17235.5
17846.1
17982.2
18005.6
17245.3
17444.9
17608.4
17989.2
17384.0
17674.1
18035.5
18024.0
17909.5
17804.8
17819.4
17240.9
16895.8
17509.2
18036.7
17810.6
17369.3
17999.7
17275.4
18036.6
18014.0
18032.8
17981.0
17704.6
17532.7
17763.9
17849.8
18028.3
17525.8
18039.3
17707.7
17890.7
18011.1
17479.7
17322.0
17515.4
18013.9
17218.8
18014.7
17313.7
17993.0
17372.9
17902.1
17455.1
17319.8
17404.0
17904.8
17532.5
17336.8
17997.1
17240.2
17463.2
17462.3
17905.6
17908.9
18103.0
17813.0
17205.2
17370.8
17398.8
17310.8
17884.7
17986.5
18048.6
17825.9
18045.3
17304.4
17450.1
18036.0
17306.7
17535.9
17437.3
17341.9
17838.0
17435.9
17654.7
17553.9
17498.1
17417.1
18040.2
17522.1
17964.7
17344.5
17766.9
18022.7
17416.8
17747.6
17969.3
18033.2
17209.8
17276.6
18004.4
18004.5
17907.8
17915.2
17961.2
17849.5
17533.6
18018.5
18032.0
18036.6
17922.8
18044.5
17985.6
17364.3
18076.5
18033.8
17513.7
17596.1
17376.3
17776.7
17622.9
17867.6
17885.5
18028.3
17465.0
18005.3
17507.9
17324.1
17682.9
17706.6
17994.3
17160.4
17501.3
17842.3
18005.3
18004.7
17815.1
17595.9
17314.5
17774.6
17701.2
17911.1
17982.5
17880.6
18062.6
17127.8
17951.2
17506.4
17427.1
18035.9
17904.5
17264.1
18027.3
17659.3
17434.3
17064.9
17967.0
17941.7
17902.3
18035.1
17762.2
17235.8
17453.5
18035.1
17168.7
17774.2
17848.1
17888.4
17965.7
17951.4
17454.4
17950.1
17443.1
17910.6
17955.7
17740.5
17995.3
17922.1
17998.6
18047.4
17835.3
17550.6
17487.3
17942.6
18040.4
17990.4
17401.3
18039.7
17481.9
17698.0
17408.9
18015.5
17428.0
17942.1
17916.8
17884.7
17242.3
17975.3
17999.5
18004.3
17962.0
17440.6
17940.8
17451.1
17859.2
17981.3
17817.2
17975.2
17560.8
17817.9
17482.8
17888.2
17961.9
17969.9
17508.6
17954.2
17963.1
18050.2
17388.9
16873.0
17774.0
17321.8
17351.8
18036.2
17974.0
17675.1
17611.2
17999.2
17365.2
18026.0
17357.3
17958.7
17957.0
17785.4
17979.6
18022.8
17350.8
17727.1
17836.6
17854.8
17236.7
17409.4
17469.1
17418.6
17555.8
17751.3
17786.4
17537.7
17933.5
18076.3
17905.9
17289.5
17969.6
17263.7
17449.8
18042.1
18042.2
17891.4
17348.8
17358.4
17123.3
17948.5
17140.2
17994.1
17911.6
17323.5
17879.8
17254.2
17213.9
17621.2
17961.7
17989.2
17329.3
17394.9
17436.5
17224.3
17520.6
18017.4
17610.7
18034.5
17281.0
17769.0
17363.9
17424.3
18068.7
17891.4
17369.8
17905.8
17910.0
18031.6
17708.5
17175.3
18014.1
17976.9
17430.5
17896.5
17369.1
17531.7
17057.0
18021.9
17958.0
17360.4
17761.0
18036.3
17245.8
17302.8
18016.9
18027.5
17432.8
17918.9
17977.3
17852.7
18016.5
17980.4
17374.0
17898.3
18068.2
17504.2
17956.1
18023.0
18039.3
17445.2
18048.3
17213.2
17474.2
17976.7
17378.9
18007.6
17532.4
18027.3
17471.5
18050.0
17978.1
17371.7
17455.9
17329.9
17246.5
17880.7
18004.9
17984.6
17411.3
18035.2
17499.4
17325.2
18003.4
17873.8
17967.9
18047.6
17196.0
17801.3
17767.7
18087.9
17206.1
17283.8
17546.5
17844.3
17959.0
17313.2
17371.0
17861.1
17378.2
17761.6
17824.0
17807.9
17918.1
17984.1
17512.5
17381.8
17360.8
18043.2
17918.3
17971.4
17378.1
17788.1
18103.5
17868.3
17248.4
17906.7
17539.6
17404.5
17870.8
18020.7
18045.1
18017.7
17273.5
17489.5
17370.8
17819.5
17398.0
18065.1
17617.8
17419.5
17950.4
17938.1
17769.4
18019.4
18004.2
17988.7
17346.7
17936.4
17198.6
17886.3
17607.2
17839.8
18062.2
17292.5
18023.8
18009.3
17846.6
17592.1
17614.1
17378.9
17785.5
18054.6
17174.0
17947.5
17320.6
17362.2
17332.2
17541.5
17994.4
17489.4
17986.5
17909.3
17431.3
17435.9
17304.4
17903.8
17288.6
17928.0
17388.6
18012.0
18006.8
17776.9
17833.7
17484.1
17424.8
18088.5
17871.6
18041.2
18046.3
17919.8
17212.7
17396.7
18026.6
17281.2
17782.6
18030.5
18015.5
17469.0
17404.0
17897.7
17599.3
17877.8
17963.0
17911.5
17334.1
17962.9
17404.7
18003.3
17312.3
17599.7
17541.6
17598.0
18010.4
17377.1
17780.1
17389.9
17242.7
17957.5
17992.4
17329.7
17969.7
17909.7
17201.1
17547.8
17955.1
17373.9
18008.5
17772.3
17463.5
17668.8
17954.5
17809.0
17477.4
18050.7
18033.1
17478.7
17537.6
17273.6
18106.4
17559.6
17386.0
18048.0
17348.0
17929.0
17243.1
17989.6
17513.8
17892.3
17215.8
17440.8
18041.2
17535.3
17486.8
17389.3
17734.1
17335.5
17964.9
17385.5
17518.5
17223.5
17989.8
18008.9
18003.7
17299.1
17989.4
17365.9
17994.0
17995.5
17958.9
17960.2
17362.4
17978.3
17929.8
17340.2
17312.8
18018.5
17917.2
18050.8
17894.7
17965.2
18105.9
18052.9
17351.2
17380.7
17092.5
17319.0
17876.1
18047.7
17853.5
17580.2
17867.4
18062.1
17076.0
18067.2
17385.6
17278.2
17508.9
18067.6
17351.5
17517.3
17990.5
17601.4
17891.2
17934.4
17909.8
17312.3
16820.7
18011.4
17966.8
17533.0
17438.7
17908.8
17482.0
17273.0
17879.3
18044.3
17879.0
17330.9
18010.9
17763.1
17455.8
17357.2
18039.4
18016.1
17441.5
17914.7
18000.9
17380.0
17908.0
18018.0
17219.7
17962.5
17251.4
17470.3
18054.2
17813.0
17292.7
18068.3
18066.6
18050.7
17379.1
18009.0
17566.5
17876.0
17894.4
18047.4
17392.9
17085.8
17157.9
18030.4
17676.6
17159.9
17261.1
17238.8
17264.7
17389.8
18021.3
17695.0
17303.4
17411.7
17994.8
17432.9
17910.1
17492.6
17743.0
17773.1
17970.6
17378.3
17674.9
17505.0
17766.5
17744.4
17872.1
17382.7
17976.5
17973.0
17355.6
17776.5
17522.5
17263.2
17838.3
18030.7
17813.2
17670.7
17930.1
17360.8
18027.1
17963.6
17498.1
17414.0
17922.2
18015.8
17823.2
17396.8
17247.5
18068.1
17178.4
17446.2
17863.0
17535.7
17728.0
17456.5
17338.0
17895.5
17290.1
17295.6
18012.2
17342.8
17299.0
17517.1
17199.3
17400.5
17415.3
17254.8
18042.4
17913.2
18020.4
17476.6
17366.7
18096.6
17814.4
17889.1
17897.6
17884.0
17494.7
17524.1
17892.0
18057.8
17433.9
17261.4
17949.5
17993.6
17876.2
17535.3
17884.5
17279.7
17987.8
17317.7
18048.8
18037.4
17846.6
17440.0
17513.7
17342.4
17496.9
17473.7
17605.7
18014.9
17508.7
17461.6
17514.0
17970.3
18013.8
17552.7
18063.7
17821.0
17438.3
17992.2
17116.2
18065.1
17387.9
18017.6
17962.3
18007.4
18019.3
17407.5
17301.6
17623.4
18001.0
18013.5
17346.3
17857.5
17416.8
17266.6
17951.4
17917.9
17465.6
17114.8
17955.0
17326.3
18050.7
18060.7
17794.6
17988.9
18058.0
17700.0
17999.7
18077.6
17902.0
17993.3
17788.7
18013.6
18024.3
18051.2
17718.1
17936.8
17945.6
17832.8
18050.6
17815.7
18042.3
18000.1
18044.3
17664.3
18018.2
17271.7
18050.2
17904.8
17855.6
18048.3
17257.6
18003.3
17815.6
18037.9
17328.1
17961.9
17928.8
17925.6
18040.0
17844.7
17638.5
17347.8
17320.2
17327.8
17923.2
17963.4
18057.0
17570.5
18086.1
18078.3
17555.4
17837.0
17264.7
17462.9
17930.0
17484.0
17471.3
17989.1
17825.3
18024.5
17280.8
17462.0
17384.7
18057.7
17171.6
17540.2
18038.1
17661.4
18005.8
18048.4
18015.7
17415.2
17420.4
17390.8
17823.9
18004.3
18040.4
17815.9
17991.7
17506.4
17514.6
17869.3
17543.5
17944.1
18005.2
17835.8
18089.2
17668.2
17799.6
18082.1
17547.7
17779.7
17991.6
17233.4
17853.4
18077.6
17285.3
17943.8
17568.2
17368.4
17863.2
18075.9
17889.1
17871.5
17727.8
17981.2
17492.0
17959.3
17299.2
18077.7
17472.2
17899.4
17936.8
17365.4
18019.8
17116.0
17349.1
17884.3
17162.7
17452.5
17252.4
18087.6
17990.6
17947.4
17574.8
17537.2
17921.1
17994.1
17131.8
17985.2
17186.7
18011.1
17380.2
17240.1
17355.9
17815.6
17878.7
18022.9
17955.0
17477.1
17429.2
17848.5
17838.9
17319.5
17306.6
17870.2
18052.9
17989.9
18065.9
17380.5
17962.3
17413.9
17327.5
17852.3
16873.4
17435.6
17986.2
17507.1
17541.1
17736.4
17486.9
17943.2
17949.2
18024.4
17847.0
17367.5
17226.0
17192.4
18006.7
17456.0
17870.8
18002.1
17761.0
17980.0
18062.4
17443.1
18019.9
18044.7
17362.8
16854.6
18001.7
17975.8
17871.3
17982.9
18045.5
18033.0
17226.0
17113.2
17841.3
17806.8
17975.3
17461.7
17525.8
17335.8
17403.2
17355.5
17451.0
17630.5
18010.1
18063.5
17975.9
17971.0
17370.8
17869.1
17896.9
17524.6
18031.4
17766.0
17565.0
17339.1
18034.1
17805.3
17407.9
17706.9
17297.4
17958.9
17952.8
17359.6
16903.3
17392.6
17908.9
17476.3
18049.9
17414.0
17938.4
18037.0
17905.5
17861.5
17477.9
17657.3
17898.4
18060.4
18007.0
17174.5
18010.6
17249.5
17416.6
17360.6
17260.8
17981.3
17443.1
16886.5
17239.4
17876.6
18008.0
17557.8
17548.1
17918.6
17884.5
18013.5
17802.9
17541.2
17682.6
17951.7
17832.1
17619.4
17281.8
18020.1
17949.5
17846.8
17650.5
17322.5
17856.4
17904.4
18049.6
17972.0
17548.2
17911.0
18007.6
17357.7
18024.6
17480.1
17830.2
17351.7
18025.3
17803.4
17892.1
18017.9
17663.9
17964.1
17917.4
17912.7
18000.1
17897.7
18055.5
17911.6
17312.0
17075.1
17951.9
18020.8
17525.0
17917.7
17380.3
17485.1
17245.6
18054.5
17320.2
18009.4
16977.8
17899.5
17903.3
17410.7
17969.9
17550.5
18087.3
17994.8
17896.6
17538.1
17799.5
17440.7
17288.3
17728.6
17463.7
17288.6
17979.5
17446.2
17948.7
17314.9
17979.5
17884.0
17434.8
17364.1
18017.4
18025.6
18072.0
18047.6
17972.8
17098.3
17790.8
18025.7
17143.8
17970.7
17996.5
17586.7
17941.1
17999.9
17966.8
17970.6
17931.4
17181.2
17305.7
17861.2
18002.0
17651.9
17870.7
18071.2
17412.3
18019.3
17603.2
17992.8
17855.9
17969.8
18050.8
17465.4
18030.4
18042.6
17388.2
17300.1
17467.1
17385.4
17933.6
18017.7
17957.3
17275.0
17303.1
18030.7
17384.7
17462.9
18021.1
17880.6
17526.5
17895.0
17435.4
17868.1
17964.7
17282.6
17967.3
17213.6
17778.8
17354.5
17968.9
17344.6
17964.7
17300.5
17438.6
17972.8
17386.5
17998.6
18057.8
18018.7
17900.3
17304.4
17627.8
17788.5
18008.6
17513.7
17844.8
17341.9
17342.5
17868.3
18056.0
17197.4
17606.0
17343.4
17887.0
17961.8
17532.5
18009.5
17222.6
17187.3
17984.8
18032.6
18010.5
18019.0
17828.6
17571.7
17744.7
17372.3
17268.1
17517.5
17480.4
18033.4
18039.2
17937.8
17979.3
17660.3
17699.8
17295.3
17900.3
17831.7
17987.5
18005.9
17669.3
18019.4
17451.5
17947.8
17990.2
17999.0
17402.9
17377.0
17212.1
17306.0
17801.9
17652.4
17874.9
17856.8
17294.0
17885.3
18040.2
18000.5
17873.7
17024.9
17815.5
17943.7
17504.1
17507.7
17316.0
17826.7
17884.8
17848.3
17958.9
17834.3
17989.6
17856.8
17162.9
18047.6
17968.2
18084.7
17971.2
17344.8
18023.8
17450.4
17851.3
17968.4
17410.5
17708.4
17738.5
17961.3
18029.1
17532.3
18043.1
17526.5
18034.5
18054.8
17849.5
17243.5
17988.6
18001.9
17434.9
17252.1
18063.5
17783.9
17489.3
17892.6
17345.1
17531.5
17210.1
18024.0
17285.8
18064.3
18028.4
17275.8
17908.6
17819.6
18006.2
17986.8
17849.8
17373.0
17483.4
17978.9
17800.7
16910.2
17358.9
17369.4
18038.7
17918.0
17499.8
17821.9
17928.2
18049.5
18050.3
17547.6
17828.3
17912.1
17355.4
17822.5
17399.9
17907.3
18072.1
17891.8
17928.7
17965.3
17982.6
18054.4
17972.3
17468.2
18011.7
17262.4
17858.6
18095.7
17269.4
17950.4
18012.3
18021.3
17874.8
17981.0
17335.1
17563.0
18003.2
17342.8
17962.0
18114.9
17848.2
17769.8
17797.8
17997.8
18062.0
17980.2
17841.9
18010.6
17221.7
17643.9
18023.4
17381.7
17890.4
17403.0
18028.3
17257.6
18035.3
17289.7
17387.6
17717.9
18003.7
17374.6
17860.9
17850.3
17508.4
18015.4
17998.3
17437.9
18004.9
17219.2
18000.7
17511.9
17932.8
17311.4
17301.0
18015.8
18017.0
17995.8
17461.0
16868.3
17885.6
18062.7
17343.2
17920.7
17369.5
17797.7
17641.2
17522.2
17636.0
17780.0
17992.5
18045.4
17474.8
17874.3
18008.2
17916.6
17925.7
17989.4
17326.8
17706.7
18000.8
17139.9
17944.6
17269.4
17174.4
17184.0
17336.2
17258.8
17428.4
17233.4
17395.9
17794.6
17405.3
17527.6
17315.9
17843.2
18005.3
18073.4
17895.9
16817.7
17487.1
17447.4
18031.4
17973.0
17929.6
17255.4
17882.3
17266.0
17446.5
17895.1
17362.3
18030.1
17440.3
17853.4
16793.9
18033.6
17969.2
17638.1
17378.7
17331.6
17266.6
17917.5
17801.7
17623.6
17268.4
17908.3
17783.1
17837.4
17451.8
17984.8
17932.0
18038.7
18032.0
17859.8
17382.6
18003.0
18029.0
18018.7
18011.4
17137.6
17833.6
18044.9
17993.9
17978.0
17361.4
18005.3
17464.6
17919.1
17972.8
17810.9
18026.3
17800.6
17336.4
17965.7
18044.4
18024.2
17564.5
17453.2
17912.3
17827.4
17425.8
17602.2
17689.1
18001.5
16916.5
17402.2
17915.6
17399.7
17467.4
17392.4
17821.5
17839.3
17598.7
17369.1
16781.2
17309.6
17324.7
17494.3
17923.3
17997.7
17290.0
17991.7
17887.0
17659.3
17869.3
17225.3
17964.7
17967.0
17359.5
17987.9
17857.1
17572.7
18009.1
17325.4
17491.2
17953.2
17942.8
17984.6
18076.8
17290.0
17268.6
17168.1
17990.0
17549.1
18000.2
17265.9
18047.3
17590.8
17504.3
18006.2
17431.0
17988.8
18060.8
17541.6
17714.7
17901.3
17932.5
17443.9
17640.9
17963.5
17164.9
17960.5
17877.6
17316.2
17979.9
18010.0
17918.9
17943.7
18040.5
17222.3
17225.2
17257.0
17996.6
17817.0
17682.2
17996.9
18039.5
17801.6
18010.1
17302.4
18041.8
17873.0
17187.2
18023.1
17912.9
17217.0
18014.6
18061.2
17230.3
17824.0
17977.8
17829.1
17470.4
17497.4
17348.9
18049.0
17428.4
17351.6
18061.3
18007.9
17891.1
16802.6
17963.8
17537.0
17786.9
17967.2
17464.6
17531.6
17861.3
17830.3
17174.4
17852.5
18046.8
18004.0
17792.6
17585.1
17912.3
18028.9
18022.6
17371.6
17767.9
17519.8
17471.5
17955.1
17214.1
17884.1
17475.9
17243.2
17862.2
17228.2
17401.2
17914.3
17807.1
17358.4
17482.1
18025.4
17557.3
17362.2
17456.3
17971.4
17915.4
18088.5
17213.9
17888.4
18039.5
17290.7
18014.9
18079.8
17973.1
18044.0
17237.2
18021.9
17485.9
18026.2
18023.9
18023.3
17412.7
17998.0
17446.2
17994.8
17902.5
17685.4
17479.3
17217.8
17415.9
18069.2
17352.5
17903.5
17688.3
17693.5
17832.0
17719.2
18023.2
17493.4
17128.2
18004.5
17490.3
17912.4
17941.6
17597.1
17671.9
17959.4
17904.0
18009.6
18038.2
17334.4
17547.3
17259.7
17469.7
17836.0
17515.5
17587.0
18016.5
17109.4
17892.6
18016.1
17599.1
17690.2
17842.5
17392.0
17986.7
17470.2
18003.4
17982.0
17992.9
17171.4
17496.3
18050.9
17879.6
17976.1
17907.6
17279.2
17836.5
17784.9
17305.3
17951.1
17521.2
17232.3
17489.8
17791.7
17878.0
17376.4
17900.7
17670.0
17297.3
17891.5
17965.2
17327.0
17354.7
16730.8
17525.4
17350.9
17392.2
17495.0
17889.6
18031.1
17461.6
17270.4
17923.3
17971.9
18009.6
17891.9
17435.3
17436.2
17980.8
18039.0
17371.6
17784.5
17330.6
17989.7
18043.6
17281.5
17998.9
17537.7
18039.0
17274.0
18044.8
17899.1
18072.7
17867.3
17626.3
17802.0
17647.6
17273.0
17878.4
17203.6
17198.1
18061.9
17673.3
17962.6
17860.6
17996.2
18038.6
17989.2
17936.0
17388.1
17563.4
17872.7
18033.9
17254.1
17801.0
18039.4
17516.1
17979.0
18019.9
17667.3
17246.5
17901.2
17845.6
17413.8
18035.5
17334.4
17664.4
17343.2
17966.1
17198.9
18042.4
17971.3
17376.6
17467.9
17568.5
17817.1
18034.2
18018.5
17429.2
17264.5
18040.9
17625.8
17723.2
18070.4
17454.3
17962.4
17755.8
17987.3
17404.5
17383.7
17172.3
17304.0
17860.6
17984.8
17343.1
17288.9
17992.2
17945.6
17874.8
17347.9
17745.0
18010.9
18082.9
17471.4
17249.7
17458.2
17576.8
17880.9
16990.5
18032.9
17659.1
17887.1
17557.9
18036.3
17818.3
17199.1
18019.3
17334.6
17969.9
17541.7
17952.6
17293.4
17901.2
17546.2
18026.8
17997.7
17885.9
17847.1
17521.2
17162.6
17518.5
18018.4
17922.3
17332.5
17996.2
17737.6
17518.4
17280.2
17173.7
17891.3
17264.6
17903.5
18014.0
17482.8
17171.9
17531.6
17116.3
17567.0
17970.2
18024.0
17966.1
17099.3
18021.9
17485.0
17528.8
18045.1
17944.4
17857.7
17764.2
18003.7
18002.1
17851.6
18030.9
17467.2
17273.9
18044.4
17601.7
17990.7
17093.9
17770.6
17991.1
17897.3
18056.6
17276.2
17467.6
17866.9
17376.7
17332.2
17128.3
18053.4
18021.2
17411.5
17952.5
18024.0
17320.6
17806.0
17985.4
17458.6
17299.3
17800.6
17381.7
18006.5
17983.2
17902.9
18051.3
17821.3
18028.2
18015.8
18101.5
17445.1
17543.4
17420.9
17665.9
17484.2
17368.3
17986.3
17317.7
17079.8
17363.7
17873.2
18028.3
18047.4
17352.8
17952.0
17378.9
17418.7
18081.9
17286.0
17533.2
17934.3
18034.1
17989.2
17489.4
17768.3
17530.2
17730.0
17474.7
18033.8
18000.6
17978.5
17326.4
17935.8
16985.2
17451.8
17408.9
17306.5
17258.0
17884.3
17965.1
17806.3
17489.3
17791.2
17883.4
18034.7
17816.2
17960.4
17071.9
17192.1
18020.6
17017.5
17566.2
17289.0
17393.5
18037.2
17936.7
17491.4
17701.0
17480.3
17209.2
17468.0
18056.6
17230.6
18081.0
17976.7
17789.6
17776.0
17412.9
18058.3
17325.6
17818.1
18046.3
17996.4
18065.7
17332.4
18006.4
17943.9
17321.9
17895.1
17845.8
18091.2
18016.4
17921.5
17307.5
17151.5
17342.0
17991.6
18006.2
17278.9
17747.6
17356.4
17239.4
17249.8
18004.1
17964.2
17961.6
17834.3
17797.7
17363.9
17984.4
17273.0
17281.4
17338.5
18002.9
17073.3
17804.8
17817.9
17248.4
17486.6
17855.0
17399.3
17971.0
18044.4
17565.1
17255.5
17877.9
17536.5
17956.8
17809.7
17896.5
17989.9
17907.6
17960.3
17830.0
