9551.1
9558.3
9474.6
9574.1
9547.8
9553.1
9542.3
9473.9
9667.9
9574.3
9421.0
9549.6
9594.5
9664.3
9424.4
9609.3
9507.9
9583.5
9372.2
9525.5
9522.1
9528.0
9422.3
9463.6
9590.6
9498.3
9654.9
9485.3
9355.0
9674.5
9561.9
9565.5
9491.3
9448.2
9493.2
9529.0
9439.6
9634.8
9433.8
9548.9
9546.8
9734.9
9616.1
9457.8
9440.3
9403.7
9328.8
9434.7
9498.1
9588.2
9535.0
9583.6
9535.8
9563.0
9462.6
9607.9
9583.6
9604.5
9570.0
9552.0
9644.6
9573.1
9432.0
9647.1
9516.2
9587.7
9528.6
9428.2
9616.6
9590.6
9517.6
9624.3
9560.6
9589.6
9624.1
9574.6
9594.2
9584.3
9438.2
9691.0
9422.5
9484.9
9335.0
9464.1
9572.4
9510.5
9580.1
9566.1
9597.1
9548.5
9439.8
9642.7
9629.9
9670.7
9481.7
9571.8
9533.2
9517.3
9576.3
9605.4
9599.5
9558.6
9570.0
9694.1
9605.1
9483.2
9589.2
9705.5
9604.6
9625.9
9730.7
9599.7
9477.3
9619.4
9521.5
9600.3
9660.5
9562.7
9533.2
9367.1
9639.0
9700.1
9663.4
9545.5
9606.5
9535.1
9385.9
9610.2
9606.2
9492.1
9659.4
9560.8
9550.3
9515.9
9579.3
9612.4
9578.9
9591.3
9621.3
9594.1
9522.1
9604.3
9624.1
9563.8
9522.7
9521.9
9434.6
9435.9
9408.0
9440.6
9584.2
9490.9
9588.2
9663.4
9541.0
9519.5
9490.9
9569.6
9321.3
9437.5
9472.3
9634.5
9639.4
9651.1
9597.6
9571.8
9553.9
9545.5
9440.7
9514.1
9398.5
9536.9
9453.3
9418.0
9537.9
9400.2
9583.9
9655.9
9488.8
9572.4
9663.2
9568.6
9556.1
9553.2
9447.6
9471.6
9604.2
9610.1
9463.9
9677.9
9601.8
9401.6
9374.9
9459.5
9449.4
9523.6
9477.4
9674.2
9588.3
9645.2
9449.6
9570.8
9561.4
9546.6
9625.0
9597.1
9666.9
9572.3
9512.2
9503.9
9470.9
9591.5
9611.2
9702.3
9596.4
9501.5
9522.8
9533.3
9596.8
9567.6
9540.0
9572.0
9462.9
9526.2
9568.0
9559.7
9688.9
9561.1
9577.1
9471.5
9623.4
9399.2
9558.5
9657.2
9503.9
9607.8
9639.8
9615.1
9475.3
9603.2
9608.6
9537.2
9483.7
9493.1
9606.7
9575.1
9543.3
9618.4
9537.3
9395.5
9651.7
9547.9
9500.1
9469.7
9571.3
9578.3
9586.9
9570.6
9586.9
9477.8
9590.1
9491.9
9585.9
9564.2
9674.0
9431.4
9405.0
9436.4
9636.2
9524.1
9583.2
9484.5
9568.2
9448.0
9533.7
9529.9
9629.7
9441.0
9472.8
9440.3
9533.1
9476.7
9600.4
9579.9
9394.1
9565.7
9395.8
9438.4
9538.0
9536.7
9582.3
9448.5
9511.7
9684.0
9545.6
9520.9
9551.3
9467.7
9561.1
9438.4
9520.8
9477.0
9460.2
9681.6
9589.5
9397.6
9576.8
9534.3
9455.5
9611.1
9486.2
9604.1
9442.7
9481.7
9470.2
9441.7
9586.1
9574.4
9476.7
9527.7
9575.7
9597.4
9472.4
9616.4
9644.3
9295.6
9577.1
9578.8
9655.8
9539.9
9611.1
9543.0
9526.1
9496.0
9547.9
9644.0
9580.5
9436.0
9366.5
9587.4
9595.7
9577.3
9486.9
9611.6
9579.3
9569.7
9624.4
9638.1
9588.0
9584.5
9506.3
9568.5
9581.0
9472.6
9531.5
9710.7
9648.1
9459.6
9617.9
9631.2
9576.0
9590.1
9559.4
9391.9
9464.0
9616.5
9631.3
9585.1
9567.9
9674.6
9571.0
9582.3
9439.9
9588.5
9624.1
9523.7
9458.0
9602.1
9599.8
9488.5
9483.3
9557.9
9429.5
9552.1
9613.5
9521.5
9463.9
9637.1
9589.3
9443.7
9359.9
9682.7
9626.7
9584.6
9574.1
9504.7
9599.9
9449.0
9516.4
9569.3
9642.0
9543.7
9544.3
9500.7
9474.4
9581.8
9491.8
9749.8
9497.0
9505.4
9643.8
9556.7
9656.4
9603.4
9407.6
9477.4
9670.2
9515.7
9567.3
9453.6
9486.8
9631.1
9621.4
9615.6
9452.8
9516.4
9539.6
9439.0
9471.5
9638.4
9390.1
9561.8
9520.6
9582.4
9522.6
9392.4
9412.5
9581.3
9571.6
9572.4
9604.7
9395.0
9442.8
9398.4
9537.2
9612.4
9487.4
9611.7
9635.5
9558.6
9602.4
9549.4
9550.6
9485.6
9442.9
9412.2
9569.4
9736.8
9479.6
9478.9
9548.4
9406.6
9543.5
9594.7
9555.5
9462.0
9550.6
9592.9
9465.4
9380.7
9436.4
9597.8
9593.0
9624.9
9683.7
9565.1
9532.6
9614.2
9473.0
9637.9
9456.3
9459.0
9433.6
9558.3
9452.2
9503.1
9617.5
9509.4
9462.7
9671.2
9522.8
9598.4
9563.6
9441.5
9520.9
9502.8
9474.3
9558.3
9524.7
9588.6
9433.0
9559.7
9512.1
9564.9
9601.5
9595.4
9626.1
9480.0
9458.7
9586.3
9464.3
9619.6
9613.5
9604.0
9449.2
9566.1
9430.0
9637.0
9715.3
9537.6
9567.6
9568.5
9541.1
9541.8
9569.3
9500.6
9454.6
9379.6
9597.1
9514.3
9495.7
9560.0
9562.1
9718.3
9559.3
9527.3
9577.1
9575.2
9489.3
9538.8
9623.7
9599.6
9591.1
9576.2
9539.1
9660.1
9600.9
9586.7
9435.5
9498.8
9566.0
9653.3
9606.3
9572.8
9606.0
9471.1
9566.4
9443.4
9554.7
9543.1
9647.6
9578.7
9495.6
9367.7
9410.8
9479.0
9565.3
9481.9
9574.7
9427.4
9598.5
9416.9
9606.1
9690.0
9468.1
9577.9
9506.2
9559.6
9589.2
9668.2
9528.0
9541.2
9534.9
9444.0
9555.2
9522.8
9624.2
9650.3
9374.8
9610.1
9470.2
9478.0
9447.9
9417.7
9562.4
9446.6
9487.6
9582.7
9605.3
9693.1
9545.8
9616.5
9583.7
9650.6
9460.1
9516.8
9550.4
9479.8
9576.5
9488.4
9463.5
9384.2
9521.7
9591.7
9556.6
9526.5
9611.4
9631.0
9624.6
9582.0
9572.8
9604.0
9376.6
9493.7
9583.3
9599.6
9413.0
9399.4
9567.8
9611.6
9413.3
9486.7
9402.3
9433.7
9704.9
9501.3
9430.0
9574.0
9537.1
9562.5
9603.2
9560.3
9535.7
9587.3
9572.0
9522.9
9497.7
9583.7
9661.4
9505.3
9628.8
9349.9
9538.0
9543.1
9594.1
9563.7
9540.9
9565.4
9442.0
9402.1
9592.7
9387.1
9509.5
9570.9
9636.5
9639.3
9480.5
9551.0
9588.4
9524.5
9573.4
9336.7
9599.2
9478.7
9615.5
9419.2
9429.3
9599.4
9468.9
9490.8
9571.7
9680.0
9562.2
9443.0
9570.1
9543.0
9548.3
9566.2
9479.5
9349.9
9585.7
9422.2
9465.6
9605.0
9521.5
9637.3
9552.2
9562.5
9582.7
9464.8
9476.6
9486.3
9357.1
9534.7
9705.5
9504.2
9653.4
9431.8
9640.4
9541.3
9544.8
9474.9
9497.7
9444.5
9544.9
9588.4
9611.2
9620.8
9538.0
9430.4
9426.4
9657.5
9513.7
9669.4
9501.1
9411.5
9580.2
9679.7
9677.3
9687.7
9537.5
9580.9
9588.9
9565.2
9479.9
9571.1
9609.8
9488.6
9629.3
9614.3
9618.1
9471.8
9574.9
9599.2
9691.1
9580.7
9613.4
9547.5
9596.3
9447.4
9446.0
9680.6
9395.9
9641.2
9525.7
9737.6
9417.4
9537.7
9571.9
9568.4
9647.9
9633.4
9533.7
9543.0
9484.3
9505.0
9562.7
9631.5
9518.2
9355.9
9553.6
9614.9
9606.7
9531.5
9448.3
9488.7
9439.8
9635.8
9432.2
9592.6
9464.3
9578.9
9443.5
9604.2
9587.8
9571.3
9532.5
9419.5
9525.7
9457.1
9593.6
9613.6
9550.5
9628.4
9443.4
9504.0
9517.9
9565.4
9431.2
9431.1
9543.1
9587.8
9545.5
9478.3
9487.9
9572.3
9328.9
9617.4
9635.3
9603.4
9412.6
9446.8
9530.6
9437.2
9529.3
9617.3
9546.9
9414.3
9597.1
9583.9
9572.8
9417.7
9488.7
9549.9
9577.6
9568.3
9596.3
9464.9
9624.1
9597.7
9582.3
9711.6
9595.5
9643.0
9489.4
9593.0
9458.8
9557.0
9522.8
9586.5
9477.2
9586.0
9600.2
9616.9
9451.8
9613.8
9726.8
9505.8
9580.4
9582.8
9338.9
9557.0
9515.0
9515.9
9656.5
9471.8
9614.3
9563.7
9645.4
9415.8
9648.6
9440.4
9397.1
9645.7
9585.4
9468.2
9448.0
9521.9
9575.9
9602.9
9470.3
9521.8
9519.1
9565.7
9673.2
9547.6
9428.5
9542.6
9534.6
9464.0
9620.8
9591.1
9477.8
9647.0
9581.4
9473.4
9575.1
9450.3
9746.5
9629.9
9607.5
9607.0
9565.0
9426.5
9394.8
9442.6
9597.4
9535.4
9415.2
9575.2
9412.2
9423.1
9550.8
9547.6
9444.4
9587.2
9593.7
9587.8
9562.8
9582.8
9458.3
9468.5
9405.5
9298.3
9650.3
9563.2
9698.9
9619.5
9494.0
9528.5
9484.3
9453.1
9503.2
9462.2
9514.6
9464.6
9471.0
9572.5
9630.6
9402.5
9540.6
9406.1
9614.4
9609.4
9745.3
9527.6
9588.3
9504.1
9431.8
9590.0
9603.7
9404.5
9578.5
9605.2
9603.8
9596.7
9588.3
9384.3
9611.9
9560.1
9607.2
9580.6
9523.4
9553.2
9584.2
9611.6
9463.7
9521.1
9594.5
9477.1
9537.1
9346.0
9494.1
9578.5
9605.8
9651.2
9531.4
9591.3
9562.8
9599.6
9395.7
9653.1
9444.6
9411.0
9457.7
9553.5
9493.7
9380.8
9505.8
9551.6
9542.7
9561.4
9633.8
9483.0
9588.3
9395.0
9407.6
9526.2
9438.1
9537.3
9587.8
9630.8
9520.0
9525.3
9390.0
9631.4
9663.1
9520.7
9644.1
9542.0
9502.7
9542.8
9486.5
9401.3
9660.3
9644.7
9511.4
9392.9
9589.0
9433.4
9761.9
9445.8
9316.8
9393.1
9628.6
9621.2
9663.2
9419.3
9503.8
9397.9
9589.9
9519.7
9387.3
9552.3
9587.7
9551.3
9485.0
9578.7
9411.4
9550.8
9676.1
9505.2
9380.9
9590.3
9385.7
9648.3
9525.1
9455.8
9431.5
9444.8
9467.6
9651.7
9644.6
9618.9
9448.1
9562.3
9405.4
9577.5
9564.5
9603.6
9558.0
9658.1
9577.5
9504.3
9586.8
9564.2
9640.4
9267.0
9466.2
9488.0
9393.4
9574.2
9596.0
9631.4
9602.6
9463.2
9642.9
9655.5
9527.5
9460.0
9488.5
9491.3
9572.2
9601.3
9620.6
9515.4
9542.7
9571.0
9481.4
9653.0
9568.5
9464.3
9480.3
9647.8
9636.6
9517.9
9373.8
9441.9
9616.3
9451.6
9539.9
9525.5
9647.4
9443.1
9600.2
9431.5
9580.5
9491.2
9424.7
9538.4
9460.3
9583.4
9765.2
9424.3
9623.3
9576.4
9541.8
9644.7
9478.2
9378.4
9576.6
9630.3
9555.7
9599.2
9557.4
9673.2
9595.2
9678.0
9696.5
9556.1
9650.2
9518.2
9512.0
9479.6
9601.8
9701.3
9604.2
9608.4
9507.3
9563.2
9456.5
9432.3
9443.5
9603.3
9563.3
9567.0
9452.0
9598.2
9485.5
9551.1
9580.7
9638.1
9617.1
9580.1
9584.6
9548.2
9602.6
9649.2
9567.7
9462.2
9567.3
9437.3
9634.4
9539.8
9398.4
9507.1
9437.0
9573.1
9491.4
9514.6
9421.3
9463.8
9567.4
9453.3
9626.6
9601.7
9589.5
9455.6
9432.1
9504.2
9629.4
9538.9
9555.8
9438.2
9587.1
9485.8
9385.7
9559.7
9574.2
9585.4
9614.4
9620.5
9442.0
9596.4
9456.0
9511.3
9538.8
9453.1
9436.9
9639.2
9620.5
9494.7
9621.4
9399.9
9564.3
9628.4
9572.5
9621.4
9624.8
9516.0
9584.1
9573.9
9477.8
9481.8
9466.9
9436.9
9658.9
9572.9
9629.1
9481.5
9391.5
9647.8
9495.1
9574.6
9549.6
9636.7
9502.6
9405.0
9368.0
9548.2
9422.5
9516.9
9441.7
9371.9
9532.5
9600.8
9596.2
9518.1
9532.1
9566.6
9651.5
9307.6
9614.8
9497.8
9578.3
9588.0
9569.0
9608.3
9376.8
9547.0
9435.0
9601.0
9592.6
9409.8
9519.8
9564.1
9516.9
9634.0
9476.5
9640.4
9534.8
9652.6
9530.2
9608.7
9574.0
9451.1
9633.7
9541.2
9612.9
9555.5
9558.9
9460.7
9595.0
9611.4
9524.9
9391.4
9412.3
9560.9
9602.8
9509.1
9498.8
9618.0
9536.8
9641.5
9465.3
9613.4
9548.3
9461.8
9547.8
9603.4
9595.5
9496.3
9405.8
9567.3
9402.0
9637.1
9537.4
9626.4
9448.1
9500.0
9599.1
9570.5
9664.5
9467.0
9421.8
9611.0
9477.2
9403.5
9623.1
9581.9
9540.3
9596.0
9597.6
9423.0
9561.4
9509.4
9647.9
9553.7
9456.5
9525.3
9603.2
9588.7
9680.5
9486.2
9598.9
9546.4
9537.0
9383.4
9559.2
9491.3
9642.6
9572.9
9618.8
9613.3
9534.4
9578.3
9476.5
9573.7
9487.8
9505.2
9500.3
9545.5
9466.6
9414.0
9507.4
9637.6
9701.7
9518.9
9544.9
9610.0
9565.4
9575.4
9577.9
9523.8
9599.8
9574.3
9630.1
9591.4
9597.1
9536.9
9471.3
9514.3
9582.0
9638.2
9534.2
9553.6
9638.7
9487.6
9625.7
9453.8
9634.4
9625.8
9604.2
9642.7
9479.5
9668.6
9527.9
9491.0
9643.0
9531.1
9495.3
9565.6
9411.3
9446.4
9504.2
9454.1
9457.6
9586.2
9534.2
9628.5
9532.7
9670.9
9564.2
9589.0
9691.1
9582.4
9466.8
9601.8
9607.1
9489.2
9517.9
9642.8
9732.1
9572.7
9552.5
9442.6
9474.9
9514.3
9480.8
9461.6
9390.5
9522.3
9632.9
9523.2
9423.8
9362.9
9643.1
9451.2
9556.5
9427.7
9599.4
9542.7
9501.6
9555.6
9387.6
9528.9
9481.3
9569.9
9600.5
9518.9
9598.2
9603.1
9584.6
9652.9
9628.0
9501.9
9668.4
9602.6
9498.5
9495.2
9472.5
9639.7
9604.5
9550.5
9622.4
9599.1
9568.9
9647.9
9440.4
9571.6
9617.0
9656.1
9425.9
9570.6
9606.0
9630.9
9608.7
9543.2
9443.0
9433.9
9410.4
9544.6
9630.0
9462.9
9533.7
9596.5
9561.6
9488.0
9589.4
9726.9
9572.1
9443.2
9437.6
9572.3
9508.6
9426.3
9454.6
9500.5
9567.0
9527.3
9605.8
9547.6
9607.1
9507.6
9435.7
9460.0
9447.1
9597.2
9549.0
9527.0
9550.8
9442.5
9638.4
9590.3
9622.1
9540.5
9456.3
9589.6
9382.1
9644.8
9447.8
9580.0
9525.7
9542.3
9600.0
9575.9
9442.9
9521.8
9414.9
9593.4
9582.2
9487.0
9575.6
9633.4
9662.3
9510.8
9483.0
9623.6
9477.8
9441.7
9549.0
9387.2
9461.4
9410.9
9581.7
9581.5
9578.7
9460.6
9461.9
9586.7
9432.1
9447.6
9438.4
9556.2
9630.0
9575.0
9427.1
9610.8
9394.6
9549.2
9477.3
9674.1
9465.2
9543.7
9562.4
9384.1
9489.6
9582.8
9626.3
9455.0
9429.7
9557.8
9441.8
9551.3
9598.4
9496.9
9618.0
9619.0
9401.6
9567.6
9615.1
9410.4
9452.4
9464.3
9479.3
9499.7
9586.3
9729.3
9571.5
9461.3
9336.0
9437.5
9420.1
9643.4
9679.7
9472.7
9382.3
9444.3
9640.1
9601.4
9557.2
9615.0
9584.6
9620.9
9472.6
9435.8
9413.0
9434.7
9497.4
9432.4
9548.6
9593.7
9455.0
9512.7
9527.9
9529.0
9567.4
9585.8
9681.8
9609.6
9505.8
9671.7
9602.6
9469.2
9497.2
9605.7
9595.0
9550.4
9588.5
9576.2
9615.9
9566.7
9539.5
9510.3
9628.5
9649.0
9585.3
9670.3
9613.5
9626.8
9573.4
9447.5
9460.7
9548.1
9378.0
9461.8
9517.1
9501.9
9404.3
9479.4
9533.9
9447.5
9602.4
9665.8
9523.9
9501.7
9523.0
9519.5
9460.2
9471.0
9652.1
9538.7
9585.6
9435.2
9577.5
9600.0
9465.1
9606.4
9434.1
9519.3
9428.0
9695.1
9704.6
9455.0
9415.9
9476.2
9588.2
9610.0
9523.0
9409.0
9619.8
9593.3
9548.8
9607.3
9481.7
9484.5
9409.3
9661.8
9510.7
9616.9
9478.3
9461.2
9506.4
9424.5
9656.3
9466.1
9567.0
9413.0
9550.2
9519.2
9435.7
9390.6
9514.2
9413.9
9579.5
9588.1
9393.4
9609.5
9472.7
9555.0
9388.9
9607.4
9572.7
9488.8
9538.7
9447.1
9537.2
9638.4
9500.8
9559.3
9503.7
9481.9
9547.3
9424.8
9454.9
9555.6
9555.7
9564.0
9601.1
9643.3
9574.7
9556.3
9414.3
9626.1
9623.8
9574.8
9479.4
9589.0
9416.8
9603.3
9456.2
9454.2
9635.7
9621.8
9552.1
9660.0
9531.6
9454.1
9619.0
9552.0
9568.3
9447.6
9566.1
9587.6
9422.2
9487.6
9464.3
9575.4
9479.7
9603.2
9488.3
9563.7
9598.1
9673.4
9531.4
9593.1
9541.8
9581.8
9421.5
9420.5
9611.0
9618.7
9520.6
9484.3
9486.9
9603.2
9468.2
9602.4
9508.0
9483.9
9678.1
9453.6
9649.7
9542.1
9496.2
9589.1
9581.3
9579.8
9448.4
9487.1
9465.0
9518.0
9420.0
9520.1
9577.7
9449.9
9583.9
9517.1
9461.0
9604.6
9620.3
9533.9
9553.9
9576.3
9571.3
9464.7
9496.5
9540.4
9618.1
9601.6
9648.7
9493.8
9658.5
9672.1
9420.7
9399.1
9603.4
9474.5
9646.0
9450.7
9606.8
9374.9
9422.6
9548.7
9613.9
9467.3
9541.8
9577.4
9550.2
9652.0
9694.9
9590.3
9598.7
9441.0
9432.5
9661.2
9485.2
9585.4
9569.8
9454.7
9407.2
9569.3
9593.7
9692.7
9600.5
9572.2
9470.1
9603.2
9641.2
9599.8
9572.8
9438.9
9566.3
9341.9
9576.9
9505.5
9540.8
9526.3
9430.3
9603.6
9546.2
9582.5
9625.2
9489.2
9454.1
9352.2
9628.9
9614.0
9513.5
9622.0
9676.1
9499.7
9591.0
9752.5
9474.4
9450.6
9632.7
9536.4
9448.0
9626.8
9512.4
9581.4
9528.8
9468.8
9556.6
9458.5
9584.3
9599.1
9556.0
9558.5
9639.5
9591.9
9621.2
9519.1
9577.0
9588.1
9591.7
9587.2
9568.4
9523.6
9444.6
9593.9
9384.1
9546.3
9596.9
9608.6
9456.0
9649.3
9466.9
9493.2
9703.0
9494.9
9558.2
9622.6
9484.1
9567.8
9463.2
9588.0
9600.5
9563.1
9501.3
9475.4
9493.1
9632.9
9463.5
9491.3
9514.9
9621.6
9597.9
9541.2
9428.2
9656.0
9542.3
9501.8
9552.3
9551.9
9570.5
9604.1
9491.5
9539.9
9488.6
9424.6
9597.1
9493.9
9488.1
9543.9
9596.3
9639.2
9603.3
9567.6
9519.2
9635.6
9482.4
9591.5
9504.5
9489.3
9364.2
9707.1
9447.7
9635.8
9590.1
9532.5
9571.6
9600.6
9624.5
9433.3
9618.8
9531.0
9415.8
9611.3
9599.0
9321.0
9371.6
9452.5
9565.5
9505.1
9649.6
9613.4
9627.2
9557.8
9649.5
9575.0
9547.2
9558.4
9640.3
9722.8
9575.3
9581.2
9618.9
9559.2
9603.5
9595.8
9539.0
9568.7
9618.5
9391.9
9526.2
9462.8
9400.7
9635.2
9551.6
9593.9
9534.8
9454.6
9604.1
9598.0
9568.5
9457.5
9613.9
9544.0
9372.8
9628.6
9632.2
9562.0
9587.6
9453.9
9622.7
9459.5
9602.5
9562.7
9445.4
9507.3
9688.0
9769.7
9651.4
9466.3
9573.4
9539.9
9573.4
9556.6
