0 5.244626
1 3.809122
2 3.723386
3 3.364166
4 3.404850
5 5.604748
6 3.446867
7 3.690530
8 3.595831
9 6.013858
10 5.680959
11 3.652520
12 3.712440
13 3.708719
14 3.497627
15 3.690379
16 3.467678
17 3.571863
18 3.798751
19 3.566763
20 3.822709
21 3.697364
22 3.811783
23 3.707950
24 3.818730
25 3.585929
26 3.874093
27 6.152186
28 6.133556
29 6.423153
30 5.841300
31 5.590583
32 5.422787
33 5.665279
34 5.735879
35 3.705037
36 5.858345
37 6.290993
38 7.387814
39 6.433305
40 6.191901
41 5.912792
42 6.300994
43 5.505064
44 7.110480
45 7.782805
46 8.287275
47 7.783733
48 5.986694
49 5.515562
50 5.515777
51 6.002041
52 5.804801
53 6.531989
54 6.251152
55 7.080318
56 6.175217
57 8.017800
58 5.598089
59 6.088746
60 5.822412
61 5.361531
62 6.381513
63 5.958566
64 6.152507
65 5.934390
66 5.781643
67 5.548578
68 6.663219
69 6.202064
70 6.513592
71 5.405118
72 5.818152
73 5.853298
74 6.260064
75 5.716677
76 6.516303
77 5.676707
78 5.933774
79 6.789145
80 6.192087
81 5.912021
82 3.887748
83 3.566415
84 4.090672
85 3.717123
86 3.797407
87 3.741378
88 4.104985
89 3.720066
90 3.788429
91 3.888406
92 3.944733
93 4.001525
94 3.755142
95 3.767693
96 9.123739
97 9.177543
98 8.440713
99 8.376081
100 8.733139
101 7.350307
102 8.680405
103 8.931170
104 8.523835
105 8.099668
106 6.448893
107 6.143568
108 5.918901
109 5.985030
110 5.520017
111 6.165201
112 7.656610
113 7.594558
114 6.372991
115 3.767399
116 3.648956
117 3.865087
118 3.802540
119 3.657583
120 3.848038
121 3.759189
122 3.516519
123 3.663712
124 3.439824
125 3.662703
126 6.035264
127 3.999765
128 3.911125
129 3.978983
130 3.701852
131 3.648918
132 3.712211
133 3.710496
134 3.631100
135 3.740615
136 3.691464
137 3.500242
138 3.725078
139 3.734220
140 3.794877
141 3.547690
142 3.713653
143 3.746852
144 4.054676
145 3.820013
146 3.404849
147 3.666196
148 3.514057
149 3.794628
150 3.963963
151 3.643474
152 3.477298
153 3.506679
154 3.255104
155 3.725385
156 3.441890
157 3.620014
158 3.722110
159 3.871267
160 4.195352
161 3.631983
162 3.898896
163 3.772056
164 4.050544
165 3.948188
166 3.638033
167 3.929912
168 3.751293
169 3.543980
170 3.782603
171 3.903884
172 3.390177
173 3.867039
174 4.039937
175 3.737860
176 3.934540
177 3.493923
178 3.976898
179 3.765861
180 3.948948
181 3.568108
182 3.995472
183 3.728204
184 3.944756
185 3.428411
186 3.391476
187 3.735626
188 3.734771
189 3.816571
190 3.678940
191 3.734675
192 3.591726
193 3.467190
194 3.428484
195 3.725437
196 3.647753
197 3.580142
198 3.723145
199 3.641843
200 3.722608
201 3.742313
202 3.900691
203 3.555109
204 3.538756
205 3.561166
206 3.768661
207 3.698797
208 3.699340
209 3.652793
210 3.659837
211 3.772891
212 3.758336
213 3.954301
214 4.066413
215 3.356203
216 3.537146
217 3.630372
218 3.526260
219 3.382321
220 3.707304
221 3.367342
222 3.558833
223 3.798987
224 3.389661
225 3.738902
226 3.521520
227 3.628416
228 3.718413
229 3.509985
230 3.842879
231 3.705158
232 3.741297
233 3.995122
234 3.205214
235 3.655145
236 3.222094
237 3.907876
238 3.804128
239 3.631240
240 3.541216
241 3.877060
242 3.583295
243 3.393656
244 3.619034
245 3.448450
246 3.806982
247 3.527905
248 3.298999
249 3.353237
250 3.253828
251 3.670612
252 3.336988
253 3.295406
254 3.872297
255 4.869712
256 5.621282
257 5.624128
258 5.672540
259 5.057292
260 3.669373
261 3.621130
262 3.384360
263 3.643486
264 3.256163
265 3.531585
266 3.692399
267 3.448262
268 3.438750
269 3.577554
270 3.424925
271 3.675365
272 3.634295
273 3.731784
274 3.601346
275 3.626322
276 3.360804
277 3.598526
278 3.444432
279 3.449421
280 3.580222
281 3.526102
282 3.405586
283 3.742542
284 3.644669
285 3.572828
286 3.715962
287 3.579135
288 3.181367
289 3.825871
290 3.657733
291 3.589723
292 3.839922
293 3.760067
294 3.751813
295 3.181290
296 3.187867
297 3.675991
298 3.492448
299 3.386813
300 3.479051
301 3.552663
302 3.590584
303 3.438576
304 3.393316
305 3.871653
306 3.509786
307 3.418495
308 3.393303
309 3.525919
310 3.543615
311 3.445359
312 3.521095
313 3.516520
314 3.611385
315 3.217996
316 3.347193
317 3.882139
318 3.777368
319 3.799842
320 3.734716
321 3.511778
322 3.702173
323 3.690489
324 3.737433
325 3.733752
326 3.676114
327 3.877899
328 3.531133
329 3.591239
330 3.715765
331 3.684480
332 3.482915
333 3.429183
334 3.757622
335 3.372153
336 3.746759
337 3.427259
338 3.641373
339 3.294388
340 3.529165
341 3.530481
342 3.617195
343 3.649247
344 3.717351
345 3.744903
346 3.729047
347 3.862474
348 3.655465
349 3.906429
350 6.738442
351 6.417086
352 7.360952
353 7.599480
354 7.960003
355 7.814294
356 7.703045
357 8.055846
358 8.584904
359 7.638830
360 8.209148
361 8.363273
362 9.732757
363 9.577860
364 5.340310
365 8.867188
366 8.317230
367 9.125179
368 9.289542
369 9.360029
370 7.855834
371 9.050752
372 8.445102
373 5.365242
374 8.011000
375 6.272933
376 6.451519
377 7.580065
378 8.019737
379 8.515521
380 8.450806
381 8.303278
382 7.275637
383 6.413898
384 7.884344
385 8.032666
386 8.078627
387 7.978696
388 8.264544
389 8.158762
390 8.337872
391 6.290778
392 5.782361
393 8.490807
394 7.044807
395 7.514314
396 6.353418
397 6.012138
398 5.489453
399 5.353216
400 5.269049
401 6.105865
402 7.351197
403 5.886774
404 6.103253
405 6.356436
406 6.236777
407 6.023794
408 6.058319
409 6.364951
410 6.009434
411 5.613590
412 6.691868
413 5.846503
414 6.272762
415 6.366426
416 5.886696
417 6.475592
418 6.186993
419 5.910068
420 8.213421
421 7.330826
422 6.463207
423 5.994918
424 6.209421
425 6.471910
426 5.613165
427 6.351450
428 6.507135
429 6.506835
430 5.709998
431 6.450652
432 6.139081
433 5.957919
434 6.389193
435 6.466167
436 6.439355
437 7.678081
438 7.467766
439 9.112059
440 8.654081
441 8.047273
442 8.065787
443 8.214036
444 7.423516
445 7.123546
446 7.563030
447 6.009487
448 6.152863
449 6.199235
450 6.231444
451 6.572222
452 5.874061
453 5.449458
454 6.502476
455 6.442407
456 6.114991
457 5.468473
458 6.032071
459 6.110918
460 5.678028
461 5.857867
462 6.088857
463 8.408912
464 8.206524
465 8.444748
466 8.701851
467 7.560588
468 8.515509
469 9.397558
470 8.278710
471 7.687277
472 7.602546
473 7.807334
474 7.908667
475 5.791553
476 6.208301
477 5.646144
478 5.700353
479 6.183341
480 5.722107
481 5.919492
482 9.347476
483 7.926013
484 8.100842
485 8.528012
486 8.179304
487 6.544721
488 6.822931
489 6.155356
490 6.368133
491 8.967913
492 8.415730
493 9.339946
494 9.137993
495 7.769852
496 7.623738
497 7.765318
498 8.626113
499 7.354888
500 6.736957
501 8.791878
502 8.763139
503 7.750993
504 9.232129
505 8.978730
506 7.944595
507 7.507529
508 8.664693
509 7.632706
510 8.353554
511 8.043710
512 9.188283
513 7.504453
514 7.327413
515 8.305696
516 8.117524
517 8.028636
518 6.478928
519 6.563612
520 5.896390
521 6.264144
522 7.305109
523 8.271519
524 9.307593
525 8.191917
526 10.368848
527 10.321294
528 7.315325
529 9.113956
530 9.284924
531 8.141391
532 8.738091
533 10.624865
534 9.523839
535 9.991363
536 9.436060
537 9.358446
538 9.092270
539 9.019608
540 9.759318
541 9.815436
542 8.468955
543 10.427622
544 10.295948
545 9.879395
546 10.547388
547 9.401523
548 8.774041
549 9.982484
550 8.350641
551 8.458727
552 8.271817
553 10.476972
554 9.842223
555 9.723589
556 8.558605
557 8.998828
558 8.956445
559 9.433775
560 9.612602
561 9.645129
562 9.234854
563 9.318000
564 9.268635
565 9.105970
566 9.061971
567 9.118893
568 9.756876
569 7.710469
570 9.412522
571 9.198077
572 9.485469
573 8.938104
574 9.440894
575 10.764297
576 10.142214
577 9.330569
578 9.373684
579 9.694994
580 8.320946
581 7.967364
582 8.468135
583 6.504276
584 6.351172
585 6.526721
586 8.551925
587 8.794914
588 8.986938
589 7.066528
590 8.047132
591 8.346788
592 8.043563
593 8.846246
594 7.783010
595 7.150158
596 8.226963
597 6.579803
598 6.203757
599 7.388299
600 6.998265
601 8.839562
602 8.964482
603 7.917336
604 8.581942
605 8.476755
606 8.962882
607 8.069042
608 8.105535
609 8.382125
610 7.968350
611 8.392349
612 7.048384
613 9.255056
614 8.421223
615 9.594718
616 9.453000
617 9.714860
618 9.897263
619 8.947392
620 7.587549
621 9.617691
622 9.972266
623 10.701494
624 9.103828
625 10.585903
626 9.457548
627 9.007651
628 10.034809
629 9.701438
630 10.380280
631 10.078325
632 8.240978
633 8.664809
634 8.448172
635 7.704972
636 6.676192
637 8.596705
638 8.363304
639 8.451466
640 7.991634
641 8.616010
642 7.891512
643 7.579691
644 9.772020
645 9.870749
646 8.341547
647 10.070130
648 9.143993
649 9.379243
650 9.434083
651 9.857397
652 10.230293
653 8.617151
654 7.790874
655 9.324252
656 8.820142
657 7.541173
658 5.821014
659 6.131501
660 7.582835
661 8.815723
662 8.138753
663 9.736639
664 10.234907
665 9.497809
666 9.623830
667 9.949488
668 10.235944
669 8.815446
670 9.568166
671 9.368355
672 8.272876
673 10.712952
674 9.975432
675 9.521014
676 10.209908
677 9.921459
678 9.434731
679 9.621441
680 10.015233
681 10.845446
682 10.013683
683 9.426702
684 10.132452
685 10.076714
686 8.787088
687 10.333682
688 9.301187
689 9.274919
690 9.828724
691 10.132403
692 9.935809
693 10.791276
694 9.899828
695 10.137818
696 9.492109
697 9.019099
698 10.090520
699 10.218075
700 9.854924
701 10.142998
702 10.210238
703 10.319971
704 9.482294
705 9.117616
706 8.520862
707 9.673968
708 9.101414
709 9.538013
710 10.352820
711 10.237720
712 8.790548
713 9.118228
714 10.136205
715 9.208482
716 8.844242
717 7.879620
718 8.570894
719 5.596195
720 7.606544
721 6.668118
722 6.130579
723 6.074092
724 6.577614
725 5.658286
726 5.356223
727 7.818931
728 5.642395
729 7.637086
730 7.544132
731 6.396067
732 8.507675
733 7.898570
734 7.111864
735 8.114311
736 9.242262
737 7.569432
738 7.779372
739 8.684232
740 7.752659
741 9.222250
742 8.239304
743 6.785291
744 7.634789
745 8.377806
746 8.781902
747 6.685039
748 7.345558
749 7.518636
750 8.511565
751 8.359269
752 7.381233
753 7.540325
754 8.457364
755 6.066129
756 7.847103
757 9.289809
758 8.668156
759 8.626242
760 7.190869
761 7.536318
762 8.466530
763 9.282094
764 7.237082
765 8.662944
766 8.577846
767 7.732191
768 7.508754
769 7.788748
770 7.961162
771 8.213613
772 9.138415
773 9.154733
774 8.398267
775 7.201314
776 8.486228
777 8.131451
778 8.593987
779 7.787701
780 8.210756
781 5.458443
782 6.904130
783 8.580775
784 7.389548
785 8.029004
786 7.318717
787 8.021008
788 7.461059
789 6.258547
790 6.870267
791 5.866328
792 7.256978
793 8.711695
794 7.636492
795 6.869076
796 6.445603
797 6.517543
798 5.749098
799 5.620365
800 7.002494
801 8.545202
802 6.991343
803 6.600287
804 5.718368
805 6.371897
806 7.321729
807 6.796018
808 7.608589
809 7.458728
810 5.993622
811 6.599616
812 5.915860
813 6.904788
814 6.455433
815 9.181939
816 6.592031
817 6.151214
818 6.135031
819 8.320757
820 7.724385
821 6.774370
822 7.141388
823 8.100920
824 8.340904
825 7.366646
826 7.356213
827 7.466819
828 8.188107
829 8.673282
830 7.809623
831 8.614620
832 8.697751
833 7.356996
834 8.698771
835 6.545060
836 6.653465
837 6.364042
838 6.697977
839 6.112307
840 3.590850
841 3.478247
842 3.525424
843 3.484479
844 3.480474
845 3.159019
846 3.337064
847 3.421725
848 3.489197
849 3.628457
850 3.535222
851 3.493324
852 3.816752
853 3.571808
854 3.566650
855 3.534898
856 3.402983
857 3.831200
858 3.486904
859 3.676261
860 3.549931
861 3.362736
862 3.701027
863 3.677011
864 3.393731
865 3.600071
866 3.304904
867 3.526415
868 3.312585
869 3.398532
870 3.786370
871 3.742872
872 3.461589
873 3.580407
874 3.605508
875 3.608407
876 3.532294
877 3.805590
878 3.727009
879 3.669087
880 3.519843
881 3.806231
882 3.585053
883 3.905305
884 3.433860
885 3.730548
886 3.674304
887 3.942754
888 3.280702
889 3.680245
890 3.663563
891 3.681861
892 3.520171
893 3.752304
894 3.719274
895 3.879409
896 3.545546
897 3.749799
898 3.635231
899 3.345851
900 3.711226
901 3.489326
902 3.910230
903 3.767996
904 3.907251
905 3.972934
906 3.893006
907 3.871034
908 3.635641
909 3.494281
910 3.814524
911 3.583156
912 3.818168
913 3.625838
914 3.844749
915 3.539094
916 3.835337
917 3.881094
918 3.801380
919 3.635890
920 3.698296
921 3.832833
922 3.547184
923 3.244659
924 3.831213
925 3.549168
926 3.077742
927 3.777843
928 3.790794
929 3.312612
930 3.674711
931 3.618910
932 3.599736
933 3.685865
934 3.552212
935 3.757497
936 3.876093
937 3.577152
938 3.623451
939 4.093582
940 3.512634
941 3.534601
942 3.520824
943 3.573866
944 3.653532
945 3.675499
946 3.852634
947 3.778478
948 3.792016
949 3.519460
950 3.867775
951 3.784510
952 3.688618
953 3.520865
954 3.693971
955 3.544842
956 3.743551
957 3.611952
958 3.896216
959 3.488354
960 3.660409
961 3.818141
962 3.922689
963 3.910307
964 3.872339
965 3.636882
966 3.675567
967 3.561532
968 3.715980
969 3.768116
970 3.650179
971 3.225727
972 3.534530
973 3.528357
974 3.815574
975 3.553039
976 3.698716
977 3.683341
978 3.766087
979 3.845375
980 3.722232
981 3.852947
982 3.760931
983 3.965777
984 3.641427
985 3.960331
986 3.985474
987 5.388135
988 3.868140
989 4.043836
990 4.047482
991 3.721612
992 3.648204
993 3.658704
994 3.749947
995 3.261825
996 3.684142
997 3.729906
998 3.572170
999 3.618522
1000 3.240447
1001 3.721803
1002 3.706276
1003 3.832142
1004 3.721317
1005 3.881688
1006 3.718200
1007 3.464402
1008 3.704348
1009 3.720779
1010 3.508119
1011 3.814261
1012 3.429126
1013 3.844214
1014 3.888355
1015 3.657771
1016 3.612258
1017 3.534219
1018 3.811169
1019 3.818023
1020 3.510527
1021 3.840142
1022 3.715065
1023 3.715172
1024 3.670683
1025 3.716517
1026 3.990124
1027 3.763576
1028 3.948975
1029 3.752585
1030 3.415304
1031 3.511368
1032 3.819490
1033 3.957600
1034 3.380667
1035 3.738249
1036 3.871652
1037 3.730414
1038 3.639120
1039 3.598070
1040 3.799869
1041 3.988937
1042 3.808779
1043 3.820917
1044 4.055922
1045 5.739983
1046 6.229261
1047 5.273461
1048 6.101123
1049 5.939342
1050 5.803459
1051 5.665202
1052 5.702709
1053 5.863950
1054 5.668588
1055 6.349432
1056 5.565347
1057 5.560660
1058 5.610081
1059 6.004882
1060 5.779040
1061 5.601357
1062 6.538729
1063 3.751612
1064 3.751347
1065 3.520499
1066 3.942309
1067 3.620030
1068 3.325132
1069 3.845584
1070 3.601375
1071 3.699201
1072 3.478823
1073 3.830366
1074 3.763098
1075 3.609294
1076 3.928692
1077 3.863470
1078 3.864466
1079 3.698193
1080 5.786434
1081 4.927820
1082 6.234148
1083 5.179083
1084 5.392488
1085 3.713813
1086 3.792413
1087 4.164012
1088 7.800248
1089 5.504350
1090 7.080434
1091 7.104759
1092 6.068855
1093 7.427637
1094 6.387432
1095 6.295309
1096 6.125037
1097 5.738266
1098 5.957967
1099 7.966693
1100 7.077304
1101 7.923893
1102 7.794415
1103 7.745439
1104 8.142002
1105 8.050192
1106 7.619187
1107 8.756764
1108 8.255038
1109 9.228241
1110 7.043337
1111 7.667340
1112 6.782826
1113 7.807339
1114 7.947566
1115 7.498760
1116 6.833408
1117 6.797513
1118 5.831682
1119 6.214629
1120 7.303650
1121 6.373147
1122 6.242270
1123 5.752158
1124 5.847948
1125 5.919098
1126 6.448327
1127 6.787666
1128 6.563155
1129 5.809527
1130 6.264614
1131 5.297357
1132 6.817671
1133 6.528747
1134 6.175240
1135 6.307655
1136 7.196280
1137 6.363538
1138 6.194521
1139 6.231725
1140 6.426975
1141 5.963779
1142 6.156776
1143 6.588757
1144 3.494983
1145 3.548040
1146 3.728617
1147 3.612769
1148 3.601954
1149 3.698836
1150 3.615273
1151 3.681602
1152 3.897974
1153 3.785629
1154 3.714214
1155 3.300499
1156 3.322545
1157 3.502772
1158 3.379984
1159 3.688766
1160 3.634033
1161 3.611676
1162 3.442137
1163 3.466484
1164 3.494426
1165 3.581313
1166 3.779986
1167 3.673609
1168 3.472794
1169 3.446116
1170 3.608519
1171 3.598332
1172 3.581969
1173 3.801593
1174 3.494969
1175 3.732533
1176 3.870102
1177 3.724327
1178 3.500543
1179 3.524114
1180 3.539689
1181 3.598792
1182 4.008354
1183 3.735490
1184 3.742339
1185 3.532493
1186 3.812441
1187 3.694212
1188 3.666294
1189 3.953290
1190 3.513887
1191 3.636439
1192 3.777367
1193 4.008855
1194 3.781388
1195 3.486574
1196 3.746543
1197 3.770015
1198 3.693144
1199 3.764972
1200 3.713689
1201 3.587282
1202 3.807544
1203 3.684482
1204 3.671853
1205 3.428410
1206 3.606465
1207 3.547083
1208 3.555306
1209 3.571849
1210 3.758273
1211 3.720027
1212 3.535449
1213 3.797433
1214 3.663346
1215 3.760505
1216 3.883156
1217 3.623370
1218 3.670585
1219 3.709099
1220 3.385024
1221 3.310305
1222 3.743192
1223 3.586166
1224 3.712978
1225 3.648973
1226 3.977072
1227 4.094546
1228 3.485671
1229 3.779551
1230 3.812321
1231 3.777645
1232 3.786648
1233 3.689783
1234 3.547437
1235 3.891284
1236 3.756501
1237 3.642459
1238 3.701162
1239 3.723667
1240 3.645752
1241 3.625025
1242 3.578352
1243 3.710229
1244 3.670108
1245 3.800843
1246 3.914536
1247 3.742805
1248 3.653956
1249 3.757923
1250 3.584829
1251 3.380606
1252 3.786885
1253 3.723060
1254 3.549266
1255 3.793927
1256 3.922194
1257 3.717230
1258 3.855659
1259 3.852491
1260 3.703052
1261 3.856956
1262 3.915792
1263 3.801183
1264 3.667558
1265 3.732626
1266 3.761835
1267 3.932442
1268 3.798158
1269 3.556923
1270 3.704848
1271 4.036198
1272 3.556487
1273 3.529433
1274 3.498572
1275 3.701094
1276 3.750868
1277 3.810683
1278 3.675569
1279 3.281005
1280 3.894210
1281 3.768662
1282 3.647438
1283 3.723025
1284 3.511383
1285 3.739358
1286 3.673961
1287 3.470820
1288 3.594620
1289 3.592605
1290 3.711145
1291 3.555476
1292 3.528994
1293 3.603373
1294 3.542443
1295 3.556263
1296 3.802816
1297 3.617859
1298 3.647040
1299 3.604232
1300 3.652248
1301 3.492634
1302 3.754598
1303 3.793231
1304 3.787837
1305 3.850065
1306 3.630730
1307 3.724878
1308 3.791159
1309 3.615092
1310 3.679524
1311 3.571078
1312 3.384835
1313 3.686856
1314 3.755542
1315 3.646726
1316 3.698190
1317 3.772494
1318 3.856126
1319 3.656678
1320 3.769378
1321 3.886927
1322 3.784150
1323 3.778953
1324 3.752414
1325 3.323010
1326 3.418934
1327 3.404011
1328 3.780830
1329 3.938263
1330 3.844814
1331 3.593064
1332 3.514385
1333 3.558891
1334 3.338683
1335 3.694659
1336 3.402015
1337 3.789433
1338 3.737618
1339 3.882746
1340 3.689662
1341 3.747560
1342 3.832429
1343 3.895805
1344 3.809565
1345 3.457715
1346 3.730012
1347 3.917921
1348 3.753467
1349 3.860130
1350 3.771605
1351 3.735680
1352 3.685295
1353 3.473485
1354 3.822683
1355 3.847091
1356 3.624002
1357 3.510798
1358 3.891596
1359 3.883311
1360 3.663621
1361 3.660959
1362 3.416564
1363 3.389011
1364 3.899397
1365 3.444199
1366 3.367996
1367 3.621865
1368 3.743061
1369 3.665476
1370 3.622997
1371 3.791016
1372 3.920755
1373 3.889782
1374 3.777977
1375 3.649179
1376 3.718617
1377 3.705604
1378 3.920346
1379 3.801432
1380 3.923481
1381 3.882758
1382 3.702551
1383 3.523535
1384 3.687561
1385 3.731513
1386 3.816136
1387 3.549621
1388 3.783516
1389 3.757990
1390 3.619349
1391 3.602081
1392 3.518523
1393 3.918405
1394 3.810434
1395 3.613766
1396 3.693371
1397 3.583156
1398 3.531487
1399 3.809435
1400 3.805377
1401 3.910357
1402 3.746183
1403 3.954163
1404 3.935329
1405 3.675879
1406 3.442105
1407 3.696972
1408 3.732948
1409 3.707465
1410 3.594441
1411 3.710176
1412 3.749414
1413 3.592269
1414 3.671527
1415 3.616714
1416 3.814630
1417 3.658962
1418 3.769469
1419 3.609350
1420 3.849689
1421 3.530553
1422 3.580990
1423 3.592062
1424 3.941269
1425 3.630250
1426 3.930562
1427 3.678341
1428 3.838397
1429 3.735584
1430 3.796225
1431 3.564983
1432 3.650588
1433 3.669566
1434 3.559356
1435 3.926738
1436 5.062943
1437 3.473182
1438 3.622277
1439 3.613793
1440 3.656911
1441 3.667982
1442 3.648686
1443 3.687683
1444 3.264569
1445 3.749665
1446 3.424984
1447 3.683288
1448 3.802237
1449 3.649698
1450 4.015096
1451 3.824368
1452 3.634870
1453 3.938690
1454 3.566748
1455 3.626639
1456 3.789910
1457 3.632561
1458 3.700093
1459 3.691573
1460 3.895268
1461 3.523365
1462 3.829582
1463 3.727129
1464 3.654038
1465 3.792019
1466 4.076873
1467 3.821064
1468 3.828026
1469 3.813387
1470 3.487738
1471 3.441946
1472 3.664616
1473 3.934680
1474 3.548324
1475 3.706401
1476 3.512692
1477 3.783056
1478 3.770333
1479 3.810260
1480 3.720821
1481 3.431735
1482 3.855553
1483 3.770727
1484 3.271544
1485 3.468155
1486 4.016528
1487 3.467290
1488 3.797236
1489 3.806416
1490 3.615426
1491 3.945555
1492 3.587354
1493 3.713609
1494 3.490116
1495 3.713070
1496 3.695849
1497 3.618768
1498 3.927797
1499 3.661555
1500 3.470880
1501 3.328993
1502 3.799711
1503 3.921492
1504 3.863197
1505 3.786568
1506 3.471960
1507 3.881597
1508 3.766497
1509 3.619074
1510 3.751986
1511 3.639602
1512 3.437411
1513 3.427037
1514 3.745211
1515 3.481191
1516 3.715765
1517 3.682935
1518 3.688494
1519 3.652080
1520 3.507393
1521 3.656596
1522 3.899592
1523 3.915991
1524 3.770092
1525 3.493654
1526 3.620098
1527 3.727908
1528 3.800174
1529 3.779076
1530 3.681874
1531 3.693156
1532 3.926756
1533 3.622624
1534 3.527733
1535 3.792532
1536 3.938781
1537 3.912708
1538 3.719811
1539 3.868671
1540 3.713085
1541 3.767133
1542 3.740669
1543 5.840931
1544 3.673159
1545 3.564098
1546 3.664655
1547 3.907439
1548 3.816661
1549 3.825520
1550 3.588133
1551 3.774163
1552 3.633813
1553 3.603180
1554 3.552940
1555 3.465514
1556 3.755386
1557 3.639750
1558 4.166508
1559 3.925761
1560 3.686258
1561 3.944781
1562 3.280896
1563 3.875680
1564 3.815667
1565 3.937766
1566 3.603554
1567 3.738397
1568 3.939468
1569 3.693143
1570 3.814421
1571 3.608727
1572 3.952785
1573 3.853076
1574 3.609849
1575 3.688281
1576 3.674385
1577 3.699852
1578 3.376167
1579 3.793535
1580 3.637872
1581 5.428038
1582 6.640589
1583 7.758776
1584 8.334287
1585 8.144821
1586 5.463112
1587 8.072734
1588 8.626496
1589 8.030229
1590 7.584754
1591 8.704647
1592 6.062747
1593 5.838982
1594 6.403399
1595 6.644915
1596 6.056621
1597 7.941973
1598 9.087371
1599 8.490864
1600 8.128076
1601 8.545932
1602 8.693049
1603 9.759044
1604 9.276690
1605 9.655165
1606 9.085313
1607 9.362930
1608 8.878119
1609 9.035242
1610 9.641857
1611 8.813637
1612 9.006630
1613 8.968693
1614 9.311417
1615 9.175340
1616 9.385935
1617 8.824110
1618 8.078038
1619 8.645862
1620 9.568538
1621 6.208446
1622 7.691038
1623 7.150180
1624 7.196284
1625 7.857753
1626 8.268697
1627 7.613081
1628 8.355364
1629 6.609509
1630 6.498044
1631 6.739214
1632 5.584693
1633 6.231765
1634 6.184187
1635 8.216141
1636 6.830119
1637 7.297789
1638 6.350270
1639 8.626944
1640 7.066002
1641 5.751390
1642 7.055166
1643 8.504509
1644 8.120152
1645 8.606031
1646 7.721606
1647 7.388161
1648 8.767951
1649 8.857238
1650 8.423889
1651 9.164000
1652 8.701271
1653 6.840680
1654 8.514991
1655 7.567761
1656 7.934209
1657 7.490486
1658 7.514770
1659 7.931746
1660 6.932597
1661 7.260040
1662 7.864131
1663 7.120238
1664 7.991657
1665 6.882449
1666 7.561765
1667 9.078420
1668 7.690970
1669 7.561703
1670 7.804858
1671 8.355741
1672 9.324147
1673 8.315101
1674 8.166235
1675 7.685326
1676 9.130059
1677 10.052471
1678 9.750990
1679 8.847813
1680 9.198799
1681 9.257142
1682 8.731845
1683 8.576979
1684 9.140161
1685 8.485151
1686 7.984410
1687 8.077638
1688 7.934211
1689 7.651360
1690 9.614963
1691 8.735658
1692 8.078050
1693 7.547487
1694 8.729998
1695 7.463821
1696 7.784152
1697 7.548544
1698 8.980943
1699 8.938112
1700 9.222304
1701 8.994608
1702 9.335577
1703 8.547344
1704 8.287780
1705 9.489962
1706 8.829956
1707 9.272207
1708 9.018679
1709 9.198115
1710 8.955669
1711 7.804492
1712 9.913492
1713 8.512989
1714 8.167368
1715 8.359602
1716 7.707051
1717 7.576144
1718 8.243793
1719 7.662383
1720 8.713680
1721 8.213375
1722 7.544321
1723 8.244034
1724 9.101635
1725 7.644449
1726 9.624318
1727 9.026237
1728 8.231573
1729 9.586647
1730 8.340108
1731 8.170305
1732 9.641582
1733 9.255033
1734 8.925504
1735 8.544708
1736 8.800296
1737 9.056679
1738 7.615047
1739 8.749748
1740 8.858408
1741 9.866982
1742 9.615909
1743 9.449730
1744 9.129323
1745 8.748137
1746 9.317693
1747 8.987297
1748 8.781263
1749 8.717622
1750 9.458945
1751 7.979937
1752 8.664002
1753 8.437203
1754 8.907778
1755 8.057995
1756 9.231697
1757 8.438876
1758 9.173867
1759 7.578880
1760 9.624844
1761 9.508658
1762 9.190922
1763 8.461679
1764 8.323432
1765 8.264225
1766 9.818088
1767 9.925579
1768 8.365944
1769 8.807867
1770 8.741867
1771 8.306546
1772 9.226623
1773 9.172325
1774 9.020673
1775 8.619866
1776 9.160465
1777 8.967500
1778 9.826485
1779 9.243615
1780 9.041017
1781 9.655478
1782 8.815364
1783 8.667837
1784 8.890426
1785 8.291383
1786 8.747913
1787 6.977484
1788 6.509940
1789 6.076794
1790 4.933424
1791 7.716288
1792 6.809734
1793 5.379686
1794 3.610234
1795 3.697853
1796 3.661175
1797 3.284144
1798 3.479567
1799 3.444939
1800 3.614996
1801 3.820602
1802 3.409957
1803 3.489842
1804 3.746719
1805 3.494368
1806 3.717268
1807 3.958430
1808 3.697431
1809 3.864480
1810 3.866913
1811 3.486331
1812 3.590055
1813 3.820132
1814 3.716072
1815 3.835063
1816 3.960783
1817 3.951154
1818 3.995421
1819 3.738090
1820 4.074236
1821 3.575541
1822 3.665094
1823 3.685769
1824 3.895983
1825 3.945910
1826 3.972029
1827 3.838802
1828 3.781085
1829 3.701646
1830 3.824606
1831 3.703553
1832 3.549168
1833 3.817249
1834 3.775224
1835 3.683272
1836 3.808463
1837 3.595219
1838 3.899857
1839 3.854116
1840 3.744182
1841 3.848257
1842 3.867312
1843 4.462331
1844 3.387697
1845 3.259816
1846 3.509160
1847 3.625383
1848 3.563412
1849 3.223633
1850 3.357590
1851 3.601017
1852 3.667438
1853 3.822906
1854 3.350102
1855 3.658878
1856 3.524146
1857 3.673337
1858 3.648314
1859 3.705966
1860 3.492006
1861 3.423448
1862 3.503285
1863 3.680067
1864 3.720070
1865 3.547014
1866 3.887543
1867 3.576157
1868 3.891672
1869 3.451956
1870 3.760983
1871 3.772333
1872 3.733375
1873 3.685485
1874 3.644133
1875 3.721910
1876 3.878773
1877 3.487707
1878 3.846064
1879 3.498242
1880 3.618216
1881 3.785407
1882 3.898486
1883 3.957942
1884 3.815689
1885 3.710793
1886 3.750894
1887 3.769152
1888 3.589623
1889 3.987619
1890 3.829949
1891 4.016890
1892 3.735198
1893 3.701592
1894 3.940672
1895 3.855503
1896 3.797842
1897 3.565881
1898 3.877808
1899 3.898012
1900 3.683830
1901 3.789366
1902 3.579512
1903 3.850141
1904 3.533117
1905 3.795207
1906 3.373501
1907 3.676263
1908 3.782817
1909 3.782803
1910 3.641993
1911 3.779975
1912 3.788760
1913 3.761250
1914 3.768198
1915 3.573306
1916 3.762527
1917 3.957045
1918 4.227834
1919 3.852195
1920 3.986941
1921 3.732637
1922 3.697499
1923 3.697838
1924 3.413343
1925 3.636181
1926 3.470460
1927 3.718452
1928 3.956171
1929 3.891979
1930 3.620139
1931 3.602249
1932 3.533284
1933 3.842420
1934 3.699539
1935 3.652356
1936 4.000625
1937 3.715118
1938 3.453854
1939 3.759654
1940 3.617126
1941 3.502927
1942 3.709932
1943 3.744303
1944 3.679266
1945 3.639506
1946 3.700623
1947 3.581562
1948 3.711791
1949 3.913438
1950 4.108307
1951 3.616518
1952 3.941499
1953 3.741724
1954 3.451390
1955 3.879691
1956 3.869585
1957 3.677690
1958 3.644065
1959 3.799474
1960 3.772719
1961 3.887545
1962 3.723494
1963 3.600290
1964 3.790962
1965 3.761956
1966 3.720967
1967 3.653509
1968 3.477817
1969 3.947785
1970 3.492805
1971 3.894690
1972 3.864635
1973 3.734848
1974 3.755822
1975 3.888600
1976 3.693048
1977 3.830325
1978 3.614706
1979 3.805599
1980 3.754931
1981 3.963582
1982 3.987719
1983 3.769587
1984 3.618953
1985 3.838270
1986 3.914191
1987 3.566355
1988 3.669129
1989 3.848403
1990 3.702660
1991 4.052952
1992 3.445942
1993 3.607397
1994 3.966033
1995 3.817709
1996 3.875835
1997 3.759920
1998 3.705279
1999 3.878890
2000 3.592966
2001 3.574268
2002 3.408311
2003 3.353149
2004 3.572912
2005 3.622513
2006 3.841537
2007 3.738851
2008 3.619020
2009 3.634692
2010 3.867634
2011 3.523208
2012 3.659221
2013 3.875435
2014 3.669415
2015 3.629035
2016 3.312417
2017 3.516035
2018 3.732104
2019 3.777343
2020 3.751666
2021 3.787899
2022 3.599932
2023 3.484164
2024 3.488352
2025 3.493795
2026 3.623533
2027 3.863483
2028 3.483689
2029 3.844801
2030 3.727130
2031 3.908402
2032 3.634076
2033 3.567869
2034 3.851193
2035 3.545391
2036 3.695266
2037 3.754744
2038 3.627755
2039 3.596484
2040 3.944058
2041 3.678003
2042 3.480488
2043 3.836170
2044 3.590667
2045 3.493123
2046 3.627824
2047 3.791110
2048 3.588259
2049 3.883784
2050 3.700622
2051 3.653533
2052 3.667983
2053 3.695847
2054 3.757992
2055 3.752465
2056 3.706560
2057 3.748080
2058 3.821323
2059 3.816936
2060 3.724165
2061 3.775540
2062 3.843178
2063 3.856758
2064 3.750118
2065 3.841122
2066 3.880272
2067 3.810369
2068 4.007917
2069 3.871449
2070 4.103889
2071 3.620428
2072 3.772637
2073 3.742939
2074 3.805549
2075 3.497269
2076 3.773979
2077 3.650505
2078 3.825050
2079 3.749587
2080 3.668967
2081 3.876403
2082 3.847194
2083 3.743221
2084 3.798921
2085 3.738491
2086 3.738128
2087 4.063849
2088 3.942498
2089 3.809528
2090 3.823209
2091 3.771009
2092 3.686327
2093 3.648971
2094 3.956274
2095 3.668416
2096 3.412989
2097 3.552195
2098 3.692585
2099 3.561769
2100 3.537302
2101 3.453391
2102 3.536750
2103 3.673514
2104 3.748146
2105 3.898756
2106 3.686910
2107 3.846169
2108 3.468616
2109 3.830260
2110 3.700458
2111 3.639039
2112 3.757206
2113 3.757312
2114 3.642817
2115 3.604567
2116 3.438328
2117 3.751746
2118 3.494067
2119 3.931476
2120 3.747343
2121 3.826462
2122 3.767188
2123 3.589360
2124 3.760331
2125 3.564675
2126 3.727118
2127 3.715711
2128 3.948721
2129 3.513659
2130 3.828601
2131 3.200468
2132 3.936472
2133 3.778572
2134 3.418318
2135 3.474826
2136 3.617788
2137 3.655066
2138 3.294161
2139 4.003499
2140 3.723024
2141 3.765554
2142 3.520696
2143 3.824370
2144 4.003262
2145 3.478779
2146 3.448507
2147 3.887249
2148 3.761982
2149 4.022352
2150 3.558047
2151 3.552929
2152 3.598472
2153 4.067626
2154 3.879398
2155 3.940093
2156 3.497271
2157 3.834306
2158 3.455923
2159 3.682565
2160 3.839037
2161 3.632383
2162 3.692710
2163 3.893188
2164 3.096207
2165 3.675256
2166 3.747064
2167 3.471281
2168 3.908377
2169 3.740134
2170 3.610901
2171 3.544728
2172 3.714430
2173 4.099012
2174 3.737607
2175 3.602915
2176 3.270996
2177 3.813725
2178 3.785156
2179 3.743275
2180 4.021370
2181 3.946469
2182 3.750840
2183 3.673624
2184 3.892581
2185 3.930252
2186 3.967745
2187 3.955818
2188 3.663073
2189 3.958723
2190 4.262524
2191 3.564225
2192 3.118109
2193 3.322575
2194 3.509445
2195 3.645188
2196 3.662812
2197 3.575555
2198 3.602416
2199 3.902232
2200 3.850739
2201 3.635947
2202 3.648412
2203 3.801959
2204 3.731422
2205 3.693049
2206 3.742113
2207 4.004057
2208 3.918034
2209 3.896230
2210 3.808581
2211 3.870063
2212 3.731500
2213 3.677759
2214 3.886145
2215 3.843307
2216 3.775525
2217 3.834918
2218 3.738597
2219 3.527860
2220 3.543939
2221 3.907991
2222 3.484635
2223 3.465862
2224 3.284433
2225 3.635246
2226 3.950050
2227 3.881367
2228 3.969258
2229 3.663509
2230 3.630772
2231 3.814314
2232 3.156549
2233 3.308747
2234 3.334247
2235 3.599025
2236 3.871769
2237 3.390013
2238 3.486517
2239 3.459393
2240 3.678017
2241 3.424311
2242 3.796237
2243 3.716598
2244 3.811404
2245 3.961488
2246 3.871690
2247 3.639737
2248 3.708006
2249 3.616103
2250 3.692181
2251 3.736362
2252 3.529886
2253 3.874454
2254 3.783489
2255 3.578882
2256 3.662498
2257 3.565570
2258 3.753720
2259 3.784770
2260 3.816820
2261 3.704931
2262 3.540819
2263 3.602860
2264 3.896420
2265 3.680707
2266 3.515736
2267 3.805442
2268 3.776811
2269 3.725267
2270 3.375767
2271 3.725734
2272 3.564394
2273 3.702906
2274 3.627024
2275 3.814720
2276 3.620124
2277 3.826997
2278 3.702244
2279 3.517541
2280 3.676928
2281 3.724164
2282 3.689512
2283 3.574060
2284 3.656244
2285 3.682949
2286 3.599029
2287 3.632478
2288 3.890062
2289 3.754717
2290 3.569901
2291 3.938033
2292 3.723774
2293 3.663523
2294 3.795447
2295 3.397793
2296 3.688169
2297 3.713881
2298 3.791478
2299 3.593742
2300 3.920625
2301 3.767082
2302 3.782737
2303 3.841628
2304 3.554969
2305 3.709597
2306 3.648533
2307 3.839976
2308 3.699880
2309 3.485069
2310 3.942892
2311 3.577625
2312 3.704849
2313 3.736909
2314 3.718453
2315 3.660656
2316 3.842422
2317 3.881865
2318 3.605190
2319 3.739171
2320 3.927314
2321 3.713045
2322 3.806838
2323 3.675608
2324 3.539222
2325 3.620784
2326 3.676056
2327 3.795708
2328 3.719275
2329 3.558961
2330 3.302694
2331 3.600402
2332 3.648696
2333 3.976303
2334 3.510057
2335 3.930765
2336 3.673012
2337 3.849948
2338 3.705362
2339 3.233912
2340 3.547969
2341 3.478647
2342 3.746477
2343 3.931529
2344 3.651766
2345 4.039517
2346 3.812126
2347 3.562217
2348 3.593103
2349 3.579861
2350 3.903471
2351 3.750523
2352 3.604357
2353 3.776877
2354 3.611729
2355 3.765606
2356 3.768342
2357 4.604934
2358 3.426744
2359 3.458670
2360 3.593953
2361 3.600861
2362 3.646422
2363 3.353536
2364 3.677092
2365 3.432098
2366 3.656419
2367 3.890103
2368 3.648425
2369 3.591239
2370 3.585747
2371 3.643487
2372 3.618701
2373 3.791265
2374 3.503569
2375 3.707424
2376 3.635164
2377 3.846947
2378 3.687750
2379 3.642936
2380 3.684031
2381 3.740762
2382 3.796894
2383 3.607436
2384 3.702607
2385 3.794365
2386 3.731339
2387 3.504139
2388 3.789156
2389 3.729264
2390 3.896063
2391 3.646971
2392 3.613393
2393 3.768410
2394 3.879341
2395 3.806573
2396 3.782565
2397 3.407197
2398 3.804102
2399 3.876004
2400 3.858418
2401 3.825232
2402 3.959836
2403 3.826696
2404 3.901567
2405 5.238092
2406 6.485754
2407 8.092120
2408 3.421256
2409 3.883928
2410 3.746678
2411 3.660410
2412 3.885307
2413 3.481724
2414 3.661064
2415 3.757619
2416 3.601516
2417 3.787914
2418 3.824839
2419 3.792044
2420 3.864532
2421 3.760051
2422 3.681848
2423 3.593355
2424 3.566526
2425 3.936878
2426 3.777063
2427 3.868799
2428 3.770954
2429 3.605299
2430 3.447550
2431 3.992669
2432 3.748305
2433 3.996823
2434 3.716492
2435 3.170915
2436 3.915432
2437 3.806246
2438 3.583364
2439 3.644092
2440 3.988723
2441 3.712155
2442 3.694578
2443 4.164827
2444 3.691978
2445 3.920216
2446 3.714904
2447 3.713569
2448 3.684672
2449 3.623672
2450 3.750946
2451 4.060493
2452 3.721103
2453 3.566245
2454 3.749027
2455 3.752627
2456 3.778213
2457 3.659032
2458 3.810787
2459 3.757035
2460 3.509813
2461 3.708492
2462 3.328797
2463 3.649508
2464 3.595179
2465 3.621241
2466 3.700863
2467 3.782870
2468 3.530100
2469 3.870064
2470 3.878583
2471 3.359672
2472 3.616228
2473 3.729410
2474 3.543588
2475 3.657936
2476 3.847676
2477 3.783159
2478 3.871253
2479 3.802641
2480 3.725333
2481 3.882540
2482 3.746585
2483 3.793216
2484 3.793758
2485 3.780596
2486 3.629061
2487 3.642019
2488 3.788272
2489 3.687423
2490 3.726688
2491 3.628512
2492 3.668475
2493 3.600235
2494 3.478650
2495 3.657432
2496 3.538446
2497 3.733282
2498 3.725546
2499 3.300831
2500 3.201169
2501 3.546182
2502 3.882447
2503 3.528059
2504 3.529943
2505 3.812465
2506 3.773778
2507 3.812007
2508 3.924257
2509 3.827870
2510 3.858912
2511 3.760385
2512 3.851090
2513 3.738571
2514 3.814656
2515 3.930620
2516 3.634199
2517 3.881057
2518 3.934934
2519 3.669442
2520 3.747505
2521 3.758989
2522 3.861373
2523 3.966925
2524 3.965110
2525 3.885089
2526 3.633043
2527 3.701350
2528 3.721572
2529 3.711214
2530 3.851882
2531 5.639105
2532 3.486846
2533 3.791594
2534 3.713666
2535 3.753052
2536 3.913987
2537 3.754318
2538 3.884383
2539 3.876353
2540 3.792980
2541 3.557780
2542 3.895947
2543 3.501656
2544 3.664790
2545 3.660398
2546 3.681358
2547 3.613723
2548 3.637045
2549 3.837683
2550 3.602640
2551 3.712372
2552 3.660000
2553 3.620304
2554 3.634845
2555 3.675066
2556 3.916837
2557 3.510415
2558 4.095766
2559 3.772598
2560 3.628375
2561 3.587672
2562 3.705807
2563 3.685133
2564 3.861526
2565 3.398911
2566 3.842059
2567 3.636838
2568 3.477298
2569 3.564562
2570 3.742553
2571 3.836210
2572 3.798553
2573 4.538137
2574 6.213518
2575 7.134485
2576 8.516583
2577 7.829317
2578 7.707994
2579 7.619673
2580 7.291601
2581 8.007784
2582 7.443883
2583 6.240128
2584 6.992382
2585 6.010459
2586 7.742099
2587 8.450901
2588 8.588492
2589 7.310778
2590 6.406528
2591 7.639927
2592 8.085628
2593 6.170456
2594 7.192115
2595 7.825997
2596 8.146343
2597 7.594689
2598 7.754003
2599 8.421294
2600 7.901400
2601 6.989952
2602 6.027852
2603 6.635864
2604 5.864716
2605 5.494451
2606 6.847219
2607 6.235015
2608 5.957355
2609 5.835776
2610 5.637518
2611 5.990528
2612 5.865747
2613 7.106693
2614 6.455708
2615 6.333190
2616 5.729862
2617 5.578837
2618 5.340648
2619 5.865989
2620 5.812289
2621 7.384133
2622 5.609680
2623 6.336948
2624 5.864930
2625 6.064768
2626 5.532675
2627 5.762967
2628 5.360105
2629 5.705558
2630 5.974798
2631 5.785102
2632 6.118014
2633 5.973785
2634 6.545477
2635 6.206400
2636 8.140745
2637 7.834059
2638 7.823789
2639 7.626650
2640 6.213084
2641 5.581586
2642 6.163003
2643 5.779738
2644 5.694393
2645 6.920889
2646 5.881573
2647 5.408335
2648 6.091468
2649 6.176156
2650 6.824004
2651 5.732458
2652 6.579037
2653 3.717163
2654 3.775553
2655 3.711309
2656 3.439345
2657 3.756250
2658 3.538842
2659 3.691828
2660 3.416034
2661 3.943209
2662 3.807806
2663 3.659686
2664 3.759442
2665 4.042352
2666 3.801369
2667 3.765037
2668 3.966624
2669 3.769391
2670 3.658209
2671 3.727534
2672 3.868604
2673 3.865603
2674 3.851468
2675 3.613668
2676 3.752664
2677 3.722847
2678 3.609056
2679 3.701755
2680 3.908018
2681 3.868670
2682 3.714053
2683 3.755183
2684 3.724353
2685 3.867156
2686 3.818286
2687 3.844294
2688 3.871911
2689 3.847404
2690 3.903127
2691 3.748424
2692 3.601235
2693 3.819857
2694 3.656626
2695 3.651892
2696 3.708396
2697 3.573794
2698 3.765435
2699 3.828226
2700 3.643928
2701 3.744983
2702 6.825117
2703 5.572398
2704 5.984925
2705 5.209547
2706 6.210598
2707 6.651234
2708 8.279819
2709 10.125910
2710 9.395234
2711 7.405568
2712 6.824054
2713 5.689590
2714 7.161879
2715 5.787073
2716 3.863793
2717 3.815300
2718 3.764785
2719 3.770488
2720 3.669906
2721 3.515524
2722 3.383328
2723 3.559019
2724 3.795300
2725 3.923187
2726 3.639051
2727 3.637432
2728 3.864893
2729 3.859545
2730 3.595845
2731 3.829123
2732 3.767521
2733 3.829856
2734 3.724112
2735 3.544813
2736 3.841900
2737 4.078591
2738 3.617819
2739 3.576366
2740 3.690678
2741 3.606522
2742 3.792558
2743 3.606729
2744 3.707423
2745 3.739320
2746 3.571721
2747 3.743342
2748 3.528370
2749 3.515749
2750 3.694349
2751 3.649453
2752 3.618769
2753 3.650493
2754 3.600900
2755 3.692952
2756 3.815193
2757 3.799344
2758 3.392728
2759 4.044020
2760 3.775526
2761 3.643142
2762 3.846947
2763 3.610981
2764 3.725948
2765 3.889176
2766 3.899911
2767 3.747709
2768 4.061296
2769 3.840549
2770 3.759509
2771 3.643666
2772 3.625771
2773 3.793849
2774 3.747892
2775 3.867157
2776 3.830574
2777 3.676167
2778 3.768730
2779 3.883633
2780 3.859353
2781 3.709809
2782 3.755755
2783 3.693250
2784 3.671090
2785 3.792704
2786 4.065033
2787 3.973486
2788 3.694917
2789 3.825191
2790 3.501144
2791 3.786619
2792 3.894302
2793 3.849585
2794 3.703906
2795 3.469728
2796 3.558663
2797 3.565879
2798 3.810446
2799 3.685838
2800 3.621643
2801 3.889832
2802 3.745196
2803 3.409091
2804 3.898332
2805 3.682460
2806 3.499457
2807 3.670614
2808 3.548156
2809 3.760573
2810 3.664206
2811 3.577782
2812 3.526897
2813 3.742778
2814 3.516773
2815 3.656350
2816 3.875307
2817 3.386487
2818 3.796893
2819 3.860064
2820 3.830026
2821 3.520741
2822 3.691843
2823 3.654779
2824 3.670748
2825 3.718253
2826 3.810342
2827 3.529079
2828 3.264935
2829 3.614997
2830 3.643639
2831 3.914394
2832 3.525350
2833 3.735466
2834 3.418200
2835 3.840899
2836 3.743340
2837 3.409547
2838 3.327538
2839 3.760452
2840 3.611399
2841 4.054296
2842 3.896934
2843 3.688441
2844 3.782500
2845 3.655326
2846 3.638763
2847 3.683083
2848 3.502531
2849 3.775341
2850 4.071229
2851 3.994858
2852 3.881482
2853 3.724313
2854 3.695198
2855 3.852595
2856 3.809371
2857 3.460982
2858 3.573834
2859 3.536808
2860 4.971366
2861 5.210383
2862 5.636978
2863 5.736348
2864 6.088874
2865 4.986833
2866 6.014232
2867 5.500627
2868 5.378406
2869 3.687427
2870 3.676425
2871 3.738997
2872 3.596473
2873 3.729251
2874 3.650890
2875 3.898062
2876 3.553673
2877 3.824251
2878 3.797315
2879 3.521337
2880 3.731956
2881 3.782619
2882 3.598748
2883 3.515027
2884 3.490012
2885 3.874289
2886 3.769058
2887 3.860997
2888 3.725546
2889 3.728805
2890 3.893312
2891 3.698676
2892 3.617912
2893 3.475930
2894 3.828656
2895 3.649029
2896 3.709165
2897 3.854181
2898 3.825324
2899 3.894754
2900 3.729935
2901 3.773356
2902 3.715158
2903 3.775313
2904 3.592394
2905 3.848662
2906 3.843658
2907 3.686776
2908 3.634474
2909 3.817461
2910 4.162896
2911 3.791384
2912 3.655641
2913 3.647604
2914 5.385063
2915 6.362964
2916 4.762605
2917 5.362033
2918 4.813627
2919 5.530362
2920 5.492593
2921 5.324566
2922 4.749609
2923 5.650523
2924 5.811237
2925 5.024024
2926 5.231415
2927 4.410599
2928 5.236851
2929 5.536244
2930 4.775614
2931 5.251560
2932 5.270427
2933 4.880679
2934 4.711435
2935 5.593695
2936 3.903347
2937 3.908327
2938 3.533128
2939 3.833145
2940 3.605690
2941 3.664124
2942 3.681237
2943 3.801644
2944 3.668581
2945 3.562808
2946 3.621409
2947 3.843503
2948 3.677730
2949 3.833704
2950 3.645751
2951 3.591851
2952 3.965174
2953 3.672140
2954 3.756874
2955 3.809331
2956 3.691610
2957 3.652192
2958 3.337935
2959 3.789499
2960 3.875925
2961 3.598999
2962 3.874919
2963 3.333901
2964 3.272475
2965 3.717527
2966 3.523422
2967 3.581635
2968 3.598457
2969 3.870349
2970 3.661149
2971 3.512975
2972 3.461648
2973 3.501213
2974 3.416578
2975 3.674195
2976 3.683327
2977 3.623755
2978 3.594399
2979 3.448957
2980 3.470590
2981 3.455330
2982 3.903820
2983 3.616160
2984 3.775740
2985 3.498154
2986 3.651864
2987 3.576727
2988 3.669524
2989 3.779061
2990 3.944389
2991 3.677514
2992 3.500484
2993 3.150332
2994 3.438666
2995 3.231377
2996 3.946064
2997 3.734222
2998 3.806430
2999 3.581786
3000 3.805442
3001 3.755505
3002 4.009911
3003 3.856435
3004 3.787665
3005 3.970415
3006 3.593245
3007 3.654984
3008 3.740870
3009 3.968110
3010 3.789500
3011 3.661502
3012 4.701436
3013 3.627931
3014 3.714120
3015 3.697284
3016 3.428834
3017 3.654452
3018 3.833549
3019 3.748292
3020 3.655309
3021 3.830535
3022 3.894071
3023 3.559690
3024 3.928435
3025 3.692345
3026 3.905521
3027 3.224980
3028 3.533851
3029 3.561955
3030 3.501472
3031 3.556136
3032 3.521279
3033 3.374802
3034 3.501084
3035 3.792428
3036 3.617861
3037 3.526854
3038 3.611952
3039 3.618481
3040 3.815231
3041 4.187769
3042 3.799555
3043 3.864350
3044 3.776786
3045 3.561869
3046 3.783411
3047 3.887752
3048 3.456949
3049 3.475025
3050 3.793323
3051 3.413196
3052 3.686041
3053 3.609474
3054 3.252784
3055 3.460131
3056 3.626267
3057 3.835883
3058 3.636287
3059 3.674627
3060 3.569664
3061 3.321099
3062 3.974896
3063 3.553886
3064 3.689620
3065 3.605025
3066 3.667341
3067 3.713031
3068 3.698718
3069 3.664464
3070 3.744689
3071 3.742660
3072 3.723828
3073 3.596345
3074 3.744075
3075 3.782777
3076 3.864349
3077 3.629682
3078 3.826826
3079 3.719328
3080 3.380799
3081 3.829738
3082 3.859158
3083 3.710635
3084 3.659634
3085 3.421505
3086 3.491175
3087 3.551957
3088 3.558793
3089 3.656583
3090 3.671417
3091 3.738796
3092 3.640013
3093 3.750867
3094 3.512078
3095 3.717538
3096 3.558386
3097 3.649684
3098 3.757790
3099 3.784243
3100 4.116274
3101 3.650834
3102 3.557893
3103 3.826134
3104 3.905342
3105 3.854221
3106 3.669948
3107 3.749321
3108 3.749105
3109 3.785036
3110 3.715304
3111 3.806204
3112 3.329549
3113 3.955681
3114 3.786014
3115 3.587159
3116 3.823270
3117 3.892788
3118 3.656704
3119 3.639973
3120 3.390620
3121 3.754747
3122 3.497698
3123 3.809174
3124 3.775859
3125 3.923581
3126 3.717460
3127 3.527053
3128 3.640414
3129 3.579737
3130 3.668827
3131 3.690354
3132 3.529306
3133 3.395115
3134 3.603623
3135 3.792878
3136 3.804604
3137 3.765674
3138 3.862553
3139 3.666075
3140 3.884648
3141 3.631888
3142 3.838672
3143 3.727483
3144 3.360429
3145 3.708505
3146 3.382438
3147 3.419856
3148 3.691628
3149 3.361072
3150 3.416576
3151 3.399779
3152 3.789735
3153 3.628910
3154 3.588120
3155 4.009352
3156 4.137066
3157 3.696676
3158 3.827376
3159 3.771380
3160 3.334455
3161 3.632092
3162 3.833261
3163 3.967698
3164 3.889599
3165 3.824095
3166 3.814945
3167 3.593284
3168 3.909808
3169 3.806756
3170 3.654109
3171 3.859781
3172 3.830327
3173 3.760917
3174 3.846673
3175 3.920714
3176 3.780134
3177 3.828496
3178 3.522996
3179 3.403896
3180 3.714782
3181 3.940432
3182 3.707141
3183 3.873061
3184 3.813175
3185 5.451258
3186 3.618192
3187 3.703594
3188 3.818651
3189 3.687925
3190 3.780236
3191 3.946379
3192 3.682716
3193 3.872633
3194 3.361100
3195 3.617706
3196 3.535706
3197 3.820078
3198 3.476637
3199 3.933969
3200 3.546126
3201 3.785619
3202 3.624652
3203 3.670234
3204 3.422309
3205 3.660289
3206 3.580363
3207 3.830406
3208 3.864829
3209 3.745106
3210 3.600904
3211 3.933420
3212 3.714524
3213 3.683665
3214 3.509728
3215 3.661545
3216 3.757207
3217 3.600083
3218 3.466686
3219 3.649479
3220 3.691978
3221 3.671036
3222 3.816284
3223 3.721950
3224 3.583867
3225 3.779382
3226 3.331576
3227 3.952328
3228 3.605399
3229 3.446532
3230 3.655090
3231 3.807110
3232 3.659534
3233 3.926450
3234 3.516161
3235 3.806390
3236 3.776917
3237 3.726285
3238 3.651712
3239 3.709934
3240 3.534927
3241 3.448159
3242 3.801394
3243 3.538037
3244 6.243189
3245 3.773871
3246 3.660448
3247 3.666455
3248 3.772809
3249 3.765765
3250 3.465183
3251 3.736001
3252 3.645752
3253 3.817930
3254 3.754759
3255 3.560143
3256 3.827583
3257 3.216039
3258 3.807111
3259 6.077878
3260 5.371519
3261 5.276523
3262 5.567100
3263 3.621877
3264 3.750159
3265 3.811824
3266 4.001250
3267 3.853726
3268 3.931627
3269 3.351629
3270 3.831095
3271 3.703377
3272 3.846897
3273 3.893044
3274 3.764015
3275 3.511483
3276 3.575095
3277 3.517244
3278 3.598905
3279 3.761767
3280 3.771218
3281 3.872584
3282 3.533017
3283 3.569173
3284 3.649122
3285 3.772400
3286 3.570238
3287 3.397676
3288 3.587340
3289 3.191192
3290 3.762447
3291 3.685838
3292 3.611274
3293 3.597593
3294 3.869289
3295 3.732706
3296 3.789275
3297 3.532605
3298 5.224566
3299 5.856186
3300 3.526701
3301 3.851987
3302 3.705525
3303 4.107492
3304 3.705522
3305 3.732587
3306 3.840120
3307 3.806286
3308 3.561025
3309 3.867933
3310 3.524358
3311 3.976997
3312 3.793270
3313 3.886927
3314 3.730321
3315 3.569692
3316 3.630387
3317 3.888291
3318 3.975188
3319 3.566791
3320 3.522867
3321 3.866081
3322 3.999399
3323 3.797103
3324 3.662377
3325 3.817355
3326 3.611066
3327 3.550071
3328 3.686855
3329 3.568305
3330 3.527081
3331 3.654996
3332 2.963593
3333 3.171215
3334 3.394275
3335 3.649149
3336 3.670968
3337 3.826199
3338 3.970667
3339 3.486802
3340 3.978806
3341 3.661666
3342 3.646558
3343 3.292339
3344 3.708909
3345 3.653288
3346 3.550673
3347 3.464345
3348 3.476868
3349 3.778729
3350 3.758404
3351 3.704312
3352 3.444195
3353 3.897665
3354 3.752906
3355 3.448623
3356 3.664915
3357 3.947305
3358 3.866951
3359 3.434893
3360 3.551015
3361 3.613726
3362 3.408724
3363 3.637226
3364 3.437470
3365 3.306252
3366 3.564672
3367 3.321264
3368 3.360269
3369 3.696135
3370 3.538261
3371 3.907044
3372 3.812625
3373 3.644518
3374 3.549802
3375 3.970014
3376 3.749828
3377 3.632036
3378 3.974732
3379 3.550409
3380 3.383031
3381 3.496313
3382 4.047567
3383 3.887492
3384 3.846738
3385 3.930061
3386 3.847545
3387 3.744077
3388 3.665747
3389 4.091724
3390 3.647438
3391 3.565135
3392 3.617182
3393 3.606564
3394 3.842251
3395 3.699378
3396 3.825402
3397 3.856190
3398 3.982838
3399 3.996623
3400 4.183757
3401 3.739799
3402 3.743715
3403 3.763366
3404 3.822120
3405 3.908326
3406 3.862642
3407 3.154506
3408 3.841368
3409 3.579722
3410 3.828289
3411 3.737245
3412 7.793756
3413 6.098763
3414 7.105843
3415 5.954679
3416 6.478372
3417 5.706609
3418 6.516016
3419 6.924688
3420 6.157313
3421 6.304484
3422 6.225197
3423 6.694035
3424 6.088038
3425 4.843574
3426 7.230088
3427 5.443701
3428 7.482367
3429 7.201933
3430 4.955807
3431 7.832716
3432 8.125108
3433 6.560624
3434 5.711856
3435 8.014310
3436 7.645620
3437 8.020380
3438 7.510867
3439 7.083669
3440 8.365225
3441 5.503926
3442 6.887702
3443 5.681081
3444 6.961551
3445 7.434692
3446 6.749560
3447 6.236176
3448 5.255563
3449 5.307137
3450 5.913035
3451 5.307626
3452 5.303442
3453 4.918841
3454 6.589168
3455 7.549164
3456 5.949941
3457 6.513817
3458 5.623290
3459 6.022776
3460 3.558960
3461 3.519688
3462 3.971070
3463 3.392948
3464 3.749239
3465 3.863133
3466 3.522132
3467 3.942107
3468 3.794670
3469 3.641292
3470 3.882421
3471 3.846934
3472 3.786424
3473 3.768102
3474 4.087761
3475 3.763101
3476 3.666129
3477 3.738170
3478 5.291067
3479 5.176929
3480 5.428123
3481 5.708598
3482 4.928459
3483 3.968802
3484 6.268670
3485 6.740720
3486 9.099806
3487 9.433796
3488 9.663752
3489 10.202184
3490 8.866168
3491 5.035722
3492 8.466558
3493 7.444071
3494 11.043921
3495 9.970533
3496 10.620248
3497 9.386724
3498 8.493562
3499 6.838222
3500 5.820043
3501 5.999891
3502 6.183098
3503 5.206016
3504 3.854725
3505 3.924920
3506 3.418684
3507 3.694373
3508 4.183886
3509 3.894534
3510 3.781915
3511 3.561023
3512 3.999873
3513 3.600610
3514 3.931490
3515 3.592465
3516 3.711295
3517 3.741255
3518 4.144130
3519 3.646891
3520 3.670504
3521 3.349480
3522 3.624514
3523 3.519859
3524 3.883581
3525 3.676126
3526 3.609931
3527 3.659371
3528 3.805614
3529 3.730027
3530 3.536396
3531 3.554728
3532 3.989197
3533 3.403251
3534 3.698081
3535 3.806246
3536 3.556316
3537 3.770331
3538 3.573738
3539 3.903806
3540 3.719867
3541 3.617304
3542 3.399602
3543 3.587604
3544 3.641664
3545 3.453971
3546 3.519675
3547 3.571907
3548 3.517115
3549 3.635507
3550 3.728620
3551 3.856917
3552 3.371885
3553 3.831656
3554 3.627023
3555 3.691570
3556 3.675037
3557 3.750601
3558 3.452564
3559 3.786465
3560 3.325266
3561 3.736162
3562 3.662908
3563 3.612149
3564 3.830678
3565 3.919235
3566 3.855945
3567 3.659634
3568 3.612672
3569 3.478808
3570 3.741041
3571 3.660314
3572 3.714350
3573 3.601471
3574 3.905585
3575 3.660068
3576 3.822065
3577 3.895165
3578 3.510740
3579 3.850674
3580 3.882178
3581 3.759229
3582 3.572716
3583 3.676154
3584 3.866494
3585 3.742512
3586 3.357171
3587 3.804180
3588 3.816713
3589 3.639862
3590 3.854609
3591 3.616145
3592 3.884701
3593 3.291640
3594 3.699377
3595 3.842668
3596 3.857021
3597 3.585332
3598 3.982234
3599 3.781387
3600 3.899987
3601 3.625262
3602 3.900371
3603 3.770807
3604 3.420616
3605 3.666088
3606 3.516035
3607 3.939722
3608 3.598750
3609 3.261364
3610 3.434691
3611 3.790344
3612 3.399736
3613 3.727949
3614 3.612062
3615 3.872015
3616 3.339355
3617 3.567028
3618 3.796523
3619 3.480720
3620 3.249954
3621 3.746278
3622 3.611799
3623 3.776744
3624 3.725975
3625 3.782141
3626 4.059976
3627 3.983029
3628 3.732907
3629 3.629946
3630 3.870841
3631 3.776388
3632 3.910421
3633 3.717174
3634 3.463077
3635 3.755449
3636 3.806243
3637 3.632919
3638 3.642569
3639 3.741617
3640 3.823040
3641 3.455574
3642 3.408754
3643 3.713895
3644 3.862654
3645 3.695484
3646 3.546619
3647 3.743342
3648 3.805299
3649 3.668746
3650 3.855957
3651 3.904178
3652 3.634406
3653 3.747720
3654 3.697420
3655 3.592479
3656 3.793190
3657 3.721799
3658 3.606687
3659 3.518111
3660 3.587256
3661 3.564604
3662 3.717340
3663 3.783569
3664 3.775819
3665 3.656009
3666 3.796167
3667 3.751441
3668 3.693819
3669 3.910474
3670 3.675909
3671 3.929032
3672 3.741336
3673 3.910371
3674 3.865759
3675 3.692275
3676 3.767295
3677 3.645089
3678 3.750069
3679 3.759470
3680 3.991202
3681 3.747134
3682 3.947023
3683 3.629671
3684 3.733859
3685 3.845648
3686 3.968890
3687 3.955187
3688 3.563555
3689 3.898384
3690 3.910782
3691 3.622886
3692 3.646231
3693 3.705161
3694 3.911674
3695 3.851052
3696 3.603372
3697 3.996537
3698 3.816765
3699 3.852494
3700 4.175753
3701 3.558510
3702 3.783783
3703 3.884455
3704 3.728605
3705 3.809315
3706 3.995046
3707 3.975641
3708 3.747544
3709 3.767784
3710 3.691749
3711 5.651415
3712 3.918341
3713 3.808872
3714 3.745795
3715 3.818966
3716 3.708815
3717 3.700403
3718 3.743379
3719 3.810893
3720 3.607077
3721 3.950010
3722 3.677023
3723 3.575946
3724 3.640702
3725 3.667614
3726 3.660724
3727 3.084053
3728 3.794062
3729 3.721747
3730 3.424821
3731 3.893496
3732 3.706992
3733 3.634088
3734 3.776640
3735 3.828693
3736 3.705685
3737 3.779762
3738 3.635535
3739 3.651368
3740 3.751629
3741 3.593633
3742 3.372567
3743 3.814563
3744 3.701095
3745 3.667422
3746 3.812007
3747 3.735399
3748 3.607685
3749 3.771193
3750 3.830011
3751 3.858264
3752 3.885459
3753 3.923187
3754 3.747772
3755 3.884998
3756 3.350238
3757 3.812245
3758 3.858123
3759 4.005722
3760 3.919043
3761 3.448421
3762 3.707775
3763 3.289866
3764 3.448667
3765 3.311509
3766 3.650893
3767 3.564562
3768 3.546845
3769 3.673499
3770 3.672016
3771 3.966399
3772 3.459986
3773 3.739746
3774 3.851685
3775 3.765928
3776 3.586879
3777 3.911751
3778 3.496742
3779 3.421712
3780 3.844229
3781 3.671529
3782 3.572802
3783 3.713381
3784 3.733001
3785 3.464881
3786 3.810942
3787 3.750562
3788 3.887325
3789 3.750479
3790 3.722165
3791 3.811100
3792 3.594704
3793 3.534473
3794 3.278079
3795 3.620635
3796 3.507065
3797 3.933013
3798 3.720069
3799 3.851765
3800 3.583673
3801 3.959153
3802 3.721856
3803 3.704163
3804 3.734785
3805 3.699651
3806 3.960746
3807 3.197904
3808 3.853322
3809 3.865580
3810 3.825823
3811 3.940734
3812 3.577569
3813 3.789315
3814 3.609944
3815 3.710134
3816 3.648917
3817 3.652190
3818 3.652480
3819 3.861123
3820 3.439126
3821 4.089279
3822 3.127189
3823 3.725200
3824 3.469784
3825 3.516049
3826 3.844476
3827 3.564533
3828 3.750386
3829 3.347521
3830 3.842019
3831 3.627889
3832 3.644669
3833 3.877496
3834 3.831267
3835 3.619848
3836 3.566595
3837 3.768315
3838 3.749467
3839 3.604969
3840 3.479956
3841 3.635903
3842 3.644804
3843 3.634571
3844 3.726783
3845 3.546392
3846 3.949951
3847 3.575991
3848 3.337452
3849 3.695578
3850 3.531699
3851 3.636166
3852 3.346133
3853 3.808703
3854 3.232999
3855 3.539649
3856 3.740199
3857 3.147187
3858 3.773512
3859 3.748466
3860 3.428424
3861 3.764957
3862 3.734207
3863 3.721076
3864 3.811222
3865 3.835790
3866 3.721344
3867 3.572969
3868 3.603442
3869 3.065762
3870 3.492549
3871 3.505440
3872 3.555758
3873 3.698323
3874 3.915036
3875 3.492549
3876 3.686109
3877 3.737823
3878 3.577723
3879 3.909143
3880 3.517287
3881 3.401719
3882 3.554182
3883 3.615163
3884 3.648614
3885 3.479857
3886 3.651412
3887 3.568052
3888 3.697204
3889 3.602417
3890 3.802380
3891 3.832402
3892 3.737726
3893 4.747389
3894 5.692461
3895 7.337888
3896 6.210598
3897 5.816287
3898 5.830300
3899 6.812323
3900 5.958632
3901 6.706578
3902 6.283354
3903 7.619639
3904 6.175647
3905 7.446831
3906 6.117737
3907 7.423651
3908 6.570036
3909 5.853898
3910 6.938554
3911 7.474148
3912 8.333265
3913 6.674257
3914 5.752087
3915 8.284093
3916 8.232483
3917 7.803364
3918 6.808918
3919 8.003912
3920 6.334745
3921 8.152858
3922 6.231051
3923 5.804562
3924 6.137933
3925 3.945138
3926 3.882809
3927 3.936965
3928 3.701216
3929 3.792439
3930 6.016678
3931 5.491710
3932 6.107382
3933 6.065361
3934 5.934147
3935 5.672335
3936 5.780891
3937 5.554860
3938 5.361353
3939 3.840393
3940 5.101346
3941 5.910168
3942 3.798975
3943 4.239268
3944 3.539634
3945 3.851611
3946 3.862667
3947 3.637292
3948 3.499343
3949 3.263341
3950 3.750587
3951 3.638544
3952 3.772376
3953 3.863082
3954 3.808070
3955 4.052227
3956 3.913630
3957 3.512833
3958 3.642937
3959 4.153805
3960 3.820406
3961 3.859508
3962 3.759043
3963 3.708437
3964 3.795390
3965 3.928930
3966 3.803012
3967 3.688428
3968 3.834907
3969 3.750161
3970 3.781863
3971 3.762368
3972 3.691624
3973 3.800801
3974 3.768420
3975 3.722715
3976 3.809278
3977 3.994956
3978 3.674260
3979 3.892814
3980 3.776520
3981 3.790064
3982 3.968939
3983 3.691639
3984 3.918802
3985 3.891093
3986 3.784216
3987 3.685553
3988 3.827087
3989 4.055640
3990 3.760771
3991 3.638213
3992 3.876109
3993 3.986803
3994 3.558568
3995 3.759640
3996 3.638050
3997 5.476661
3998 5.715670
3999 6.240985
4000 5.158925
4001 5.937913
4002 5.658215
4003 6.565883
4004 5.658103
4005 3.612894
4006 3.791214
4007 3.833393
4008 3.883116
4009 3.781653
4010 3.658168
4011 3.785698
4012 3.468370
4013 3.699219
4014 3.850949
4015 3.809515
4016 3.826671
4017 3.819584
4018 3.704806
4019 3.662197
4020 3.689092
4021 3.868824
4022 3.627642
4023 3.633745
4024 3.789580
4025 3.725129
4026 3.799436
4027 3.615120
4028 3.496427
4029 3.652685
4030 3.669468
4031 3.528811
4032 3.741202
4033 3.690706
4034 3.808596
4035 3.791898
4036 3.781030
4037 3.982699
4038 3.504484
4039 3.655419
4040 3.546350
4041 3.899872
4042 3.591655
4043 6.380000
4044 3.793586
4045 3.566583
4046 3.707397
4047 3.810592
4048 3.809105
4049 3.952594
4050 3.652987
4051 3.678587
4052 3.741377
4053 3.800684
4054 3.910040
4055 3.825780
4056 4.837159
4057 3.724150
4058 3.698892
4059 3.949138
4060 3.825886
4061 3.819461
4062 4.007695
4063 3.990363
4064 3.606895
4065 3.655817
4066 4.076971
4067 4.938308
4068 5.058877
4069 6.131083
4070 4.992986
4071 5.518308
4072 3.697039
4073 3.550438
4074 3.712761
4075 3.666333
4076 3.932876
4077 3.920666
4078 3.795418
4079 3.818233
4080 3.752371
4081 3.801196
4082 3.586977
4083 3.559690
4084 3.752946
4085 4.019862
4086 3.288131
4087 3.778016
4088 3.546758
4089 3.635575
4090 3.712223
4091 3.731137
4092 3.587576
4093 3.633538
4094 3.661378
4095 3.533907
4096 3.379986
4097 3.781085
4098 3.932748
4099 3.697052
4100 3.394496
4101 3.654848
4102 3.843451
4103 3.642155
4104 3.219892
4105 3.842732
4106 3.429709
4107 3.533047
4108 3.519801
4109 3.682416
4110 3.725385
4111 3.319129
4112 3.598112
4113 3.566847
4114 3.597486
4115 3.546350
4116 3.751267
4117 3.765450
4118 3.367343
4119 3.649833
4120 3.396013
4121 3.211637
4122 3.524799
4123 3.373204
4124 3.701755
4125 3.928014
4126 3.460029
4127 3.816450
4128 3.731167
4129 4.184904
4130 3.661011
4131 3.842213
4132 3.673977
4133 3.786017
4134 3.690609
4135 3.671035
4136 3.737727
4137 3.407478
4138 3.587438
4139 3.791646
4140 3.821792
4141 3.652972
4142 3.794878
4143 3.686992
4144 3.866161
4145 3.567561
4146 3.855646
4147 3.671851
4148 3.330407
4149 3.783411
4150 3.348223
4151 3.777447
4152 3.794022
4153 3.569903
4154 3.709516
4155 3.662692
4156 3.784983
4157 3.621793
4158 3.944327
4159 3.500457
4160 3.610138
4161 3.504812
4162 3.241312
4163 3.594859
4164 3.363020
4165 3.773618
4166 3.778108
4167 3.809475
4168 3.793586
4169 3.650000
4170 3.963974
4171 3.683828
4172 3.893956
4173 3.815205
4174 3.624611
4175 3.578562
4176 3.926056
4177 3.841331
4178 3.553773
4179 3.756021
4180 3.903653
4181 3.789420
4182 3.441584
4183 3.377396
4184 3.825324
4185 3.541255
4186 3.790474
4187 3.845373
4188 3.880167
4189 3.677907
4190 3.869172
4191 3.502400
4192 3.787359
4193 3.850313
4194 3.876917
4195 3.829426
4196 3.909552
4197 3.802775
4198 3.868672
4199 3.579791
4200 3.729290
4201 3.617264
4202 3.613043
4203 3.721948
4204 3.617002
4205 3.509771
4206 3.584663
4207 3.772175
4208 3.621463
4209 3.559017
4210 3.752866
4211 3.729302
4212 3.668106
4213 3.499272
4214 3.620538
4215 3.767039
4216 3.666945
4217 3.863833
4218 3.783135
4219 4.010722
4220 3.688807
4221 3.595568
4222 3.864766
4223 3.772719
4224 3.779497
4225 3.750590
4226 3.641826
4227 3.705956
4228 3.682240
4229 3.740281
4230 3.805010
4231 3.888201
4232 4.148841
4233 3.580645
4234 3.867544
4235 3.851247
4236 3.677294
4237 3.922103
4238 3.722418
4239 4.062943
4240 3.762100
4241 3.661709
4242 3.929046
4243 3.829046
4244 3.685566
4245 3.689903
4246 3.773342
4247 3.510015
4248 3.927890
4249 3.858964
4250 3.803904
4251 4.893976
4252 4.695894
4253 3.776374
4254 3.451973
4255 3.591961
4256 3.711725
4257 3.575765
4258 3.709569
4259 3.935747
4260 3.887841
4261 3.877036
4262 3.813149
4263 3.699109
4264 3.438400
4265 3.927197
4266 3.830026
4267 3.778864
4268 3.786475
4269 3.882242
4270 3.587157
4271 3.921342
4272 3.885087
4273 3.726513
4274 3.884790
4275 3.646930
4276 3.445706
4277 3.685837
4278 3.908209
4279 3.894471
4280 3.576409
4281 3.654723
4282 3.458121
4283 3.493896
4284 3.725709
4285 3.563552
4286 4.019094
4287 3.770053
4288 3.565276
4289 3.442240
4290 3.506196
4291 3.881058
4292 3.803170
4293 3.538842
4294 3.542485
4295 3.524119
4296 3.891904
4297 3.707802
4298 3.790013
4299 3.509770
4300 3.613059
4301 3.744677
4302 3.832052
4303 3.622127
4304 3.783597
4305 3.704551
4306 3.617693
4307 3.843188
4308 3.847610
4309 3.751281
4310 3.814513
4311 3.842669
4312 3.786210
4313 3.714309
4314 3.832050
4315 4.078112
4316 3.806247
4317 3.656351
4318 3.577010
4319 3.656965
4320 3.857278
4321 3.709961
4322 3.746785
4323 3.556191
4324 3.621232
4325 3.315717
4326 3.851245
4327 3.524201
4328 3.870309
4329 3.701486
4330 3.731928
4331 3.819503
4332 3.711955
4333 4.168333
4334 3.734084
4335 3.629906
4336 3.267306
4337 3.769696
4338 3.606369
4339 3.941548
4340 3.383859
4341 3.851882
4342 4.013004
4343 3.681658
4344 3.644750
4345 3.346088
4346 3.433980
4347 3.736764
4348 3.818950
4349 3.705091
4350 3.692928
4351 5.416955
4352 3.888612
4353 3.693427
4354 3.858121
4355 3.847531
4356 3.847144
4357 3.834006
4358 5.815979
4359 6.501786
4360 8.212157
4361 8.797928
4362 5.540669
4363 6.781806
4364 7.627884
4365 7.098213
4366 8.198982
4367 7.649335
4368 7.497104
4369 8.287882
4370 7.934570
4371 9.410913
4372 7.455151
4373 7.879479
4374 8.083376
4375 9.876522
4376 8.512287
4377 8.958329
4378 8.605782
4379 7.996856
4380 8.093758
4381 7.788976
4382 8.022422
4383 7.851941
4384 8.537197
4385 7.843551
4386 8.131993
4387 8.397530
4388 8.180692
4389 8.589079
4390 8.482570
4391 7.743708
4392 9.821733
4393 8.994711
4394 9.346368
4395 8.614704
4396 10.288103
4397 7.243511
4398 8.678001
4399 8.112526
4400 8.096252
4401 9.364725
4402 8.900164
4403 9.326746
4404 9.113364
4405 9.172365
4406 9.119347
4407 9.379386
4408 9.221328
4409 9.530017
4410 10.017002
4411 9.166409
4412 9.542248
4413 9.665448
4414 9.056625
4415 9.467614
4416 6.504488
4417 6.125405
4418 6.697680
4419 7.133476
4420 8.254757
4421 8.436789
4422 8.327576
4423 6.082616
4424 5.529313
4425 6.965306
4426 8.073819
4427 7.830782
4428 7.966862
4429 7.935724
4430 7.721665
4431 7.826179
4432 8.408095
4433 7.888225
4434 7.321572
4435 7.643035
4436 6.442657
4437 8.599195
4438 8.124588
4439 7.093779
4440 7.310826
4441 8.360298
4442 7.674540
4443 5.809939
4444 5.590226
4445 5.519160
4446 5.856422
4447 6.166653
4448 8.000866
4449 7.350116
4450 8.577518
4451 8.262185
4452 8.036401
4453 8.534307
4454 8.477504
4455 9.304193
4456 7.152086
4457 8.231992
4458 7.240485
4459 7.545954
4460 7.905512
4461 7.479793
4462 7.672558
4463 8.226095
4464 8.016413
4465 7.887493
4466 8.292757
4467 7.724298
4468 6.151174
4469 7.683152
4470 7.231986
4471 6.216301
4472 7.395898
4473 8.797991
4474 8.080458
4475 8.311852
4476 8.459249
4477 6.584914
4478 6.036935
4479 3.695320
4480 3.617028
4481 5.778875
4482 4.458363
4483 6.054660
4484 6.609669
4485 7.923061
4486 9.102862
4487 10.078604
4488 9.191154
4489 8.299071
4490 8.156257
4491 7.249794
4492 7.186941
4493 6.234573
4494 5.892786
4495 6.664247
4496 6.040861
4497 7.127000
4498 7.154537
4499 7.228179
4500 8.854403
4501 7.159023
4502 6.252792
4503 5.495237
4504 6.200290
4505 7.440275
4506 6.718520
4507 5.819354
4508 6.526946
4509 5.172633
4510 7.559577
4511 8.073169
4512 9.085735
4513 5.973817
4514 3.807926
4515 3.969988
4516 3.823112
4517 3.564787
4518 3.632991
4519 3.864207
4520 3.871292
4521 3.947011
4522 3.912658
4523 3.743659
4524 3.890680
4525 3.762409
4526 3.698229
4527 3.823169
4528 4.207766
4529 3.673757
4530 3.740534
4531 3.807022
4532 3.760281
4533 3.727011
4534 3.758804
4535 3.860920
4536 3.494367
4537 3.952214
4538 3.999863
4539 3.822995
4540 3.828487
4541 3.899358
4542 3.722082
4543 3.836299
4544 3.524883
4545 3.791860
4546 3.583868
4547 3.396264
4548 3.765713
4549 3.482383
4550 3.571414
4551 3.667629
4552 3.517174
4553 3.764400
4554 3.360431
4555 3.745610
4556 3.575835
4557 3.818035
4558 3.642334
4559 3.675267
4560 3.778505
4561 3.784096
4562 3.799107
4563 3.700407
4564 3.306675
4565 3.976368
4566 3.949661
4567 3.768848
4568 3.781918
4569 3.822213
4570 3.599166
4571 3.669249
4572 3.601013
4573 3.727050
4574 3.526272
4575 3.504696
4576 3.399368
4577 3.871281
4578 3.674860
4579 3.343921
4580 3.587798
4581 3.682799
4582 3.773672
4583 3.768937
4584 3.849079
4585 3.848598
4586 3.688752
4587 3.586210
4588 3.637168
4589 3.311118
4590 3.878053
4591 3.643144
4592 3.565866
4593 3.534983
4594 3.755477
4595 3.707317
4596 3.697700
4597 3.710700
4598 3.868915
4599 4.032827
4600 3.586044
4601 3.720349
4602 3.717865
4603 3.594452
4604 3.763892
4605 3.766246
4606 3.607591
4607 3.533653
4608 3.583531
4609 3.532860
4610 3.482541
4611 3.788364
4612 3.462512
4613 3.657715
4614 3.659960
4615 3.456720
4616 3.547477
4617 3.338756
4618 3.812189
4619 3.948127
4620 3.728659
4621 3.641441
4622 3.819227
4623 3.615591
4624 3.737674
4625 3.693901
4626 3.688686
4627 3.549463
4628 3.879537
4629 3.503500
4630 3.614495
4631 3.789182
4632 3.342903
4633 5.999574
4634 6.261283
4635 7.514766
4636 5.530623
4637 6.301809
4638 6.678510
4639 6.535101
4640 7.457240
4641 7.897730
4642 7.941067
4643 7.504864
4644 7.845599
4645 7.076438
4646 7.066951
4647 7.526281
4648 8.211390
4649 6.706452
4650 5.926822
4651 6.229005
4652 6.520535
4653 6.143729
4654 8.037292
4655 6.067571
4656 5.743258
4657 5.882910
4658 6.097189
4659 5.841927
4660 6.295278
4661 5.835847
4662 6.547215
4663 6.140276
4664 6.074686
4665 5.627520
4666 6.246094
4667 6.807782
4668 6.160022
4669 6.432455
4670 7.320394
4671 6.775972
4672 8.413285
4673 7.309655
4674 7.200098
4675 8.977490
4676 8.390367
4677 7.478745
4678 5.069690
4679 5.388702
4680 5.721617
4681 4.817114
4682 5.699950
4683 5.228278
4684 5.632815
4685 5.616138
4686 5.334050
4687 3.881818
4688 3.952276
4689 3.751812
4690 3.973740
4691 3.752386
4692 3.432142
4693 3.588382
4694 3.496369
4695 3.640963
4696 3.898131
4697 3.939160
4698 3.854570
4699 3.811696
4700 3.866859
4701 3.801291
4702 3.589149
4703 3.801830
4704 3.838516
4705 3.936508
4706 3.650948
4707 3.711751
4708 3.543148
4709 3.879963
4710 3.589026
4711 3.592411
4712 3.777485
4713 3.796497
4714 6.405348
4715 6.016120
4716 6.004037
4717 7.759716
4718 6.281035
4719 6.835159
4720 7.583330
4721 7.143291
4722 8.751833
4723 8.950871
4724 9.009821
4725 9.398425
4726 8.778627
4727 9.198156
4728 9.312084
4729 8.340871
4730 8.202109
4731 8.317416
4732 7.940081
4733 7.305404
4734 6.026940
4735 7.220933
4736 7.920485
4737 7.018902
4738 6.769409
4739 6.437648
4740 6.979973
4741 5.680329
4742 6.856028
4743 7.431952
4744 7.984643
4745 5.891715
4746 5.978496
4747 6.107085
4748 5.883146
4749 6.137080
4750 6.949748
4751 6.594248
4752 5.949145
4753 7.848913
4754 6.152479
4755 5.839872
4756 8.105807
4757 5.671263
4758 6.520654
4759 8.070624
4760 7.762337
4761 8.385690
4762 6.203065
4763 7.221750
4764 7.446806
4765 7.138187
4766 7.025140
4767 7.963788
4768 6.037923
4769 5.334128
4770 6.480355
4771 7.510445
4772 7.394193
4773 7.726234
4774 9.493141
4775 9.736908
4776 9.025681
4777 9.396516
4778 9.042689
4779 9.342847
4780 10.000805
4781 9.850411
4782 8.248575
4783 8.124261
4784 8.648134
4785 6.257740
4786 5.441662
4787 3.420571
4788 3.669687
4789 3.327283
4790 3.596622
4791 3.528315
4792 3.801592
4793 3.664986
4794 3.485899
4795 3.667492
4796 3.341049
4797 3.708489
4798 3.546435
4799 3.428088
4800 3.575766
4801 3.552099
4802 3.594481
4803 3.790777
4804 3.589455
4805 3.427698
4806 3.786304
4807 3.732467
4808 3.795801
4809 3.964214
4810 3.722727
4811 3.832466
4812 6.393847
4813 7.096330
4814 6.031067
4815 5.126893
4816 3.723412
4817 3.876260
4818 3.954884
4819 3.712611
4820 3.508802
4821 3.414452
4822 3.601847
4823 3.608796
4824 3.925557
4825 3.831175
4826 3.611027
4827 3.324155
4828 3.731206
4829 3.698690
4830 3.436347
4831 3.342545
4832 3.767481
4833 3.600262
4834 3.533071
4835 3.548449
4836 3.851507
4837 3.815623
4838 3.587772
4839 3.651371
4840 3.865205
4841 3.804970
4842 3.888973
4843 3.508133
4844 3.712076
4845 3.761782
4846 3.800328
4847 3.830887
4848 3.347761
4849 3.433204
4850 3.526726
4851 3.589917
4852 3.700543
4853 3.713032
4854 3.644848
4855 3.604400
4856 3.555997
4857 3.799409
4858 3.777962
4859 3.659659
4860 3.778583
4861 3.928012
4862 3.814984
4863 3.800538
4864 3.531856
4865 3.810956
4866 3.443866
4867 3.889230
4868 3.826761
4869 3.811314
4870 3.913066
4871 3.694335
4872 3.900064
4873 4.056376
4874 6.241737
4875 5.103931
4876 5.892479
4877 5.563892
4878 3.367995
4879 5.429374
4880 6.324942
4881 7.805859
4882 6.513632
4883 7.195338
4884 7.687847
4885 6.782213
4886 7.464966
4887 7.529802
4888 6.314793
4889 6.704696
4890 6.825637
4891 6.365932
4892 5.286029
4893 4.737338
4894 5.585464
4895 4.644683
4896 5.138723
4897 3.635575
4898 3.810366
4899 3.851339
4900 3.828211
4901 3.601402
4902 3.383179
4903 3.705928
4904 3.762775
4905 3.465905
4906 3.584605
4907 3.960380
4908 3.814958
4909 3.449597
4910 3.689850
4911 3.599513
4912 3.961529
4913 3.434937
4914 3.701056
4915 3.915125
4916 3.790332
4917 3.539648
4918 4.062378
4919 3.518224
4920 3.805194
4921 3.862966
4922 3.753120
4923 3.548044
4924 3.387285
4925 3.556431
4926 3.731743
4927 3.716962
4928 3.863068
4929 3.617858
4930 3.696810
4931 3.764334
4932 3.611329
4933 4.021018
4934 3.884148
4935 3.702554
4936 3.746293
4937 3.732840
4938 3.614831
4939 3.806705
4940 3.688114
4941 3.529165
4942 3.355026
4943 3.571552
4944 3.477069
4945 3.864402
4946 4.034168
4947 3.777735
4948 3.491848
4949 3.500016
4950 3.581102
4951 3.661705
4952 3.816558
4953 3.793337
4954 3.737446
4955 3.733122
4956 3.653135
4957 3.766604
4958 3.698121
4959 3.437295
4960 3.687830
4961 3.326710
4962 3.665092
4963 3.425900
4964 3.430015
4965 3.886760
4966 3.590363
4967 3.537426
4968 3.776425
4969 3.605124
4970 3.493436
4971 4.083036
4972 3.712815
4973 3.820407
4974 3.626473
4975 3.736320
4976 3.651441
4977 3.423712
4978 3.920984
4979 3.850672
4980 4.004961
4981 3.783411
4982 3.741191
4983 3.609763
4984 3.517513
4985 3.558948
4986 3.395101
4987 3.778953
4988 3.894831
4989 3.776058
4990 3.870645
4991 3.585581
4992 3.416359
4993 3.868411
4994 3.555967
4995 3.642895
4996 3.636400
4997 3.523493
4998 3.557034
4999 3.717444
5000 3.582375
5001 3.805010

