0 3.099500
1 3.271086
2 3.817198
3 3.289208
4 3.345984
5 3.209002
6 3.110452
7 3.282728
8 3.186298
9 3.150429
10 3.299712
11 3.286015
12 3.142786
13 3.281219
14 3.050279
15 3.100210
16 3.340493
17 3.249384
18 3.275394
19 3.201968
20 3.199705
21 2.853087
22 3.094722
23 3.246814
24 3.291975
25 3.182971
26 3.148999
27 3.337230
28 3.371320
29 3.115012
30 3.364193
31 3.176176
32 3.776850
33 3.150079
34 3.258435
35 3.175500
36 3.024782
37 3.342664
38 3.015194
39 3.209205
40 3.128978
41 3.152412
42 3.174082
43 3.421082
44 3.243609
45 3.389232
46 3.799198
47 5.262215
48 3.202545
49 3.362409
50 3.563075
51 3.463308
52 6.405763
53 6.403078
54 5.921470
55 4.816440
56 4.686193
57 5.155017
58 4.909094
59 4.716300
60 5.050357
61 5.017220
62 5.125419
63 5.035178
64 5.627396
65 5.010449
66 5.857690
67 8.699688
68 6.498684
69 6.134665
70 7.320988
71 7.036499
72 6.988485
73 7.357588
74 9.431977
75 7.335263
76 10.093868
77 7.987271
78 8.774080
79 10.341518
80 9.089187
81 9.525224
82 10.408702
83 11.279686
84 11.533301
85 11.258659
86 12.137716
87 11.775607
88 8.494052
89 10.597797
90 7.996486
91 8.853642
92 8.921907
93 8.309206
94 8.594173
95 10.025338
96 11.321225
97 12.013535
98 11.110072
99 10.010619
100 11.751610
101 11.221399
102 12.300804
103 12.106942
104 12.642806
105 9.826547
106 11.195384
107 10.076797
108 12.182981
109 10.310993
110 10.887762
111 9.755342
112 9.470697
113 10.009132
114 8.660381
115 11.207439
116 11.495543
117 12.320069
118 12.124592
119 13.978053
120 13.249307
121 13.004176
122 13.446599
123 13.378842
124 13.289027
125 13.252431
126 11.495136
127 12.729217
128 12.563299
129 11.185767
130 11.553359
131 11.680262
132 12.315662
133 12.788635
134 14.364172
135 13.118633
136 12.409211
137 12.825317
138 10.112617
139 9.592273
140 11.492564
141 11.268209
142 12.051262
143 12.088163
144 14.742762
145 15.725091
146 13.172996
147 13.122378
148 13.674581
149 14.178607
150 14.725581
151 13.887500
152 14.307629
153 14.117680
154 13.885636
155 14.610800
156 13.594186
157 13.236084
158 15.258052
159 14.978582
160 13.718355
161 13.169735
162 12.046701
163 11.832148
164 9.862637
165 13.616015
166 10.911105
167 12.817413
168 11.276063
169 13.103168
170 12.040522
171 12.579102
172 11.761611
173 12.242594
174 12.086450
175 12.319907
176 12.417645
177 11.704226
178 11.824082
179 12.078578
180 11.514864
181 11.530786
182 9.809573
183 9.165859
184 10.162461
185 10.815608
186 9.602052
187 10.704959
188 11.490142
189 11.323543
190 11.061017
191 9.769766
192 9.581176
193 10.388330
194 12.165566
195 11.859308
196 13.287107
197 11.002754
198 13.172665
199 13.260691
200 12.509889
201 11.153145
202 13.342916
203 10.875757
204 12.770721
205 12.315393
206 12.524126
207 12.153490
208 12.485656
209 13.452589
210 11.838122
211 14.810170
212 11.949394
213 9.407007
214 11.997188
215 11.157590
216 10.212683
217 10.824329
218 11.005711
219 9.359776
220 9.515482
221 10.701744
222 9.279197
223 9.375227
224 8.890721
225 9.116815
226 9.999645
227 8.042510
228 8.922142
229 8.575323
230 9.099528
231 8.766487
232 8.117456
233 8.004868
234 10.913141
235 9.786364
236 8.117112
237 11.569137
238 8.928574
239 10.906682
240 11.409428
241 8.006866
242 7.499155
243 10.112027
244 9.030160
245 10.023909
246 11.028810
247 9.965487
248 10.501096
249 11.221930
250 8.934052
251 9.636945
252 8.638901
253 9.762732
254 10.839814
255 10.378407
256 10.729795
257 10.601235
258 11.495807
259 10.952744
260 11.512976
261 10.769499
262 11.760522
263 12.162642
264 11.348749
265 11.966626
266 11.909781
267 9.277726
268 9.718366
269 10.639780
270 10.925399
271 12.120217
272 13.897286
273 12.272129
274 12.936836
275 13.776749
276 12.666115
277 12.272711
278 10.868823
279 11.625425
280 12.287216
281 11.353393
282 12.518762
283 11.601370
284 11.885981
285 11.596503
286 12.260057
287 13.135259
288 12.519860
289 14.053233
290 12.749043
291 13.388164
292 12.085793
293 11.964037
294 12.650963
295 10.577312
296 11.009427
297 13.646466
298 10.175176
299 11.683975
300 12.743336
301 12.102967
302 14.011260
303 15.073061
304 14.211616
305 13.707413
306 12.534975
307 13.686989
308 13.592920
309 11.388991
310 12.607780
311 11.298389
312 12.708353
313 14.314637
314 13.682928
315 12.634377
316 11.618080
317 12.376074
318 11.640819
319 12.558992
320 13.065459
321 11.169379
322 10.154451
323 11.630314
324 13.525817
325 12.945503
326 11.046512
327 13.277173
328 14.258117
329 12.311203
330 12.562719
331 13.383643
332 12.468112
333 13.578436
334 13.228459
335 11.994619
336 13.074409
337 11.827442
338 12.408469
339 12.481965
340 13.710568
341 13.096006
342 11.612726
343 13.567590
344 12.440643
345 14.570303
346 12.980027
347 12.310649
348 13.978219
349 12.975398
350 10.619929
351 13.121716
352 12.718981
353 12.121263
354 14.128433
355 14.412984
356 12.277824
357 13.020470
358 11.748433
359 12.307739
360 12.273886
361 13.155423
362 11.507829
363 12.096088
364 11.645656
365 12.280722
366 12.970619
367 12.292556
368 12.509218
369 12.686484
370 11.052732
371 11.290815
372 12.803727
373 13.406637
374 12.313380
375 12.556602
376 12.528404
377 13.183722
378 11.905931
379 12.706932
380 13.776043
381 12.387439
382 13.029853
383 12.445505
384 11.951737
385 12.800271
386 12.643520
387 11.543486
388 11.870218
389 13.242148
390 14.600669
391 14.371712
392 14.482409
393 13.235985
394 13.063848
395 13.585072
396 12.668651
397 13.802275
398 13.836101
399 13.725064
400 12.756377
401 12.537921
402 12.509841
403 11.493378
404 12.909646
405 12.973906
406 12.579689
407 12.151889
408 12.220119
409 11.689726
410 13.178498
411 12.853973
412 12.094738
413 12.483293
414 13.118266
415 12.033741
416 12.799365
417 13.236771
418 12.948941
419 13.058811
420 13.425508
421 12.660032
422 12.901187
423 12.229221
424 13.706222
425 13.595582
426 13.264920
427 11.626088
428 12.675035
429 12.534045
430 12.909369
431 12.357016
432 12.533691
433 13.645637
434 12.688367
435 12.933574
436 13.230742
437 13.217275
438 12.199188
439 12.283400
440 12.133317
441 11.869106
442 12.776969
443 11.478526
444 10.758677
445 12.501184
446 12.030131
447 9.905216
448 8.856060
449 10.220943
450 10.075246
451 10.997810
452 11.006003
453 11.535222
454 12.020228
455 12.298330
456 11.410534
457 10.877296
458 12.548192
459 12.238333
460 13.604770
461 11.856284
462 12.995789
463 11.656933
464 11.615567
465 12.802674
466 11.191221
467 11.685658
468 13.644814
469 12.377063
470 13.648184
471 12.063951
472 13.137496
473 12.032196
474 12.801773
475 12.170238
476 12.060185
477 12.576922
478 12.731284
479 13.097795
480 13.155227
481 13.386985
482 13.023765
483 12.467733
484 12.981174
485 12.530007
486 12.424694
487 11.092289
488 12.422574
489 11.114613
490 11.865011
491 12.282466
492 10.241482
493 13.087051
494 11.925989
495 11.578864
496 10.672498
497 13.021718
498 11.707337
499 13.140600
500 13.051271
501 12.940244
502 12.887029
503 13.456341
504 14.198980
505 13.296055
506 14.439384
507 13.206909
508 12.387342
509 12.451880
510 13.024595
511 12.383312
512 12.423546
513 11.905854
514 12.289077
515 12.389491
516 13.568941
517 12.147109
518 14.470139
519 14.032290
520 14.253022
521 13.554179
522 14.023358
523 13.382889
524 15.496584
525 11.790313
526 13.990368
527 13.271345
528 14.056603
529 12.707875
530 13.626804
531 12.968485
532 12.632066
533 11.461452
534 12.787578
535 12.017471
536 13.629360
537 12.061281
538 12.441449
539 12.441712
540 12.837893
541 11.473982
542 12.618295
543 11.645329
544 11.994770
545 13.684769
546 12.646268
547 12.760580
548 12.242129
549 11.272033
550 11.595767
551 12.764849
552 11.948259
553 12.608500
554 11.765262
555 12.566697
556 11.844751
557 11.758221
558 13.627093
559 12.362730
560 12.872062
561 11.407692
562 12.864575
563 12.309492
564 13.394618
565 13.214090
566 13.211776
567 12.241940
568 12.412904
569 13.018596
570 12.049469
571 12.387916
572 13.829664
573 13.415805
574 13.448532
575 13.772046
576 12.265913
577 12.530447
578 13.553109
579 13.911349
580 13.534466
581 13.137146
582 12.495192
583 13.171034
584 13.119549
585 12.285741
586 11.934445
587 11.858244
588 13.723769
589 12.111155
590 12.677483
591 12.156862
592 13.086916
593 13.040801
594 12.578654
595 12.827201
596 13.699673
597 12.954880
598 13.995237
599 14.936373
600 15.218399
601 15.083720
602 15.072164
603 16.061541
604 16.485855
605 14.885592
606 13.822989
607 13.751387
608 13.667778
609 13.559431
610 13.357813
611 13.924667
612 12.763838
613 11.877998
614 12.741250
615 13.497233
616 14.160360
617 14.217669
618 13.126291
619 13.066894
620 13.023664
621 12.519289
622 11.514978
623 11.335411
624 10.984753
625 10.806189
626 12.150483
627 13.351537
628 13.283754
629 13.425594
630 13.255958
631 13.797004
632 14.847695
633 14.735065
634 14.092031
635 13.748999
636 13.478223
637 15.064748
638 13.164329
639 13.886769
640 14.722187
641 12.942054
642 12.050469
643 12.760177
644 12.982584
645 12.508833
646 11.911798
647 12.335930
648 12.578784
649 13.789767
650 12.183352
651 13.090275
652 11.753680
653 11.491717
654 11.565077
655 10.711551
656 11.790083
657 12.247298
658 12.167603
659 11.858810
660 11.049308
661 11.125873
662 11.406611
663 11.742473
664 11.028100
665 10.331050
666 10.844857
667 10.785518
668 10.741350
669 10.770010
670 12.541329
671 11.639236
672 10.894076
673 11.554657
674 12.204627
675 10.570419
676 10.074562
677 10.954031
678 11.487806
679 11.395516
680 10.690287
681 10.506079
682 11.621386
683 11.558136
684 12.462075
685 11.471193
686 11.428553
687 10.781655
688 10.694565
689 10.076837
690 10.713236
691 10.918247
692 10.680908
693 10.364725
694 11.644215
695 11.989669
696 10.501832
697 11.619350
698 11.197487
699 11.272067
700 10.792006
701 11.121713
702 11.376878
703 11.991870
704 13.541671
705 11.573099
706 10.715549
707 10.428638
708 10.950150
709 11.373484
710 9.335202
711 11.026500
712 9.966093
713 10.764229
714 9.760196
715 9.728110
716 10.285864
717 9.908097
718 10.640779
719 10.172124
720 11.331506
721 11.108330
722 11.864384
723 13.034561
724 13.548894
725 11.256062
726 11.354440
727 11.088490
728 12.040817
729 13.495933
730 11.498530
731 12.112213
732 11.289987
733 11.070204
734 10.355690
735 10.810431
736 9.921824
737 12.458108
738 11.210759
739 11.144277
740 10.547045
741 10.793800
742 11.899021
743 10.490705
744 10.126377
745 11.212743
746 10.188234
747 10.391830
748 11.339745
749 12.811073
750 10.705392
751 13.922349
752 13.044056
753 14.934019
754 14.331105
755 14.563138
756 12.234411
757 12.871316
758 12.946483
759 13.157002
760 13.198803
761 15.944283
762 15.291410
763 15.286875
764 15.663069
765 15.267498
766 16.307575
767 16.063810
768 14.821233
769 12.143480
770 12.882337
771 13.803551
772 14.114293
773 14.810895
774 14.034167
775 12.828538
776 14.016370
777 11.300805
778 11.837119
779 10.861262
780 9.627397
781 11.285283
782 10.412386
783 11.114109
784 12.892918
785 12.980004
786 12.724804
787 12.143752
788 11.081687
789 12.160813
790 11.746224
791 12.675688
792 11.576885
793 12.057309
794 12.644511
795 9.714949
796 9.998342
797 10.211826
798 10.346225
799 10.176277
800 9.412827
801 10.284988
802 9.655197
803 9.528918
804 9.519916
805 8.948527
806 10.012201
807 8.940896
808 8.883491
809 10.131867
810 9.059438
811 9.904932
812 9.774688
813 9.115136
814 9.382251
815 8.670462
816 9.194461
817 10.835600
818 10.171664
819 9.428559
820 9.678972
821 10.058475
822 9.961927
823 11.412331
824 10.318849
825 10.474088
826 10.325797
827 10.141105
828 10.719104
829 10.616105
830 9.446804
831 11.297278
832 10.537544
833 9.636487
834 10.898891
835 9.893851
836 10.795877
837 11.365370
838 9.657649
839 10.409367
840 10.492136
841 11.860459
842 11.057237
843 8.688044
844 10.317698
845 10.112659
846 10.319139
847 9.496416
848 10.092874
849 9.491922
850 9.967175
851 9.048583
852 10.355267
853 9.918412
854 9.561872
855 10.214123
856 11.374994
857 9.048923
858 10.048064
859 9.624109
860 8.900276
861 10.929360
862 9.145271
863 9.584018
864 9.527635
865 9.791201
866 9.876689
867 9.892898
868 9.853097
869 9.632268
870 9.907584
871 9.237427
872 10.025351
873 9.651487
874 9.011864
875 8.997534
876 9.074006
877 9.173773
878 9.423549
879 9.393590
880 9.942101
881 10.002619
882 10.400297
883 10.100083
884 10.086889
885 12.203385
886 12.459649
887 11.551242
888 12.447043
889 12.181794
890 11.435652
891 12.104369
892 12.274265
893 14.534560
894 12.139167
895 13.092464
896 13.360408
897 12.846634
898 10.987874
899 12.662203
900 13.499661
901 13.386275
902 11.443660
903 13.252645
904 10.768104
905 11.046222
906 10.849557
907 11.484016
908 13.321363
909 11.283084
910 12.196565
911 13.109983
912 13.401795
913 14.748148
914 14.315346
915 13.914894
916 14.295649
917 13.310059
918 13.605629
919 13.337745
920 14.060937
921 14.044790
922 13.590983
923 13.507883
924 13.515987
925 12.549644
926 10.421430
927 12.500260
928 13.015859
929 12.332246
930 12.157553
931 10.182819
932 11.117616
933 11.117541
934 12.206007
935 10.424727
936 11.434158
937 10.927152
938 13.926888
939 14.921010
940 15.411030
941 15.421443
942 15.744615
943 15.623409
944 15.567432
945 14.672758
946 15.496754
947 12.527837
948 12.909101
949 13.657772
950 13.257893
951 12.296276
952 12.648973
953 11.073506
954 11.039361
955 11.303995
956 12.268778
957 12.268699
958 11.477134
959 12.464517
960 12.022385
961 11.846573
962 10.770093
963 11.286812
964 11.429413
965 10.621986
966 11.398882
967 10.698285
968 10.244458
969 10.828138
970 10.621064
971 10.666931
972 10.964315
973 11.957904
974 10.545491
975 12.092289
976 10.813041
977 11.793087
978 11.972423
979 11.230927
980 11.721476
981 11.776873
982 11.360322
983 12.045235
984 11.710683
985 11.844583
986 11.627914
987 11.853160
988 12.460691
989 10.829834
990 10.443955
991 10.872785
992 12.365344
993 10.849154
994 10.929164
995 11.584517
996 11.658942
997 12.610418
998 12.007419
999 11.514061
1000 11.245437
1001 12.252401
1002 11.644961
1003 10.449598
1004 10.486609
1005 12.274690
1006 11.658735
1007 12.103962
1008 11.291926
1009 11.266452
1010 11.676873
1011 10.868279
1012 12.017435
1013 11.786963
1014 10.682164
1015 11.944077
1016 12.510612
1017 10.127788
1018 11.877123
1019 9.528453
1020 10.958665
1021 12.781122
1022 14.468894
1023 13.615856
1024 13.411607
1025 13.283228
1026 12.963181
1027 14.983503
1028 11.299076
1029 11.347844
1030 8.927872
1031 11.614364
1032 12.148023
1033 13.303962
1034 12.807364
1035 13.258166
1036 12.180564
1037 13.194310
1038 13.078035
1039 12.878421
1040 12.685432
1041 12.481618
1042 12.034704
1043 11.697307
1044 12.239953
1045 11.564454
1046 11.551598
1047 11.536464
1048 12.847798
1049 11.816045
1050 10.823873
1051 12.074709
1052 11.882257
1053 11.931978
1054 11.157460
1055 12.086541
1056 12.952106
1057 11.726910
1058 12.479032
1059 12.015514
1060 12.890151
1061 14.123418
1062 12.584825
1063 13.338565
1064 12.635483
1065 13.372218
1066 13.824375
1067 13.575499
1068 13.066745
1069 13.418187
1070 13.211080
1071 13.385262
1072 12.209854
1073 13.334509
1074 14.028576
1075 12.689326
1076 11.674086
1077 11.694675
1078 11.953728
1079 12.442904
1080 13.093942
1081 11.951987
1082 12.698668
1083 13.036781
1084 12.810976
1085 13.160985
1086 12.370138
1087 11.245089
1088 11.402987
1089 12.289776
1090 11.793666
1091 13.186151
1092 13.250978
1093 12.943408
1094 13.116024
1095 13.288060
1096 11.096105
1097 12.598076
1098 11.824723
1099 11.665587
1100 10.590281
1101 12.306359
1102 13.090374
1103 13.226735
1104 12.531762
1105 13.113638
1106 13.425478
1107 13.367347
1108 13.501206
1109 12.883533
1110 12.598195
1111 12.993680
1112 12.883788
1113 12.641535
1114 12.650136
1115 12.579301
1116 13.543690
1117 13.068914
1118 12.499865
1119 12.025065
1120 11.526755
1121 12.815338
1122 13.154557
1123 13.297331
1124 13.158229
1125 12.949020
1126 12.818496
1127 12.651179
1128 12.040862
1129 13.072528
1130 13.018802
1131 12.679842
1132 13.225828
1133 12.427188
1134 11.556981
1135 12.009208
1136 12.839199
1137 13.089619
1138 12.094316
1139 12.664747
1140 12.330341
1141 13.146181
1142 12.446673
1143 13.150498
1144 13.098817
1145 13.238166
1146 13.395289
1147 13.191792
1148 12.479652
1149 12.887549
1150 12.521619
1151 12.800630
1152 12.520755
1153 11.515838
1154 12.442818
1155 12.771553
1156 13.818764
1157 12.979495
1158 12.686638
1159 13.470899
1160 13.197114
1161 13.361567
1162 14.116496
1163 13.964858
1164 13.388135
1165 12.981194
1166 13.006730
1167 11.997754
1168 11.600061
1169 11.213734
1170 12.642587
1171 12.954637
1172 12.417508
1173 12.845531
1174 12.516827
1175 12.919462
1176 11.827809
1177 11.185689
1178 12.264073
1179 12.150385
1180 11.785948
1181 12.674091
1182 12.183945
1183 11.758120
1184 12.907785
1185 11.172729
1186 11.917131
1187 13.023857
1188 12.453584
1189 13.080880
1190 12.537131
1191 12.824173
1192 13.423432
1193 12.474635
1194 11.958813
1195 12.516334
1196 13.267194
1197 12.264621
1198 12.896683
1199 13.254695
1200 13.870681
1201 11.867507
1202 13.347559
1203 12.966252
1204 14.018359
1205 12.804790
1206 12.741757
1207 12.555372
1208 12.246025
1209 12.640004
1210 13.051608
1211 13.526647
1212 13.423701
1213 13.299885
1214 12.415159
1215 12.783153
1216 12.489696
1217 12.621307
1218 12.801129
1219 12.801976
1220 12.808136
1221 13.301357
1222 12.420280
1223 12.792031
1224 12.264890
1225 12.704528
1226 12.579455
1227 12.212173
1228 13.243733
1229 13.204352
1230 13.147117
1231 12.903777
1232 12.617249
1233 12.917473
1234 13.302732
1235 12.945827
1236 13.444217
1237 13.062775
1238 12.544631
1239 12.956824
1240 13.114195
1241 13.170565
1242 11.919296
1243 14.674514
1244 13.770065
1245 12.537866
1246 13.343427
1247 12.791532
1248 12.637829
1249 12.598691
1250 13.197869
1251 12.959723
1252 13.211458
1253 12.722528
1254 12.837807
1255 12.250542
1256 12.582323
1257 12.436682
1258 13.785956
1259 13.411596
1260 12.030533
1261 14.048561
1262 11.866092
1263 12.639821
1264 13.656393
1265 14.472425
1266 13.551572
1267 12.971243
1268 12.438964
1269 13.230231
1270 12.354710
1271 13.007546
1272 14.054288
1273 12.327659
1274 11.945353
1275 12.841364
1276 12.475343
1277 12.292022
1278 12.419037
1279 11.863158
1280 12.798649
1281 13.243514
1282 12.453421
1283 12.793054
1284 11.525696
1285 11.962667
1286 11.866883
1287 12.966824
1288 13.637774
1289 12.128555
1290 12.978345
1291 12.516338
1292 13.044252
1293 13.616550
1294 13.830366
1295 14.333172
1296 13.372619
1297 13.408991
1298 13.622435
1299 12.424995
1300 12.644114
1301 13.039036
1302 13.813579
1303 13.177536
1304 13.651778
1305 13.698648
1306 13.036303
1307 12.932925
1308 13.053660
1309 13.005310
1310 13.034545
1311 12.808262
1312 12.923429
1313 13.205757
1314 13.170649
1315 11.650318
1316 11.710477
1317 12.799324
1318 12.746783
1319 12.598546
1320 11.546997
1321 11.822059
1322 12.145476
1323 11.334647
1324 12.216961
1325 13.488403
1326 13.456039
1327 12.369822
1328 13.104983
1329 13.389982
1330 12.842949
1331 12.691702
1332 13.400637
1333 12.979500
1334 12.638978
1335 11.478195
1336 11.927752
1337 12.326005
1338 13.081367
1339 12.245706
1340 12.583047
1341 13.397916
1342 13.174678
1343 12.816025
1344 12.764084
1345 13.125930
1346 12.183017
1347 12.808280
1348 12.881751
1349 13.379052
1350 12.799503
1351 12.878587
1352 12.806260
1353 12.951244
1354 13.466477
1355 13.597433
1356 12.244513
1357 13.791806
1358 13.198354
1359 13.068241
1360 12.895941
1361 13.805452
1362 14.202394
1363 13.450988
1364 13.382895
1365 12.571897
1366 13.001449
1367 13.014960
1368 12.210624
1369 12.650578
1370 13.495226
1371 13.616851
1372 14.077607
1373 14.069778
1374 12.633377
1375 12.682610
1376 13.617320
1377 13.821148
1378 13.122675
1379 12.616987
1380 12.805197
1381 13.091532
1382 12.497303
1383 13.328386
1384 12.663260
1385 12.662471
1386 12.576186
1387 12.721954
1388 12.587193
1389 12.792468
1390 13.015226
1391 13.306110
1392 13.468485
1393 13.723041
1394 12.444489
1395 12.747811
1396 13.149570
1397 12.456827
1398 12.942419
1399 12.565989
1400 12.067918
1401 13.257445
1402 12.601282
1403 12.932359
1404 13.113089
1405 12.365751
1406 13.310333
1407 13.196518
1408 12.662579
1409 11.783623
1410 12.602559
1411 12.500227
1412 11.096535
1413 11.282233
1414 12.534758
1415 12.119701
1416 12.923973
1417 13.371724
1418 12.151071
1419 12.878274
1420 13.021220
1421 12.864454
1422 12.334838
1423 12.856767
1424 13.109862
1425 12.760427
1426 11.595801
1427 12.635053
1428 12.175585
1429 12.955828
1430 13.633492
1431 13.836087
1432 12.736166
1433 13.024549
1434 12.836924
1435 12.824851
1436 12.651296
1437 12.363853
1438 13.357222
1439 12.640844
1440 13.032609
1441 12.920256
1442 12.856196
1443 13.396005
1444 13.054051
1445 12.987977
1446 12.545642
1447 12.063206
1448 12.968161
1449 12.789545
1450 13.067019
1451 12.145723
1452 12.574777
1453 13.289232
1454 13.098555
1455 12.934567
1456 12.878067
1457 12.294218
1458 14.320887
1459 13.502396
1460 12.289055
1461 13.751092
1462 11.255189
1463 11.979540
1464 12.047971
1465 12.592482
1466 12.081989
1467 12.284224
1468 11.469935
1469 11.546803
1470 12.243293
1471 11.215614
1472 11.187485
1473 14.098177
1474 14.085767
1475 13.573936
1476 13.420082
1477 13.108582
1478 10.717524
1479 13.189106
1480 12.641940
1481 12.677010
1482 12.664455
1483 12.106633
1484 12.301309
1485 12.603626
1486 12.546307
1487 12.696697
1488 13.300263
1489 11.543856
1490 12.587698
1491 13.332461
1492 13.241138
1493 13.177166
1494 13.852872
1495 12.880043
1496 13.303312
1497 12.097162
1498 13.652613
1499 11.613228
1500 12.420539
1501 13.026211
1502 13.431937
1503 12.708175
1504 13.479559
1505 13.524027
1506 12.354247
1507 12.776077
1508 12.076048
1509 13.299736
1510 11.410949
1511 12.260347
1512 12.010168
1513 12.358421
1514 11.951996
1515 11.311685
1516 12.473432
1517 13.439680
1518 12.353027
1519 12.130678
1520 11.251015
1521 12.924974
1522 12.126412
1523 11.715234
1524 12.360377
1525 11.666448
1526 12.759513
1527 11.946301
1528 12.682927
1529 14.335752
1530 12.724382
1531 14.547126
1532 13.550064
1533 12.393329
1534 13.212573
1535 12.993128
1536 13.309278
1537 12.501979
1538 12.865647
1539 12.847437
1540 12.693214
1541 11.046869
1542 12.320751
1543 11.821531
1544 11.538150
1545 11.829157
1546 13.284762
1547 12.214108
1548 12.640428
1549 13.399923
1550 13.428276
1551 11.763822
1552 11.944659
1553 13.931997
1554 12.918998
1555 13.525171
1556 11.112880
1557 10.996026
1558 11.443017
1559 12.927977
1560 13.741372
1561 12.396008
1562 13.476041
1563 13.341352
1564 12.176554
1565 12.653256
1566 12.645525
1567 13.611811
1568 13.258386
1569 12.893354
1570 12.738720
1571 11.207810
1572 11.905728
1573 12.972469
1574 12.105263
1575 12.814388
1576 11.854052
1577 12.055243
1578 12.419123
1579 12.358543
1580 12.146178
1581 12.715364
1582 12.771729
1583 12.697830
1584 11.483679
1585 11.838895
1586 12.162340
1587 12.253936
1588 12.834878
1589 12.107203
1590 13.859594
1591 12.897388
1592 12.708430
1593 10.805535
1594 12.251767
1595 11.901534
1596 11.682058
1597 12.248415
1598 12.011979
1599 11.621687
1600 12.924975
1601 12.858874
1602 12.638727
1603 12.115800
1604 12.363926
1605 13.617905
1606 14.049677
1607 12.503198
1608 12.742155
1609 12.895729
1610 12.966820
1611 12.814652
1612 13.874783
1613 12.641323
1614 12.128583
1615 12.486957
1616 12.892205
1617 12.627157
1618 13.471871
1619 13.229678
1620 12.646036
1621 13.053574
1622 12.308834
1623 13.708265
1624 13.315391
1625 12.229624
1626 13.349103
1627 13.464396
1628 13.490478
1629 14.405791
1630 13.142491
1631 13.343706
1632 12.873573
1633 12.831841
1634 12.902922
1635 13.629361
1636 12.909553
1637 12.521341
1638 13.139510
1639 12.792442
1640 13.322151
1641 12.721848
1642 11.674796
1643 12.334509
1644 12.657430
1645 12.147367
1646 12.522497
1647 12.991620
1648 13.147604
1649 13.113128
1650 11.172515
1651 11.762406
1652 11.225801
1653 10.933738
1654 11.288995
1655 13.512545
1656 13.315503
1657 12.815136
1658 13.595580
1659 13.125286
1660 13.895537
1661 14.036503
1662 13.371336
1663 13.584500
1664 11.914824
1665 13.642907
1666 14.201064
1667 13.643840
1668 12.787765
1669 13.679947
1670 11.979892
1671 13.493250
1672 12.918360
1673 14.056209
1674 13.071303
1675 12.133811
1676 12.825619
1677 13.085007
1678 13.332011
1679 14.196882
1680 12.328709
1681 12.860578
1682 13.253819
1683 12.788820
1684 12.980869
1685 13.250827
1686 12.805752
1687 13.031211
1688 12.572550
1689 12.955853
1690 14.015424
1691 13.284328
1692 13.208850
1693 13.395772
1694 13.091269
1695 13.880200
1696 12.809764
1697 13.340537
1698 13.325480
1699 12.619025
1700 11.834991
1701 11.787192
1702 12.637287
1703 12.743864
1704 12.107064
1705 11.445675
1706 12.817216
1707 12.698541
1708 13.088350
1709 12.083716
1710 12.871154
1711 12.428313
1712 11.770110
1713 11.665201
1714 12.108816
1715 12.519733
1716 11.595953
1717 13.284013
1718 13.683678
1719 14.201357
1720 13.754566
1721 14.040289
1722 14.284671
1723 13.885107
1724 13.422303
1725 12.945393
1726 13.595252
1727 10.957983
1728 12.122100
1729 14.542453
1730 13.381319
1731 14.180315
1732 12.674995
1733 11.947820
1734 11.023286
1735 12.101480
1736 12.265431
1737 12.687493
1738 13.148304
1739 13.225449
1740 13.653868
1741 13.124176
1742 13.770061
1743 13.098569
1744 13.336091
1745 13.133750
1746 13.535662
1747 14.905874
1748 13.638227
1749 12.943523
1750 12.946297
1751 12.021317
1752 13.503440
1753 14.120727
1754 13.617672
1755 13.661354
1756 12.646304
1757 12.099912
1758 12.620071
1759 12.535573
1760 11.677012
1761 11.355822
1762 12.004785
1763 12.779695
1764 12.193958
1765 13.131067
1766 13.949752
1767 12.614393
1768 13.468055
1769 13.197761
1770 11.499137
1771 12.554273
1772 11.266596
1773 12.049731
1774 10.843663
1775 14.540914
1776 12.671974
1777 12.581312
1778 12.549242
1779 11.404461
1780 11.675291
1781 13.606916
1782 12.232714
1783 13.064233
1784 13.347648
1785 12.721689
1786 13.087543
1787 13.539371
1788 12.210573
1789 13.203700
1790 13.437220
1791 12.980942
1792 13.071623
1793 13.843690
1794 13.063943
1795 13.321386
1796 13.383101
1797 13.168299
1798 12.968930
1799 11.485454
1800 11.107267
1801 12.573486
1802 12.582194
1803 12.299347
1804 13.424617
1805 12.410177
1806 12.055033
1807 12.694077
1808 12.521861
1809 12.125601
1810 12.428925
1811 12.218445
1812 11.731762
1813 12.592189
1814 12.674541
1815 12.939778
1816 12.682981
1817 11.403830
1818 10.395836
1819 12.367123
1820 12.443493
1821 12.369967
1822 11.667481
1823 12.000867
1824 12.485715
1825 11.983648
1826 12.442388
1827 13.565958
1828 13.111042
1829 13.391583
1830 13.252049
1831 13.146165
1832 12.453900
1833 13.563758
1834 11.887850
1835 11.792421
1836 11.615382
1837 12.200923
1838 11.666859
1839 12.391711
1840 12.517702
1841 13.182602
1842 13.460037
1843 11.416179
1844 12.397696
1845 11.275610
1846 12.474917
1847 12.726743
1848 12.673429
1849 12.339828
1850 12.350993
1851 12.322518
1852 12.279323
1853 13.491173
1854 12.404032
1855 13.277143
1856 12.841754
1857 13.244966
1858 12.549059
1859 12.958820
1860 12.769249
1861 12.786023
1862 12.995422
1863 12.112394
1864 12.151922
1865 12.542561
1866 11.620629
1867 13.023843
1868 13.348577
1869 12.477237
1870 12.907929
1871 12.864062
1872 12.718627
1873 13.040745
1874 12.515403
1875 14.053222
1876 13.015089
1877 11.953583
1878 11.687386
1879 12.294673
1880 12.230016
1881 12.868276
1882 11.030495
1883 12.661884
1884 12.786650
1885 11.550871
1886 12.414584
1887 12.467502
1888 12.013144
1889 13.590624
1890 12.605618
1891 12.720841
1892 12.883918
1893 12.750749
1894 12.206666
1895 13.078242
1896 12.874801
1897 13.279645
1898 10.746935
1899 12.794976
1900 12.230017
1901 12.147801
1902 12.506084
1903 12.773482
1904 12.412264
1905 13.014262
1906 11.905779
1907 11.866483
1908 12.662557
1909 12.112560
1910 12.858418
1911 12.739362
1912 12.981965
1913 12.693796
1914 12.658852
1915 13.010878
1916 12.934626
1917 13.079338
1918 11.621901
1919 12.144355
1920 11.810918
1921 12.403863
1922 11.460010
1923 12.684014
1924 13.297199
1925 11.986814
1926 11.957068
1927 13.044736
1928 12.596626
1929 12.362278
1930 12.766320
1931 11.277327
1932 12.168891
1933 11.660365
1934 12.819622
1935 11.900193
1936 10.644291
1937 13.337564
1938 13.129459
1939 14.205596
1940 12.629923
1941 12.985603
1942 13.421587
1943 12.794900
1944 11.842440
1945 13.127549
1946 12.274592
1947 11.914702
1948 12.283467
1949 12.774184
1950 11.178179
1951 11.640014
1952 11.082819
1953 10.545450
1954 12.196614
1955 12.839849
1956 12.318905
1957 11.874836
1958 13.118174
1959 13.730297
1960 12.871057
1961 12.456007
1962 13.219504
1963 11.553000
1964 13.107255
1965 12.995888
1966 11.781582
1967 11.169334
1968 13.030261
1969 12.405038
1970 11.847301
1971 13.159107
1972 13.392051
1973 12.949260
1974 12.234499
1975 11.897298
1976 12.465581
1977 13.295959
1978 12.688000
1979 13.448249
1980 13.151704
1981 12.104268
1982 13.074503
1983 12.679438
1984 11.587456
1985 12.218535
1986 11.581100
1987 12.371525
1988 12.925360
1989 12.199172
1990 12.127382
1991 12.351348
1992 12.076892
1993 11.783637
1994 11.500561
1995 10.999795
1996 11.433928
1997 11.534472
1998 10.595560
1999 11.461566
2000 11.152673
2001 12.238828
2002 12.397039
2003 11.783159
2004 11.615873
2005 12.977631
2006 12.257017
2007 10.993789
2008 11.594232
2009 12.166356
2010 12.647602
2011 12.703787
2012 12.784860
2013 12.954681
2014 14.347957
2015 12.227326
2016 12.779997
2017 12.230596
2018 11.900624
2019 12.194265
2020 11.925004
2021 13.729282
2022 13.201326
2023 12.912052
2024 12.775125
2025 13.848214
2026 14.101949
2027 14.732691
2028 13.862150
2029 14.166259
2030 13.767220
2031 14.655666
2032 13.614676
2033 13.527613
2034 11.557679
2035 12.568521
2036 12.010483
2037 13.654469
2038 13.264456
2039 14.092145
2040 14.361856
2041 13.325468
2042 13.296387
2043 13.739733
2044 12.440249
2045 13.150677
2046 13.456736
2047 13.210197
2048 13.958245
2049 12.670932
2050 14.451489
2051 13.692657
2052 13.146082
2053 12.818367
2054 14.281058
2055 13.998590
2056 13.275158
2057 13.602062
2058 13.131264
2059 13.590239
2060 12.873170
2061 11.134079
2062 11.556652
2063 12.617122
2064 12.320983
2065 12.850317
2066 11.241534
2067 11.255758
2068 12.660830
2069 13.635855
2070 13.041320
2071 11.975022
2072 13.205688
2073 12.213190
2074 11.180058
2075 11.985863
2076 11.545085
2077 13.849767
2078 13.329900
2079 12.462609
2080 13.624658
2081 13.354117
2082 12.925472
2083 13.128768
2084 12.422144
2085 12.792769
2086 12.517584
2087 11.778884
2088 12.403423
2089 13.256376
2090 11.925308
2091 11.525617
2092 11.900445
2093 12.568683
2094 13.250492
2095 13.541100
2096 13.327692
2097 13.340560
2098 14.159965
2099 13.121132
2100 12.323396
2101 13.336980
2102 12.550817
2103 11.939169
2104 12.016277
2105 12.589031
2106 12.555247
2107 12.849751
2108 10.793749
2109 11.875374
2110 11.782135
2111 12.578927
2112 12.856026
2113 12.547705
2114 12.161068
2115 13.164598
2116 12.617533
2117 11.932116
2118 13.360109
2119 12.707081
2120 13.607810
2121 12.950380
2122 12.597005
2123 12.882751
2124 13.148236
2125 13.242145
2126 13.075992
2127 13.490534
2128 13.167781
2129 13.460583
2130 13.722295
2131 12.422371
2132 13.182132
2133 13.021740
2134 12.238346
2135 13.026552
2136 12.079148
2137 13.158636
2138 12.747397
2139 12.804566
2140 13.018096
2141 13.787973
2142 11.453816
2143 12.708276
2144 12.596615
2145 12.238490
2146 12.964165
2147 12.432876
2148 12.961840
2149 13.215239
2150 12.720052
2151 12.496827
2152 12.950344
2153 12.759223
2154 11.930944
2155 12.629734
2156 12.794976
2157 12.411238
2158 12.836987
2159 12.921107
2160 13.104984
2161 12.780332
2162 12.544277
2163 12.909420
2164 13.242105
2165 13.551761
2166 13.690538
2167 13.697934
2168 13.009013
2169 13.261245
2170 13.378810
2171 11.877805
2172 12.740445
2173 13.074744
2174 13.835625
2175 13.768739
2176 13.701756
2177 14.248803
2178 13.398335
2179 14.508121
2180 14.364853
2181 14.013711
2182 13.299552
2183 13.119353
2184 12.697410
2185 12.470272
2186 11.184476
2187 12.746395
2188 11.313977
2189 12.466957
2190 13.943179
2191 14.049897
2192 13.859989
2193 13.026825
2194 14.587515
2195 14.434366
2196 12.613887
2197 14.727750
2198 13.964488
2199 13.584417
2200 12.291314
2201 12.769360
2202 12.592601
2203 11.118997
2204 11.635782
2205 11.854944
2206 14.573487
2207 14.372095
2208 13.322644
2209 13.261274
2210 13.785437
2211 13.711781
2212 13.434184
2213 12.770519
2214 13.299757
2215 12.561247
2216 14.444137
2217 13.712335
2218 14.259771
2219 14.323167
2220 14.359756
2221 13.670434
2222 13.649081
2223 13.897114
2224 13.782022
2225 14.280021
2226 14.192349
2227 13.674285
2228 13.411645
2229 12.334523
2230 14.081921
2231 13.256825
2232 11.727380
2233 11.613808
2234 14.695582
2235 13.865239
2236 13.585352
2237 13.575452
2238 11.895254
2239 13.545707
2240 13.564962
2241 12.779399
2242 11.992891
2243 13.315082
2244 13.392971
2245 12.411645
2246 13.233553
2247 13.346253
2248 12.522199
2249 13.465145
2250 14.728625
2251 13.589835
2252 13.477857
2253 13.190520
2254 13.216555
2255 13.127395
2256 14.268264
2257 13.757421
2258 13.295014
2259 12.854482
2260 12.529168
2261 13.364263
2262 12.426843
2263 12.607796
2264 11.452886
2265 11.949938
2266 12.460004
2267 12.723131
2268 13.211197
2269 12.689895
2270 12.286112
2271 12.412004
2272 13.219857
2273 13.205264
2274 14.196604
2275 12.800676
2276 12.445999
2277 13.556147
2278 12.684423
2279 13.261230
2280 12.609542
2281 12.431315
2282 12.834308
2283 12.803165
2284 12.024084
2285 12.352882
2286 11.917570
2287 12.350859
2288 11.483505
2289 13.223725
2290 12.164839
2291 12.514470
2292 13.042723
2293 13.340279
2294 12.892975
2295 12.773728
2296 13.416687
2297 13.709575
2298 13.040050
2299 12.951467
2300 12.818659
2301 12.574565
2302 11.563211
2303 12.552242
2304 12.243501
2305 13.074177
2306 13.783916
2307 13.173591
2308 13.764451
2309 12.682652
2310 11.754680
2311 13.964080
2312 12.939808
2313 14.106257
2314 13.440020
2315 15.072521
2316 13.546120
2317 13.100966
2318 11.740925
2319 13.823220
2320 13.309206
2321 12.836142
2322 12.854259
2323 11.711149
2324 11.289526
2325 13.330724
2326 12.796663
2327 13.032685
2328 13.026566
2329 13.720991
2330 12.454793
2331 13.847750
2332 12.570765
2333 12.340217
2334 12.765521
2335 12.907786
2336 12.256409
2337 13.483919
2338 13.032022
2339 12.750999
2340 12.934707
2341 13.313064
2342 13.173599
2343 13.497098
2344 12.301167
2345 12.986197
2346 13.318269
2347 13.270649
2348 13.669961
2349 13.081415
2350 12.670374
2351 13.332801
2352 13.066498
2353 13.022983
2354 13.343047
2355 13.072368
2356 13.336244
2357 14.436586
2358 13.413510
2359 12.373089
2360 13.341191
2361 12.799488
2362 12.857777
2363 12.347479
2364 13.026965
2365 12.402715
2366 13.023131
2367 13.526617
2368 12.988677
2369 13.797867
2370 13.729140
2371 14.213572
2372 13.717073
2373 13.581480
2374 13.540536
2375 13.171261
2376 13.388971
2377 12.855431
2378 12.787640
2379 12.606935
2380 12.561193
2381 12.100846
2382 12.788038
2383 12.183510
2384 12.256680
2385 12.661377
2386 12.893414
2387 12.764607
2388 12.819443
2389 12.390570
2390 12.656135
2391 13.332681
2392 14.214656
2393 13.411091
2394 12.583989
2395 12.589729
2396 12.758331
2397 12.803410
2398 12.710288
2399 12.136911
2400 14.589752
2401 12.969415
2402 12.533911
2403 12.334934
2404 12.918456
2405 13.764136
2406 12.721674
2407 12.203364
2408 11.863380
2409 12.758939
2410 13.066177
2411 12.256146
2412 13.392090
2413 13.130983
2414 13.267783
2415 11.855915
2416 13.993386
2417 14.747225
2418 14.217989
2419 13.414455
2420 13.666943
2421 13.303597
2422 13.109730
2423 11.932680
2424 13.468214
2425 12.920285
2426 12.812471
2427 11.662610
2428 11.305791
2429 11.017186
2430 12.906135
2431 12.720041
2432 13.488441
2433 12.806663
2434 13.062949
2435 13.218962
2436 13.206867
2437 12.413839
2438 13.974221
2439 12.739338
2440 11.825608
2441 12.146187
2442 13.330392
2443 13.289580
2444 13.895389
2445 14.757431
2446 14.618965
2447 12.999315
2448 13.205799
2449 13.192247
2450 13.184367
2451 13.468024
2452 12.817961
2453 12.367122
2454 13.592402
2455 12.377338
2456 13.966007
2457 12.979842
2458 12.690424
2459 12.812737
2460 13.892647
2461 12.258964
2462 13.561466
2463 14.044573
2464 12.977385
2465 13.200539
2466 13.557826
2467 12.974140
2468 13.330819
2469 13.710369
2470 13.011556
2471 12.856330
2472 12.563927
2473 13.001760
2474 13.287755
2475 12.517189
2476 12.340230
2477 13.053413
2478 12.043191
2479 12.628151
2480 12.545362
2481 12.622892
2482 12.610651
2483 14.057864
2484 12.309507
2485 13.629487
2486 12.797079
2487 12.823655
2488 13.749304
2489 12.240882
2490 13.049680
2491 13.484464
2492 13.301522
2493 12.551993
2494 12.679069
2495 13.326687
2496 13.227078
2497 12.787953
2498 13.342219
2499 12.376369
2500 13.343561
2501 13.369087
2502 13.136339
2503 13.269687
2504 13.021598
2505 13.413162
2506 13.742799
2507 13.537670
2508 13.247219
2509 13.056936
2510 13.543624
2511 13.117943
2512 12.713732
2513 12.652453
2514 12.278342
2515 12.335384
2516 12.834025
2517 12.538059
2518 13.019210
2519 12.909957
2520 12.442325
2521 12.343215
2522 12.525290
2523 11.076612
2524 11.450266
2525 11.775357
2526 12.032185
2527 12.797729
2528 12.287088
2529 12.714737
2530 11.355440
2531 12.406798
2532 13.665001
2533 13.246469
2534 12.580596
2535 12.637113
2536 13.389925
2537 11.421879
2538 11.436912
2539 11.597833
2540 12.414978
2541 12.279176
2542 11.892981
2543 11.843584
2544 12.860470
2545 13.208504
2546 12.083488
2547 12.827151
2548 11.995607
2549 12.013538
2550 14.561676
2551 12.685487
2552 12.908987
2553 12.190623
2554 12.123205
2555 11.640539
2556 12.047365
2557 11.502495
2558 13.390779
2559 13.056105
2560 12.011240
2561 12.027675
2562 12.836727
2563 13.359460
2564 13.389586
2565 12.994467
2566 12.644247
2567 11.549042
2568 12.969441
2569 13.996660
2570 12.982500
2571 12.141108
2572 13.299829
2573 13.023271
2574 13.052502
2575 11.848353
2576 12.020275
2577 12.519309
2578 12.874370
2579 12.163988
2580 12.196397
2581 11.915192
2582 14.347475
2583 14.166827
2584 13.246959
2585 13.205446
2586 13.549100
2587 11.816219
2588 13.974954
2589 11.432643
2590 12.984303
2591 12.922879
2592 12.071991
2593 13.618564
2594 12.375096
2595 12.604606
2596 11.705506
2597 11.042866
2598 12.464535
2599 12.144715
2600 10.823149
2601 13.103935
2602 11.962516
2603 10.792800
2604 12.135934
2605 11.172187
2606 11.761112
2607 12.292458
2608 12.098351
2609 11.390718
2610 11.989016
2611 12.623672
2612 12.250670
2613 12.875042
2614 12.724584
2615 13.306395
2616 12.973555
2617 13.053023
2618 13.030017
2619 12.263715
2620 13.135364
2621 13.277553
2622 12.231378
2623 13.120075
2624 12.876724
2625 11.629051
2626 12.226275
2627 11.651886
2628 12.047876
2629 12.477255
2630 11.661965
2631 12.558461
2632 12.501551
2633 11.585777
2634 13.094895
2635 12.520102
2636 12.249383
2637 13.166668
2638 12.565023
2639 12.001075
2640 12.049303
2641 10.395331
2642 11.723392
2643 11.420517
2644 11.644071
2645 11.754693
2646 12.223333
2647 12.173385
2648 13.307089
2649 13.080009
2650 13.672288
2651 14.006747
2652 13.145108
2653 13.557541
2654 14.196697
2655 13.473069
2656 11.110924
2657 12.323940
2658 12.630765
2659 13.413288
2660 12.314288
2661 12.576944
2662 13.422434
2663 12.937303
2664 11.576122
2665 12.147798
2666 13.867952
2667 11.244576
2668 13.268869
2669 13.201473
2670 12.810595
2671 13.317694
2672 11.489638
2673 12.951408
2674 12.113520
2675 11.864885
2676 12.914813
2677 13.057388
2678 13.007899
2679 12.470027
2680 12.038689
2681 11.976013
2682 12.811446
2683 12.360105
2684 12.957725
2685 12.353843
2686 12.373716
2687 11.340285
2688 12.171488
2689 13.189863
2690 12.247469
2691 12.924976
2692 13.268145
2693 12.183584
2694 11.288212
2695 12.965667
2696 11.692395
2697 12.622714
2698 13.571076
2699 12.781800
2700 11.911418
2701 12.607465
2702 12.740380
2703 12.453968
2704 13.548835
2705 11.295212
2706 13.366473
2707 12.616472
2708 12.685792
2709 11.886619
2710 13.981896
2711 14.307343
2712 11.520593
2713 11.377232
2714 11.432698
2715 14.228406
2716 14.454803
2717 13.328514
2718 13.778679
2719 13.152509
2720 13.686728
2721 13.969655
2722 12.365653
2723 13.778034
2724 13.273452
2725 13.212946
2726 13.894608
2727 14.199966
2728 12.618655
2729 12.566836
2730 11.255754
2731 12.833157
2732 13.739614
2733 13.465045
2734 13.642913
2735 13.145315
2736 12.628940
2737 13.750791
2738 13.351649
2739 13.320489
2740 13.897561
2741 13.284523
2742 12.993922
2743 13.155901
2744 13.050640
2745 13.464543
2746 13.432566
2747 13.252753
2748 12.834722
2749 12.963852
2750 13.790549
2751 13.793163
2752 14.439103
2753 13.285198
2754 13.700539
2755 13.768072
2756 12.517799
2757 12.286132
2758 11.991657
2759 12.093226
2760 12.247810
2761 12.103035
2762 13.057002
2763 13.538738
2764 12.910173
2765 13.049208
2766 13.532428
2767 11.645625
2768 11.191417
2769 13.154113
2770 12.043935
2771 12.002224
2772 12.091337
2773 12.698459
2774 12.523789
2775 12.552804
2776 12.254510
2777 11.581558
2778 11.700692
2779 12.896792
2780 12.776750
2781 13.675519
2782 13.056134
2783 13.541018
2784 13.362766
2785 13.279443
2786 12.607366
2787 13.206457
2788 13.146406
2789 13.477210
2790 13.373068
2791 14.208400
2792 14.554880
2793 14.209427
2794 14.124654
2795 12.821081
2796 11.710041
2797 12.192445
2798 12.718854
2799 12.230212
2800 12.375753
2801 11.676728
2802 11.709386
2803 12.589380
2804 11.685038
2805 11.448586
2806 12.407893
2807 12.388823
2808 13.298966
2809 12.633449
2810 12.965620
2811 13.405412
2812 13.450749
2813 12.866693
2814 13.460055
2815 12.655563
2816 13.054027
2817 12.673985
2818 12.823808
2819 12.695241
2820 13.297570
2821 12.544425
2822 12.710533
2823 14.356724
2824 13.927402
2825 13.153043
2826 12.785230
2827 12.769028
2828 12.361931
2829 11.411268
2830 11.549501
2831 12.207335
2832 14.643067
2833 11.688674
2834 11.270887
2835 11.335512
2836 12.568375
2837 12.456762
2838 12.501447
2839 12.094405
2840 13.219142
2841 10.960439
2842 11.575326
2843 12.948297
2844 11.727022
2845 12.302479
2846 13.079760
2847 13.773380
2848 15.047546
2849 12.222539
2850 11.455352
2851 11.894457
2852 12.669700
2853 11.099999
2854 11.777287
2855 12.254363
2856 12.146788
2857 13.012186
2858 12.049582
2859 12.480200
2860 12.593692
2861 12.495111
2862 11.704242
2863 13.293023
2864 11.948978
2865 12.149540
2866 13.397635
2867 11.904794
2868 13.554888
2869 13.607767
2870 12.836908
2871 14.385709
2872 12.026055
2873 12.319484
2874 13.227401
2875 13.537456
2876 12.686396
2877 12.023087
2878 12.814807
2879 13.931149
2880 12.733693
2881 12.956362
2882 13.221138
2883 13.140115
2884 13.794562
2885 12.780430
2886 13.364452
2887 13.667612
2888 13.381011
2889 13.199464
2890 13.128677
2891 12.352951
2892 11.995112
2893 14.597625
2894 14.448005
2895 13.414783
2896 13.017734
2897 13.078632
2898 13.170136
2899 13.342447
2900 12.843570
2901 11.455764
2902 12.689313
2903 12.939899
2904 12.454421
2905 11.567910
2906 11.813743
2907 11.621812
2908 11.306693
2909 12.542899
2910 12.625552
2911 11.789694
2912 11.821583
2913 12.639091
2914 11.521116
2915 13.306273
2916 13.434145
2917 11.764740
2918 12.245348
2919 12.158019
2920 11.941667
2921 12.739063
2922 12.329108
2923 11.962123
2924 11.788823
2925 12.488645
2926 12.317499
2927 12.021195
2928 11.748813
2929 13.366190
2930 12.954436
2931 12.885118
2932 12.765721
2933 12.977936
2934 13.104269
2935 13.369648
2936 13.935294
2937 12.566678
2938 12.773554
2939 13.446520
2940 12.464421
2941 13.255295
2942 12.246184
2943 12.122050
2944 13.020361
2945 12.515653
2946 13.527113
2947 11.974323
2948 12.511044
2949 11.633059
2950 12.107461
2951 13.423384
2952 13.602661
2953 12.297264
2954 12.974713
2955 12.128202
2956 13.511210
2957 12.188807
2958 12.024335
2959 12.243925
2960 12.990664
2961 11.451428
2962 12.605186
2963 12.549885
2964 12.260131
2965 11.425927
2966 11.972427
2967 12.840605
2968 12.698558
2969 12.878767
2970 12.188720
2971 12.661133
2972 12.438669
2973 12.366996
2974 11.692036
2975 12.011636
2976 11.675865
2977 12.574760
2978 12.616283
2979 10.925685
2980 13.002751
2981 13.170061
2982 11.891767
2983 11.316280
2984 11.585713
2985 11.902463
2986 13.530240
2987 13.084365
2988 13.728094
2989 13.266782
2990 13.169754
2991 13.199010
2992 14.067872
2993 12.802216
2994 13.068580
2995 12.737696
2996 12.775794
2997 13.268917
2998 12.952209
2999 12.075844
3000 12.589109
3001 12.434891
3002 13.222788
3003 12.857548
3004 13.342583
3005 13.593679
3006 12.773239
3007 12.892845
3008 12.998543
3009 11.679444
3010 12.680205
3011 14.023995
3012 13.861706
3013 10.694200
3014 12.845450
3015 13.052070
3016 12.968199
3017 11.991157
3018 12.520782
3019 12.532146
3020 12.535867
3021 12.952261
3022 12.387794
3023 13.686444
3024 11.715281
3025 12.237471
3026 12.054961
3027 12.395373
3028 13.447774
3029 11.917274
3030 14.079681
3031 13.383830
3032 13.048288
3033 13.151022
3034 12.853709
3035 13.571382
3036 13.299948
3037 12.173933
3038 11.632139
3039 12.603565
3040 12.030655
3041 12.479013
3042 12.640708
3043 12.455027
3044 10.809482
3045 12.659245
3046 11.609384
3047 12.135667
3048 11.235107
3049 12.002590
3050 11.938082
3051 13.421109
3052 13.655352
3053 11.713941
3054 11.297454
3055 12.279602
3056 12.352725
3057 12.789161
3058 12.699217
3059 13.002941
3060 13.078186
3061 12.605927
3062 12.867016
3063 12.851200
3064 13.133169
3065 13.134059
3066 13.532943
3067 11.199415
3068 11.526248
3069 12.554655
3070 10.857758
3071 11.352196
3072 11.464354
3073 13.361958
3074 12.603187
3075 12.664820
3076 12.026056
3077 12.435973
3078 12.166729
3079 12.793959
3080 12.132193
3081 13.243937
3082 12.954493
3083 12.488073
3084 12.384407
3085 12.100252
3086 12.169615
3087 12.645403
3088 12.254672
3089 12.929756
3090 13.685306
3091 13.342482
3092 13.870840
3093 13.395873
3094 13.457363
3095 12.904737
3096 11.581380
3097 12.180058
3098 13.214409
3099 13.258006
3100 14.204002
3101 12.900855
3102 13.909066
3103 11.085525
3104 11.157070
3105 11.796176
3106 14.070771
3107 13.630233
3108 13.251829
3109 12.849981
3110 10.234247
3111 12.014529
3112 13.331324
3113 12.037292
3114 11.685863
3115 12.031852
3116 12.697535
3117 13.386727
3118 12.172338
3119 14.025248
3120 14.015440
3121 12.790448
3122 13.022553
3123 12.368695
3124 13.063500
3125 13.866684
3126 13.069607
3127 13.067871
3128 13.042946
3129 11.485001
3130 11.489799
3131 11.549170
3132 11.490324
3133 11.616816
3134 13.841315
3135 13.123672
3136 12.099446
3137 11.861795
3138 11.899927
3139 12.970942
3140 13.131997
3141 10.378100
3142 12.193137
3143 12.902695
3144 12.464803
3145 12.245592
3146 12.685399
3147 12.910715
3148 12.751575
3149 12.566921
3150 12.436244
3151 12.024215
3152 12.349073
3153 12.332211
3154 12.068078
3155 12.273173
3156 12.369617
3157 13.448428
3158 11.657800
3159 13.313291
3160 13.647721
3161 12.997181
3162 11.219008
3163 12.066486
3164 13.211561
3165 12.218875
3166 12.595643
3167 13.290965
3168 12.863921
3169 12.715892
3170 13.219034
3171 12.653476
3172 13.732891
3173 12.503832
3174 13.381100
3175 12.449972
3176 12.185295
3177 12.596818
3178 12.166335
3179 11.268167
3180 11.952319
3181 11.654240
3182 11.582904
3183 11.160203
3184 11.475901
3185 12.137417
3186 12.103850
3187 12.048585
3188 12.851035
3189 11.876839
3190 11.938568
3191 12.489600
3192 11.177382
3193 12.913546
3194 12.635650
3195 11.882838
3196 12.529095
3197 12.910775
3198 13.017695
3199 12.823553
3200 13.037520
3201 12.985872
3202 11.959064
3203 12.952658
3204 12.402981
3205 10.921800
3206 11.557201
3207 12.463548
3208 12.018407
3209 11.865354
3210 12.749550
3211 12.461250
3212 13.724176
3213 13.483049
3214 12.111295
3215 13.333849
3216 13.040940
3217 12.313732
3218 14.213830
3219 14.653802
3220 14.247460
3221 13.971390
3222 13.210036
3223 14.198257
3224 12.561373
3225 14.005374
3226 13.968259
3227 13.163409
3228 12.164085
3229 11.905699
3230 12.104355
3231 12.900595
3232 13.804591
3233 12.201883
3234 12.348852
3235 13.027502
3236 13.346962
3237 12.398328
3238 12.612230
3239 13.026161
3240 13.533201
3241 13.141179
3242 12.191187
3243 12.403323
3244 11.730141
3245 13.001611
3246 12.208705
3247 12.932363
3248 12.976846
3249 12.531703
3250 12.419223
3251 11.924148
3252 12.410498
3253 12.442176
3254 12.481346
3255 12.382672
3256 13.008865
3257 14.353985
3258 12.902776
3259 13.465697
3260 14.099044
3261 13.988214
3262 12.901682
3263 13.135150
3264 12.836720
3265 13.514956
3266 12.773310
3267 12.854898
3268 12.686163
3269 12.746547
3270 12.684962
3271 12.282857
3272 13.257771
3273 13.127780
3274 12.579912
3275 11.282554
3276 12.895745
3277 12.586227
3278 12.821250
3279 14.177255
3280 13.189526
3281 13.392635
3282 11.388933
3283 12.107461
3284 13.298453
3285 11.759459
3286 11.276245
3287 11.510472
3288 11.216904
3289 12.498650
3290 12.990781
3291 11.554679
3292 13.108809
3293 13.173529
3294 12.336698
3295 12.446338
3296 12.399948
3297 11.586014
3298 12.627631
3299 11.034697
3300 12.015811
3301 13.817751
3302 12.875391
3303 11.595750
3304 12.306050
3305 13.714417
3306 13.283978
3307 11.333270
3308 12.540092
3309 12.631314
3310 10.942358
3311 12.548108
3312 13.030964
3313 13.373328
3314 12.429482
3315 13.172073
3316 14.180527
3317 13.516807
3318 13.367441
3319 11.593812
3320 12.095312
3321 11.803226
3322 13.450148
3323 13.946276
3324 13.069853
3325 14.522936
3326 13.123283
3327 13.468796
3328 12.438144
3329 12.088419
3330 12.516685
3331 14.952305
3332 12.925127
3333 14.446874
3334 13.821733
3335 11.594355
3336 14.029360
3337 13.130872
3338 14.407969
3339 13.680208
3340 11.919753
3341 12.786637
3342 12.625216
3343 12.300973
3344 13.850073
3345 11.710833
3346 13.020153
3347 11.791497
3348 13.237142
3349 12.980922
3350 12.477724
3351 12.802429
3352 12.179283
3353 12.418491
3354 12.069724
3355 11.693921
3356 12.642932
3357 12.801679
3358 13.465120
3359 12.714027
3360 11.985378
3361 12.858407
3362 11.578403
3363 11.858713
3364 12.821616
3365 11.936212
3366 11.945415
3367 12.490884
3368 12.846011
3369 12.913173
3370 13.020349
3371 12.494630
3372 13.591155
3373 13.220292
3374 14.297780
3375 13.808910
3376 13.804758
3377 12.788535
3378 12.181503
3379 13.426132
3380 13.258560
3381 12.564653
3382 12.565975
3383 12.185946
3384 13.426743
3385 12.931281
3386 13.057281
3387 13.039488
3388 12.272257
3389 11.179562
3390 12.376176
3391 13.611547
3392 13.117919
3393 12.711208
3394 12.494264
3395 12.994591
3396 14.335644
3397 13.529831
3398 12.805051
3399 12.875600
3400 12.836801
3401 12.717995
3402 13.004664
3403 13.549651
3404 12.747404
3405 13.109761
3406 13.119181
3407 12.827773
3408 13.063646
3409 12.697124
3410 13.484562
3411 13.249169
3412 12.391583
3413 13.682402
3414 13.060161
3415 13.123395
3416 12.990987
3417 13.245939
3418 12.829242
3419 11.459902
3420 12.814503
3421 13.743491
3422 13.294439
3423 12.415801
3424 13.324435
3425 13.315378
3426 13.332761
3427 12.955239
3428 12.696783
3429 12.776076
3430 12.599323
3431 13.024634
3432 12.564053
3433 12.353611
3434 11.937598
3435 13.415309
3436 12.946774
3437 13.868289
3438 13.794003
3439 13.501219
3440 12.850969
3441 13.592078
3442 12.898748
3443 13.224598
3444 13.096411
3445 12.977061
3446 13.660199
3447 13.326644
3448 13.346861
3449 11.811557
3450 13.440006
3451 12.687731
3452 13.000497
3453 13.949082
3454 13.942275
3455 13.917406
3456 12.557699
3457 12.521985
3458 12.641418
3459 12.822028
3460 12.918656
3461 12.799490
3462 12.660353
3463 13.191344
3464 12.700796
3465 12.910875
3466 12.993653
3467 12.788739
3468 12.923698
3469 13.438848
3470 13.665889
3471 13.287987
3472 12.940522
3473 12.134712
3474 12.392744
3475 13.413429
3476 12.158805
3477 11.463847
3478 12.540643
3479 11.646417
3480 11.562133
3481 12.879822
3482 13.084664
3483 12.259477
3484 12.143460
3485 12.196860
3486 12.716718
3487 12.968631
3488 13.704810
3489 12.161143
3490 12.258334
3491 12.164494
3492 13.627530
3493 12.305536
3494 11.731687
3495 11.480057
3496 10.980083
3497 12.550976
3498 13.092923
3499 12.496631
3500 11.815278
3501 11.431269
3502 12.300963
3503 12.666732
3504 12.562845
3505 13.468962
3506 12.703205
3507 12.672490
3508 12.417787
3509 12.539937
3510 12.499475
3511 13.183429
3512 12.233685
3513 12.856257
3514 12.043496
3515 11.519275
3516 11.708279
3517 12.054253
3518 11.745898
3519 12.238488
3520 12.542510
3521 12.519640
3522 12.541646
3523 12.504137
3524 12.623363
3525 11.825439
3526 12.222982
3527 14.189674
3528 13.265369
3529 12.978814
3530 12.936283
3531 12.911475
3532 11.005177
3533 12.241995
3534 12.612776
3535 12.276812
3536 12.181929
3537 12.173894
3538 12.017905
3539 10.985510
3540 11.649823
3541 11.247021
3542 12.063918
3543 12.409145
3544 12.066239
3545 13.363806
3546 12.135024
3547 11.250554
3548 12.944965
3549 11.942803
3550 13.337520
3551 13.773703
3552 12.650127
3553 12.606483
3554 12.098318
3555 14.529262
3556 13.508995
3557 14.032092
3558 12.942368
3559 12.225306
3560 13.088653
3561 13.017435
3562 12.997985
3563 12.419928
3564 13.794879
3565 13.666163
3566 13.630944
3567 13.292408
3568 13.498515
3569 13.978262
3570 13.256342
3571 12.955112
3572 12.030299
3573 13.415252
3574 13.952422
3575 14.561419
3576 14.318169
3577 13.386994
3578 13.496390
3579 12.480543
3580 13.613723
3581 13.249515
3582 13.181859
3583 13.017269
3584 12.799956
3585 13.201395
3586 12.570288
3587 12.298899
3588 12.190009
3589 12.412896
3590 12.137526
3591 13.077289
3592 12.674485
3593 12.183884
3594 11.239367
3595 12.281713
3596 12.305402
3597 12.170607
3598 12.737990
3599 12.668678
3600 12.494403
3601 13.476273
3602 13.040683
3603 12.987043
3604 12.347915
3605 13.255600
3606 12.765711
3607 12.457742
3608 12.321794
3609 12.748220
3610 11.581798
3611 11.597782
3612 12.038684
3613 12.769300
3614 12.655032
3615 11.790931
3616 11.383256
3617 12.245901
3618 11.337558
3619 12.458673
3620 13.024150
3621 12.470446
3622 12.306072
3623 14.352624
3624 12.133285
3625 13.413288
3626 13.575706
3627 12.760004
3628 13.116498
3629 13.214612
3630 13.452623
3631 13.121106
3632 13.106279
3633 13.107206
3634 12.392406
3635 13.293517
3636 12.040974
3637 13.450029
3638 11.807312
3639 12.939526
3640 13.550756
3641 12.471335
3642 13.988807
3643 13.557678
3644 13.445721
3645 12.348541
3646 12.453513
3647 12.929170
3648 13.152737
3649 13.088505
3650 12.437916
3651 12.942313
3652 11.361979
3653 12.401066
3654 13.963270
3655 12.594403
3656 14.165713
3657 13.436673
3658 13.260696
3659 14.148351
3660 13.064804
3661 14.242924
3662 13.582775
3663 13.982350
3664 11.989384
3665 12.543216
3666 12.790564
3667 12.988186
3668 13.773402
3669 13.231073
3670 13.720256
3671 12.742029
3672 12.653766
3673 12.393229
3674 12.830125
3675 11.690121
3676 12.075815
3677 12.878331
3678 12.088775
3679 11.911553
3680 11.926450
3681 11.401058
3682 12.822988
3683 9.914803
3684 13.253517
3685 12.640170
3686 14.264453
3687 13.421584
3688 13.731785
3689 11.705013
3690 12.261363
3691 12.270864
3692 13.028408
3693 14.283381
3694 13.366515
3695 12.829459
3696 13.335374
3697 13.558327
3698 13.095648
3699 12.847289
3700 12.154217
3701 12.357657
3702 11.358366
3703 12.779081
3704 11.875778
3705 12.955156
3706 12.000825
3707 12.018578
3708 11.223802
3709 12.388934
3710 11.908710
3711 13.098196
3712 13.520051
3713 13.236515
3714 12.483112
3715 13.173599
3716 12.061264
3717 12.381571
3718 11.909577
3719 12.481872
3720 12.729545
3721 12.246232
3722 13.469367
3723 13.120198
3724 12.930292
3725 13.654950
3726 12.985323
3727 11.819379
3728 12.350710
3729 12.980495
3730 13.272659
3731 13.331540
3732 13.203807
3733 12.986381
3734 13.146061
3735 13.568072
3736 14.161141
3737 12.669390
3738 13.446290
3739 12.846846
3740 12.891040
3741 12.474826
3742 13.548450
3743 13.339067
3744 12.491806
3745 11.444492
3746 12.365070
3747 11.129694
3748 11.659391
3749 13.279167
3750 12.670396
3751 12.709275
3752 12.693110
3753 12.700497
3754 12.473147
3755 13.297571
3756 13.138584
3757 13.026595
3758 12.959885
3759 13.164062
3760 12.083182
3761 10.572091
3762 12.585716
3763 12.575549
3764 12.708944
3765 12.620819
3766 12.498202
3767 13.747941
3768 12.301026
3769 12.055330
3770 12.637026
3771 11.761488
3772 11.053023
3773 13.695444
3774 12.873076
3775 13.835512
3776 12.949048
3777 13.247754
3778 12.933451
3779 13.697397
3780 12.967387
3781 12.885488
3782 12.851241
3783 12.137887
3784 13.554428
3785 13.668844
3786 13.765791
3787 13.464643
3788 12.369519
3789 12.336832
3790 13.323566
3791 13.309473
3792 13.586924
3793 12.829268
3794 13.486232
3795 13.021955
3796 13.477733
3797 12.673412
3798 13.458581
3799 12.627582
3800 13.290407
3801 11.701134
3802 13.085294
3803 12.159693
3804 12.544085
3805 11.867065
3806 12.800740
3807 12.971357
3808 12.485140
3809 11.981044
3810 11.611780
3811 11.464020
3812 12.359323
3813 12.612887
3814 11.476279
3815 12.598819
3816 12.511157
3817 14.392645
3818 12.183866
3819 12.155908
3820 12.768562
3821 14.057834
3822 12.617710
3823 13.868025
3824 12.215049
3825 12.871248
3826 13.288239
3827 12.466961
3828 12.048673
3829 11.758656
3830 11.685483
3831 11.911865
3832 13.106665
3833 13.343312
3834 13.429002
3835 12.903040
3836 13.960591
3837 12.941657
3838 13.009713
3839 12.343889
3840 12.308150
3841 13.290696
3842 13.246320
3843 13.160152
3844 12.287336
3845 12.643215
3846 13.289776
3847 12.090027
3848 12.442114
3849 12.590981
3850 13.199738
3851 13.299798
3852 12.537452
3853 12.900716
3854 12.460234
3855 12.002270
3856 12.145033
3857 12.699677
3858 12.185253
3859 11.284328
3860 11.295650
3861 12.503077
3862 12.774679
3863 11.344099
3864 12.633574
3865 12.969737
3866 12.258715
3867 13.511332
3868 12.575774
3869 12.854065
3870 13.085889
3871 12.821275
3872 13.187025
3873 10.726763
3874 12.234138
3875 12.434605
3876 12.758328
3877 12.719579
3878 13.203883
3879 11.887856
3880 12.682642
3881 12.638962
3882 12.222046
3883 12.699024
3884 12.893788
3885 12.446405
3886 14.032918
3887 12.660767
3888 12.498422
3889 12.691737
3890 12.480313
3891 10.516784
3892 11.936987
3893 12.396780
3894 12.644787
3895 11.698756
3896 11.758392
3897 11.967999
3898 11.349242
3899 12.499080
3900 12.220223
3901 13.519172
3902 12.043925
3903 12.124995
3904 12.272588
3905 13.238301
3906 12.629747
3907 12.861769
3908 13.476843
3909 13.049143
3910 12.036562
3911 12.737111
3912 11.521077
3913 12.497875
3914 11.613705
3915 12.503391
3916 12.387176
3917 13.013704
3918 12.768078
3919 12.785348
3920 12.478567
3921 12.747277
3922 13.326886
3923 11.916717
3924 11.760222
3925 12.112705
3926 12.240090
3927 12.818974
3928 12.696343
3929 12.251471
3930 12.888042
3931 12.098189
3932 11.796904
3933 12.457428
3934 12.894040
3935 13.252913
3936 13.861182
3937 11.707376
3938 11.402042
3939 11.668441
3940 12.814885
3941 12.580441
3942 12.196689
3943 11.656800
3944 12.324170
3945 12.660040
3946 12.417265
3947 12.573124
3948 13.373445
3949 12.947132
3950 12.853429
3951 12.182534
3952 11.631685
3953 12.135955
3954 13.294070
3955 12.451161
3956 13.028880
3957 14.098917
3958 13.070897
3959 14.186885
3960 13.767055
3961 13.626053
3962 12.456843
3963 13.041676
3964 13.031063
3965 13.307869
3966 12.305532
3967 13.611297
3968 13.975568
3969 12.484788
3970 13.435782
3971 12.558510
3972 13.152604
3973 13.017454
3974 12.970120
3975 13.469005
3976 13.618098
3977 13.356923
3978 13.481833
3979 13.683922
3980 13.592356
3981 13.593031
3982 14.108601
3983 14.697564
3984 12.833838
3985 14.339475
3986 13.442281
3987 12.633277
3988 12.925731
3989 12.247277
3990 13.478149
3991 12.513949
3992 12.096912
3993 13.292272
3994 12.873552
3995 12.949844
3996 12.846298
3997 13.082645
3998 13.296336
3999 13.024222
4000 12.699328
4001 13.234395
4002 12.832962
4003 13.752619
4004 14.312515
4005 13.453420
4006 13.382396
4007 12.797815
4008 12.558541
4009 13.558005
4010 12.867979
4011 13.014447
4012 12.278979
4013 11.770285
4014 12.570879
4015 13.452871
4016 13.014026
4017 12.597878
4018 13.684684
4019 13.873465
4020 13.291793
4021 13.403517
4022 13.107655
4023 13.686506
4024 12.941232
4025 14.029804
4026 13.793338
4027 11.709290
4028 13.138104
4029 12.649983
4030 12.329014
4031 13.258512
4032 12.723502
4033 12.467641
4034 12.823760
4035 12.498407
4036 13.489107
4037 12.151589
4038 12.242052
4039 12.091770
4040 10.339792
4041 12.269378
4042 12.461609
4043 12.487777
4044 11.970109
4045 12.119948
4046 12.466179
4047 12.751800
4048 13.961414
4049 13.919532
4050 12.104568
4051 12.686036
4052 13.199679
4053 13.809091
4054 12.992843
4055 13.867389
4056 13.424873
4057 13.405779
4058 12.819230
4059 12.734419
4060 12.175179
4061 12.873067
4062 13.342817
4063 12.850673
4064 14.397448
4065 13.333429
4066 12.958666
4067 14.278197
4068 13.888882
4069 12.741829
4070 14.162807
4071 12.848916
4072 13.585116
4073 13.304335
4074 14.588193
4075 13.653259
4076 12.783294
4077 13.075603
4078 13.013813
4079 12.382949
4080 13.382231
4081 12.881815
4082 13.351425
4083 14.260231
4084 14.070216
4085 13.787803
4086 12.966247
4087 12.946669
4088 12.952147
4089 13.036576
4090 11.630804
4091 12.290919
4092 13.218617
4093 13.367741
4094 11.582448
4095 13.264048
4096 13.996955
4097 11.668777
4098 12.950191
4099 12.021306
4100 10.796369
4101 13.503532
4102 13.232937
4103 12.213068
4104 12.622524
4105 13.277596
4106 10.720822
4107 11.075907
4108 13.658763
4109 11.894033
4110 11.766196
4111 12.736821
4112 12.837401
4113 12.739841
4114 12.356815
4115 12.856883
4116 11.968925
4117 11.876512
4118 10.918416
4119 11.407623
4120 11.426451
4121 13.022922
4122 11.657498
4123 12.318477
4124 11.462221
4125 11.141069
4126 11.185727
4127 10.786722
4128 12.625010
4129 13.043212
4130 12.698503
4131 13.735056
4132 13.592362
4133 13.535339
4134 13.153518
4135 12.097874
4136 12.887983
4137 13.291688
4138 12.482606
4139 11.367118
4140 12.205904
4141 13.043655
4142 12.723608
4143 12.310978
4144 10.864955
4145 11.982797
4146 12.491386
4147 11.908766
4148 13.216482
4149 13.047583
4150 12.837072
4151 12.924721
4152 12.796175
4153 12.692400
4154 12.881887
4155 12.915531
4156 13.413877
4157 12.352884
4158 13.000977
4159 13.543947
4160 11.374551
4161 13.134596
4162 12.520104
4163 13.322801
4164 13.112278
4165 12.570366
4166 12.640087
4167 13.019529
4168 14.481175
4169 14.653634
4170 13.882371
4171 13.788478
4172 12.389564
4173 11.151260
4174 11.483491
4175 12.176132
4176 11.869111
4177 12.784753
4178 12.336098
4179 11.544266
4180 13.053503
4181 12.113312
4182 11.652786
4183 12.671300
4184 13.596654
4185 12.915515
4186 12.100389
4187 12.971774
4188 12.935122
4189 11.624152
4190 12.695377
4191 12.173430
4192 11.849536
4193 12.164292
4194 13.148540
4195 13.028117
4196 13.012836
4197 13.209555
4198 12.433444
4199 13.034438
4200 12.454494
4201 12.038397
4202 12.454659
4203 12.742107
4204 11.749579
4205 12.861080
4206 12.237280
4207 11.943288
4208 12.715495
4209 12.213755
4210 11.856576
4211 13.785487
4212 11.868538
4213 13.963604
4214 13.855755
4215 12.701138
4216 13.380268
4217 12.305067
4218 12.650318
4219 12.613435
4220 12.267599
4221 12.345510
4222 11.373420
4223 11.612518
4224 12.096186
4225 10.832515
4226 12.609939
4227 13.135548
4228 12.323085
4229 12.665753
4230 12.904069
4231 12.901915
4232 12.542112
4233 12.875380
4234 13.267544
4235 12.977289
4236 13.644051
4237 13.661441
4238 12.991338
4239 13.479535
4240 13.291181
4241 13.344518
4242 12.682729
4243 13.196079
4244 13.527907
4245 12.808579
4246 13.589557
4247 13.164933
4248 13.369412
4249 13.365661
4250 12.769297
4251 13.152463
4252 13.012876
4253 13.787794
4254 13.422989
4255 13.654778
4256 11.658019
4257 13.690133
4258 12.638723
4259 12.592855
4260 12.636983
4261 12.981435
4262 13.584142
4263 13.358835
4264 13.421895
4265 12.588559
4266 12.704035
4267 13.028719
4268 13.082096
4269 13.072568
4270 12.856549
4271 12.708898
4272 13.122840
4273 13.719570
4274 14.058316
4275 13.533633
4276 13.081410
4277 12.868987
4278 12.768241
4279 12.975014
4280 13.336449
4281 12.734670
4282 12.827020
4283 13.513081
4284 12.465136
4285 12.584552
4286 12.618760
4287 13.949298
4288 12.502169
4289 13.310393
4290 12.925376
4291 12.807097
4292 12.734546
4293 12.748451
4294 12.882054
4295 13.068209
4296 13.632439
4297 13.693140
4298 12.128944
4299 12.477942
4300 12.788138
4301 13.280006
4302 12.663542
4303 13.229774
4304 14.113239
4305 14.610051
4306 13.987091
4307 13.704812
4308 14.823446
4309 14.569121
4310 14.126915
4311 14.562726
4312 13.360772
4313 13.780538
4314 13.277324
4315 14.141828
4316 13.678255
4317 14.748755
4318 14.706826
4319 13.741390
4320 13.766488
4321 14.304338
4322 14.248211
4323 13.971278
4324 13.671706
4325 14.423053
4326 13.603018
4327 14.057219
4328 14.179275
4329 14.561468
4330 14.140959
4331 13.966151
4332 13.971072
4333 14.216420
4334 13.224724
4335 11.709761
4336 12.864003
4337 12.964744
4338 11.724382
4339 11.901605
4340 12.010632
4341 12.387369
4342 12.649529
4343 13.005186
4344 11.254891
4345 12.348376
4346 12.831232
4347 11.650365
4348 13.166570
4349 12.871556
4350 13.315751
4351 13.209830
4352 13.685079
4353 11.933708
4354 12.380800
4355 12.175101
4356 12.331541
4357 12.324288
4358 12.948197
4359 11.862993
4360 11.812370
4361 12.300522
4362 13.121882
4363 11.971675
4364 12.938213
4365 14.362502
4366 13.818896
4367 11.984847
4368 12.139575
4369 12.158542
4370 11.164449
4371 11.541696
4372 11.852548
4373 12.656939
4374 12.673834
4375 10.918795
4376 11.898074
4377 11.871921
4378 11.051104
4379 11.782362
4380 13.010157
4381 13.410388
4382 12.961504
4383 12.855105
4384 12.595372
4385 13.048575
4386 12.307431
4387 12.404501
4388 13.225493
4389 12.415966
4390 14.047265
4391 12.880704
4392 12.880900
4393 13.122177
4394 12.934685
4395 11.843229
4396 12.648724
4397 13.370467
4398 12.353701
4399 13.239115
4400 12.976182
4401 12.749187
4402 13.458787
4403 11.894303
4404 12.323063
4405 12.450563
4406 13.822272
4407 11.920642
4408 12.515133
4409 11.737143
4410 11.572520
4411 12.199988
4412 13.059391
4413 12.361479
4414 14.011390
4415 12.914261
4416 11.777870
4417 12.667637
4418 12.529432
4419 12.815842
4420 13.879657
4421 13.579632
4422 13.046236
4423 13.800065
4424 13.821564
4425 12.757029
4426 15.269624
4427 14.107736
4428 14.429435
4429 13.904751
4430 14.351452
4431 13.383053
4432 14.192325
4433 13.917996
4434 12.960471
4435 12.075482
4436 13.282546
4437 13.012231
4438 13.016136
4439 12.578245
4440 12.697593
4441 12.444601
4442 12.621485
4443 13.632997
4444 12.971637
4445 13.071702
4446 13.503800
4447 14.934955
4448 14.153749
4449 14.116039
4450 13.310879
4451 12.423543
4452 12.526101
4453 13.622607
4454 13.547148
4455 12.155332
4456 13.123819
4457 12.676276
4458 12.467960
4459 13.361341
4460 13.978434
4461 13.566492
4462 14.225980
4463 14.022030
4464 14.042632
4465 13.593094
4466 13.984843
4467 13.780207
4468 13.965208
4469 14.077835
4470 13.458994
4471 12.771142
4472 13.340900
4473 12.451928
4474 13.102511
4475 12.675702
4476 12.945342
4477 12.782116
4478 12.802127
4479 13.065864
4480 13.024539
4481 12.831653
4482 12.436122
4483 12.795475
4484 12.864888
4485 12.787060
4486 13.103106
4487 13.102800
4488 13.181809
4489 12.507910
4490 12.906951
4491 12.575233
4492 13.421424
4493 13.529838
4494 12.933807
4495 13.766982
4496 13.195993
4497 13.012220
4498 12.833995
4499 12.517584
4500 12.966801
4501 13.612420
4502 13.769512
4503 12.731197
4504 12.600829
4505 13.345314
4506 12.950623
4507 12.417101
4508 12.446322
4509 13.024983
4510 12.046250
4511 12.529022
4512 12.753452
4513 12.705286
4514 12.756908
4515 13.668751
4516 11.299535
4517 12.303513
4518 12.214147
4519 11.545359
4520 12.293780
4521 13.228431
4522 14.598278
4523 12.862369
4524 13.484849
4525 11.950255
4526 12.481293
4527 10.909124
4528 12.149180
4529 10.572763
4530 11.921300
4531 11.720095
4532 12.355182
4533 13.623762
4534 12.643095
4535 13.795539
4536 13.106016
4537 13.852289
4538 13.276449
4539 13.869067
4540 14.465739
4541 13.539161
4542 13.146431
4543 12.049408
4544 12.251932
4545 11.197203
4546 11.408504
4547 13.018676
4548 12.537420
4549 12.536796
4550 12.948022
4551 12.783256
4552 12.986786
4553 12.786696
4554 11.432703
4555 12.396464
4556 12.717190
4557 13.020519
4558 13.477590
4559 13.243335
4560 13.255598
4561 12.783193
4562 13.326399
4563 12.465513
4564 13.239618
4565 12.718783
4566 13.093315
4567 13.538134
4568 13.035389
4569 13.326848
4570 14.756511
4571 13.300034
4572 12.791719
4573 12.611382
4574 11.755021
4575 12.044003
4576 12.068216
4577 10.756625
4578 11.309241
4579 11.442207
4580 10.004884
4581 12.721624
4582 12.831890
4583 13.112628
4584 12.879741
4585 12.833527
4586 13.378588
4587 13.583534
4588 13.108665
4589 13.110677
4590 12.995426
4591 12.335995
4592 12.631867
4593 12.726515
4594 13.379155
4595 13.123723
4596 13.322645
4597 13.588706
4598 13.438962
4599 13.280399
4600 13.595128
4601 12.743523
4602 13.181566
4603 12.946679
4604 12.694787
4605 11.692964
4606 11.680814
4607 12.148077
4608 12.910267
4609 11.988062
4610 12.482616
4611 11.966729
4612 12.224162
4613 12.561152
4614 13.698339
4615 12.147309
4616 13.135406
4617 12.245012
4618 11.515599
4619 11.893744
4620 11.754447
4621 12.265162
4622 11.274424
4623 11.326655
4624 12.736977
4625 12.761277
4626 12.978065
4627 13.021759
4628 11.686121
4629 13.093516
4630 12.904531
4631 12.961495
4632 13.867329
4633 13.025951
4634 11.454419
4635 11.441036
4636 12.792583
4637 12.494043
4638 13.137802
4639 12.889800
4640 12.761259
4641 12.776607
4642 12.796929
4643 11.322933
4644 11.317302
4645 12.802816
4646 12.503800
4647 13.167372
4648 12.481303
4649 12.941953
4650 13.089694
4651 12.680256
4652 13.933234
4653 12.981240
4654 13.023705
4655 13.434395
4656 12.752193
4657 12.743103
4658 12.952319
4659 12.602547
4660 12.994699
4661 13.348928
4662 13.112241
4663 11.890056
4664 12.692714
4665 13.002997
4666 11.964092
4667 12.769288
4668 12.977807
4669 13.306514
4670 12.351766
4671 13.299631
4672 12.258069
4673 12.987494
4674 12.734103
4675 12.967205
4676 12.814577
4677 12.175155
4678 11.330976
4679 12.993357
4680 13.111133
4681 14.093039
4682 12.795805
4683 12.583898
4684 12.743158
4685 13.028725
4686 13.116073
4687 13.586663
4688 12.718625
4689 13.163775
4690 13.795054
4691 12.730711
4692 12.639848
4693 12.717123
4694 12.155106
4695 12.548681
4696 12.983606
4697 12.598448
4698 11.849329
4699 12.059095
4700 13.215972
4701 13.863139
4702 13.134968
4703 12.460137
4704 12.749497
4705 12.617411
4706 12.722339
4707 12.621995
4708 12.819400
4709 12.907633
4710 12.354326
4711 12.190565
4712 11.549986
4713 12.111300
4714 12.470845
4715 12.829895
4716 12.692886
4717 12.228905
4718 12.459813
4719 12.007621
4720 12.457954
4721 12.657891
4722 12.402266
4723 13.064555
4724 13.150822
4725 13.099174
4726 12.591906
4727 12.801095
4728 13.115046
4729 13.169820
4730 13.377157
4731 13.791595
4732 12.901883
4733 12.820685
4734 13.176501
4735 12.654963
4736 12.898038
4737 12.337429
4738 12.899389
4739 12.915671
4740 12.746532
4741 12.551131
4742 12.002172
4743 12.427977
4744 12.651804
4745 11.567078
4746 12.907137
4747 13.089364
4748 13.792830
4749 13.384717
4750 13.048295
4751 13.505868
4752 12.140386
4753 12.714643
4754 12.729721
4755 13.408098
4756 12.344406
4757 13.227525
4758 12.543332
4759 12.351377
4760 11.350703
4761 12.682130
4762 12.147482
4763 12.636600
4764 12.988156
4765 11.859004
4766 12.323944
4767 11.775269
4768 12.070531
4769 13.146046
4770 12.219796
4771 12.951533
4772 12.413224
4773 10.992411
4774 11.532792
4775 12.535856
4776 13.670699
4777 13.231815
4778 12.791862
4779 12.933854
4780 13.191959
4781 12.671618
4782 13.192881
4783 12.350065
4784 12.394711
4785 13.113111
4786 12.245612
4787 13.024888
4788 12.763401
4789 13.117299
4790 12.470027
4791 13.224897
4792 13.784459
4793 13.425067
4794 13.624369
4795 12.271938
4796 12.716428
4797 13.104078
4798 12.431095
4799 13.726417
4800 12.319742
4801 13.555173
4802 13.588471
4803 12.365101
4804 11.883883
4805 12.500454
4806 13.461775
4807 12.826061
4808 13.540833
4809 12.793111
4810 12.551986
4811 12.739926
4812 12.639483
4813 11.593699
4814 13.832063
4815 14.391391
4816 13.103497
4817 12.917046
4818 12.768407
4819 13.219159
4820 12.405807
4821 12.269760
4822 11.813829
4823 12.241622
4824 12.727450
4825 11.812811
4826 12.951509
4827 12.890051
4828 12.516489
4829 12.403139
4830 13.021103
4831 12.724898
4832 13.068964
4833 12.224119
4834 13.042445
4835 11.558693
4836 11.795869
4837 11.474010
4838 12.097427
4839 13.354862
4840 12.758065
4841 12.262064
4842 13.136809
4843 13.386509
4844 13.429447
4845 11.931360
4846 12.638125
4847 12.569300
4848 12.570542
4849 12.599884
4850 12.445379
4851 12.389516
4852 12.679910
4853 12.140662
4854 12.085316
4855 12.625443
4856 11.427619
4857 13.158925
4858 13.155890
4859 13.116074
4860 13.020726
4861 12.147713
4862 11.581561
4863 12.894642
4864 13.822807
4865 13.904263
4866 14.004129
4867 13.595446
4868 12.380477
4869 13.216422
4870 12.976201
4871 12.952459
4872 11.440270
4873 12.159253
4874 11.966012
4875 12.809082
4876 12.059655
4877 12.327927
4878 11.654395
4879 12.296968
4880 11.452311
4881 12.242234
4882 12.598083
4883 11.983134
4884 12.746114
4885 11.984148
4886 13.092628
4887 12.370557
4888 12.877209
4889 12.249500
4890 12.330517
4891 13.438575
4892 12.646732
4893 12.894659
4894 12.273097
4895 12.758260
4896 13.039650
4897 13.307987
4898 12.919543
4899 13.333365
4900 12.619007
4901 12.744702
4902 12.278722
4903 12.181548
4904 12.484767
4905 13.665168
4906 12.789444
4907 12.206785
4908 12.872667
4909 13.566554
4910 13.001236
4911 11.642548
4912 11.670444
4913 13.334486
4914 12.780235
4915 13.097123
4916 13.254293
4917 12.531311
4918 13.512150
4919 12.442451
4920 12.177372
4921 13.766591
4922 12.474566
4923 12.154819
4924 11.748313
4925 12.573580
4926 11.891273
4927 11.652405
4928 13.418963
4929 12.276372
4930 13.156937
4931 13.617599
4932 13.806760
4933 13.340398
4934 12.818027
4935 11.360890
4936 11.720358
4937 12.868328
4938 12.344839
4939 11.315186
4940 12.404008
4941 10.754162
4942 13.690292
4943 13.426783
4944 14.096309
4945 13.444765
4946 14.343269
4947 13.286054
4948 12.660160
4949 12.136300
4950 12.865383
4951 10.772863
4952 13.290180
4953 13.187575
4954 13.635178
4955 11.656742
4956 12.682484
4957 13.881647
4958 13.537345
4959 13.629207
4960 14.145785
4961 13.049188
4962 13.359671
4963 14.489066
4964 14.364783
4965 13.107467
4966 12.811015
4967 12.462090
4968 12.654561
4969 10.753424
4970 12.182241
4971 11.900984
4972 12.944053
4973 12.824138
4974 12.618258
4975 13.088702
4976 13.528374
4977 13.233537
4978 13.494931
4979 14.227473
4980 13.563519
4981 13.504018
4982 12.932226
4983 13.443294
4984 12.923653
4985 12.902155
4986 13.210671
4987 12.491613
4988 11.718491
4989 11.592957
4990 13.424289
4991 13.399897
4992 12.739305
4993 13.669852
4994 13.408463
4995 13.338249
4996 12.740558
4997 13.517417
4998 14.066883
4999 12.992789
5000 12.737370
5001 12.980098

