0 6.305646
1 7.906420
2 15.980162
3 12.913140
4 15.818010
5 15.598701
6 15.953999
7 15.112591
8 14.753252
9 13.458043
10 14.785253
11 13.320702
12 12.180091
13 14.158481
14 13.546347
15 14.184678
16 14.665572
17 14.525717
18 12.806944
19 13.251268
20 12.770098
21 13.321600
22 14.401031
23 13.326294
24 15.111589
25 15.169866
26 15.967236
27 15.783645
28 15.287461
29 15.536879
30 16.474733
31 15.737431
32 16.752682
33 16.048054
34 16.630533
35 17.522404
36 17.369049
37 16.387268
38 18.048250
39 16.110977
40 15.886700
41 15.714760
42 16.135929
43 14.631505
44 16.108534
45 16.317049
46 15.495965
47 16.311779
48 15.699130
49 15.519160
50 16.589699
51 15.991693
52 16.071293
53 15.172109
54 14.537830
55 15.153830
56 15.104962
57 14.733281
58 16.078485
59 15.222342
60 14.832149
61 15.539737
62 15.306026
63 15.451204
64 15.528635
65 15.823079
66 17.130262
67 15.130781
68 16.117071
69 16.171293
70 16.024775
71 15.928111
72 16.830166
73 16.546377
74 16.096586
75 16.023361
76 17.035639
77 16.197748
78 17.249434
79 16.879103
80 17.317677
81 17.179548
82 16.693380
83 16.464437
84 17.678738
85 16.590523
86 13.857107
87 12.466219
88 15.541547
89 14.616715
90 14.227674
91 14.796191
92 16.123035
93 14.975013
94 13.607979
95 14.025846
96 13.545924
97 13.312060
98 13.338435
99 13.299677
100 15.127018
101 15.397495
102 15.934098
103 13.995984
104 15.917270
105 14.812979
106 15.969539
107 13.700602
108 13.874846
109 14.253050
110 14.274476
111 14.495883
112 13.082733
113 14.171750
114 14.661750
115 16.242182
116 17.135256
117 16.049177
118 16.888660
119 15.686746
120 16.630119
121 16.886374
122 15.931272
123 14.743302
124 16.685806
125 15.616422
126 16.491676
127 15.814240
128 15.837329
129 16.088274
130 15.894868
131 16.529697
132 15.875633
133 17.088549
134 15.902042
135 16.213726
136 15.665449
137 17.733116
138 16.059916
139 15.615599
140 15.366493
141 15.484313
142 15.511276
143 16.397524
144 15.891287
145 15.175144
146 15.687274
147 15.964996
148 16.309540
149 16.185165
150 14.000066
151 12.299534
152 12.968712
153 13.246327
154 15.003264
155 14.594518
156 14.755480
157 14.615573
158 15.480504
159 15.163520
160 15.280229
161 14.573379
162 14.481289
163 15.771868
164 14.343289
165 15.956223
166 14.437083
167 14.625981
168 15.098427
169 15.800486
170 13.726840
171 13.870173
172 15.252963
173 14.534926
174 12.552503
175 12.187399
176 13.231913
177 12.692767
178 12.399698
179 13.549279
180 12.427357
181 13.121030
182 12.128317
183 13.162653
184 14.043877
185 13.727182
186 12.931318
187 13.471057
188 14.260326
189 14.641998
190 13.823219
191 14.955365
192 13.499762
193 14.803227
194 14.884160
195 15.559288
196 14.028294
197 15.348619
198 15.334232
199 15.068707
200 14.640557
201 13.486545
202 13.834642
203 14.647952
204 14.283792
205 15.104942
206 14.457927
207 14.950941
208 13.897161
209 14.763349
210 12.902144
211 12.663054
212 13.831949
213 12.795784
214 12.643168
215 13.769244
216 11.849135
217 13.246999
218 12.576730
219 13.185511
220 13.987812
221 14.136287
222 14.682688
223 14.221508
224 14.668897
225 14.547615
226 14.660710
227 13.540504
228 14.670517
229 15.747357
230 15.174881
231 14.452951
232 14.026354
233 14.889468
234 14.777286
235 14.010461
236 12.917781
237 14.231969
238 14.646371
239 14.024590
240 14.390556
241 14.693742
242 14.211369
243 14.526710
244 13.754465
245 15.244703
246 14.370094
247 13.577103
248 13.607415
249 14.804678
250 16.132732
251 15.428611
252 13.729712
253 13.680559
254 14.420892
255 14.230521
256 15.033171
257 12.691017
258 14.327653
259 14.060025
260 13.822653
261 14.428878
262 14.538876
263 13.883364
264 16.443027
265 14.982368
266 15.598289
267 15.037387
268 15.274229
269 14.945121
270 14.582672
271 13.945286
272 14.119411
273 14.844573
274 15.400534
275 17.101030
276 17.032724
277 15.844157
278 16.183125
279 16.323065
280 16.859980
281 16.482515
282 16.577711
283 15.822765
284 17.098761
285 15.057218
286 15.296359
287 16.641184
288 17.203213
289 16.574844
290 15.635285
291 16.505692
292 16.373451
293 16.276672
294 15.928881
295 16.283165
296 16.143297
297 15.727027
298 15.731438
299 15.752542
300 15.959678
301 15.639853
302 15.821398
303 16.554424
304 15.493915
305 15.729628
306 15.059433
307 14.410836
308 14.546947
309 13.697637
310 14.228108
311 14.127682
312 14.312823
313 14.233916
314 13.767625
315 12.985029
316 10.933735
317 10.538415
318 11.313087
319 11.015199
320 11.290405
321 10.890635
322 11.318743
323 12.152409
324 12.170046
325 11.730925
326 11.463150
327 11.138123
328 11.161208
329 11.319145
330 10.920104
331 10.937572
332 11.932322
333 11.336986
334 10.300518
335 11.578951
336 12.692619
337 11.299427
338 11.656970
339 14.625394
340 15.022910
341 14.200120
342 13.302819
343 14.674406
344 14.158154
345 13.987314
346 14.179173
347 13.124466
348 10.833089
349 13.205245
350 15.636987
351 13.846074
352 15.703467
353 17.079800
354 15.352553
355 15.892147
356 16.844334
357 15.905386
358 14.908161
359 16.056219
360 16.324606
361 16.326576
362 16.575315
363 16.751863
364 16.134689
365 15.717984
366 15.823833
367 15.527569
368 13.817432
369 14.637572
370 14.560663
371 15.330547
372 15.910931
373 15.237144
374 15.632491
375 14.747433
376 15.941329
377 15.137497
378 15.824278
379 15.307468
380 15.076797
381 15.117093
382 14.685606
383 16.059246
384 14.823138
385 15.415856
386 13.219007
387 14.180259
388 14.296662
389 16.312826
390 15.788312
391 14.103721
392 14.715561
393 15.233849
394 14.787757
395 16.260052
396 14.056562
397 14.322227
398 15.082249
399 15.595285
400 14.434229
401 15.116279
402 14.855200
403 14.076343
404 15.950454
405 13.436385
406 15.638066
407 14.149166
408 13.405626
409 13.980659
410 14.887184
411 13.173023
412 14.030452
413 13.958046
414 14.695477
415 12.316533
416 13.124153
417 13.558176
418 13.722903
419 15.449794
420 15.261145
421 13.650880
422 14.310102
423 14.857813
424 13.981128
425 12.926851
426 12.753753
427 14.034121
428 12.672880
429 12.495973
430 12.532680
431 13.467362
432 13.966382
433 13.458648
434 14.607378
435 14.809182
436 14.295548
437 14.820833
438 14.508639
439 13.668758
440 12.994710
441 13.486511
442 14.461326
443 13.645546
444 12.821611
445 13.830362
446 14.465967
447 13.647742
448 14.597589
449 13.617918
450 15.788162
451 14.206709
452 13.687727
453 14.084786
454 15.086047
455 14.762585
456 14.098433
457 14.582786
458 14.562053
459 15.259033
460 14.695855
461 12.948921
462 13.683092
463 13.653224
464 13.338284
465 14.807449
466 15.261045
467 16.095350
468 15.060268
469 13.821328
470 14.346451
471 13.135216
472 13.238060
473 14.015629
474 12.687387
475 13.213609
476 14.097454
477 14.102670
478 14.584352
479 11.720961
480 12.638236
481 14.429944
482 13.981795
483 15.380700
484 14.583076
485 14.011161
486 15.037069
487 14.256766
488 12.929511
489 11.122542
490 14.111715
491 13.001895
492 14.622497
493 12.763107
494 12.379667
495 12.929354
496 12.497046
497 12.372686
498 12.303029
499 12.554195
500 11.786388
501 13.298319
502 13.332894
503 13.162968
504 12.243423
505 10.890477
506 12.607947
507 12.572851
508 12.300400
509 12.176422
510 11.548577
511 10.975703
512 10.939260
513 12.253604
514 11.840515
515 11.515161
516 11.637515
517 12.141932
518 12.489332
519 12.081510
520 11.633621
521 11.510938
522 12.829281
523 15.166743
524 15.292810
525 14.601963
526 15.920014
527 16.359270
528 16.349417
529 15.476398
530 15.295492
531 15.513518
532 15.990401
533 15.727724
534 15.256700
535 15.845065
536 15.495173
537 16.085974
538 15.798941
539 15.328678
540 15.269188
541 14.956562
542 15.718538
543 15.052515
544 16.193363
545 15.605066
546 15.555891
547 15.924943
548 15.627124
549 14.431280
550 15.762546
551 16.008989
552 16.254951
553 15.318261
554 16.016973
555 15.826592
556 16.365671
557 17.035810
558 15.487247
559 15.343650
560 15.301726
561 15.412096
562 15.093949
563 15.435816
564 16.539589
565 15.567486
566 15.023459
567 15.675549
568 15.012555
569 15.676932
570 14.912771
571 15.162299
572 15.455036
573 14.848293
574 14.578533
575 13.727919
576 14.599260
577 14.955832
578 14.655788
579 15.173673
580 15.484675
581 15.856855
582 15.954116
583 16.559605
584 16.427679
585 15.033729
586 16.171490
587 15.639136
588 16.001089
589 16.170036
590 16.099920
591 16.655468
592 16.793242
593 15.630643
594 16.540442
595 16.481670
596 15.999257
597 16.692028
598 16.548506
599 16.682489
600 15.450766
601 15.430055
602 16.826033
603 16.626717
604 14.916581
605 16.089233
606 15.742341
607 16.123306
608 15.030617
609 16.344133
610 15.559248
611 14.562468
612 13.165248
613 14.041998
614 14.322719
615 14.550362
616 14.907002
617 14.843252
618 14.828555
619 15.209570
620 14.556037
621 15.396651
622 15.623193
623 15.541134
624 14.811267
625 14.644226
626 15.202010
627 15.152675
628 14.781780
629 13.746479
630 15.385624
631 15.119823
632 14.100317
633 15.775569
634 15.260871
635 15.857649
636 15.543894
637 15.878492
638 15.716839
639 15.435417
640 15.946266
641 15.810404
642 15.125202
643 16.332918
644 15.948305
645 15.102775
646 16.134069
647 14.425485
648 15.054491
649 14.637525
650 15.345541
651 15.281786
652 15.498084
653 15.879458
654 15.350143
655 15.204673
656 15.854155
657 15.386566
658 15.822092
659 14.768378
660 16.130302
661 15.312850
662 14.259776
663 13.674843
664 14.065777
665 15.283457
666 15.095689
667 14.833817
668 14.111945
669 13.888422
670 13.086701
671 13.144280
672 13.970407
673 15.612361
674 14.349920
675 14.403561
676 14.712297
677 14.479271
678 15.207396
679 15.193108
680 14.781932
681 15.007773
682 16.161013
683 15.572958
684 15.107518
685 14.773441
686 15.627803
687 14.419612
688 15.807935
689 16.418652
690 15.570418
691 13.189171
692 15.244787
693 15.055676
694 14.587770
695 14.585272
696 14.216053
697 14.937783
698 14.678511
699 16.317970
700 15.780112
701 16.559484
702 14.398094
703 15.705713
704 15.022449
705 14.302387
706 15.558954
707 14.131149
708 15.226295
709 13.672167
710 15.220885
711 14.625943
712 15.639135
713 15.427811
714 15.374199
715 13.167260
716 13.253654
717 14.480725
718 14.704237
719 13.432454
720 13.821617
721 14.117326
722 13.871747
723 12.933392
724 12.568762
725 13.280742
726 14.734755
727 12.848540
728 14.505030
729 13.483736
730 14.193338
731 13.735242
732 15.335418
733 13.791615
734 15.429573
735 14.143684
736 13.969264
737 14.749053
738 14.003692
739 14.197679
740 16.186890
741 13.729859
742 13.910646
743 15.695115
744 13.738940
745 13.257580
746 14.826443
747 14.232876
748 15.922234
749 14.589941
750 14.661288
751 14.979205
752 14.877467
753 15.409733
754 14.710736
755 15.830481
756 13.363032
757 13.692472
758 14.370667
759 13.824113
760 13.173314
761 13.130093
762 14.014294
763 14.744153
764 14.022385
765 14.763773
766 13.650765
767 16.597111
768 14.417116
769 14.605866
770 16.301914
771 16.570040
772 14.957675
773 14.880594
774 14.565733
775 14.182652
776 14.941315
777 14.512249
778 14.244104
779 15.704916
780 16.346878
781 16.193830
782 15.388654
783 14.207903
784 13.739319
785 14.837741
786 12.788875
787 14.957449
788 16.479582
789 15.931168
790 16.119270
791 16.029226
792 14.870779
793 15.877235
794 14.863011
795 16.371746
796 14.823856
797 15.697572
798 15.116734
799 13.732014
800 14.945703
801 15.409076
802 14.889804
803 14.037098
804 14.926343
805 16.081604
806 14.856705
807 14.172154
808 14.911830
809 16.039766
810 14.618738
811 15.043057
812 16.373129
813 14.563305
814 15.585540
815 15.310172
816 15.032608
817 14.862657
818 12.251328
819 15.335350
820 14.784550
821 15.775887
822 16.386791
823 15.579582
824 15.825592
825 14.776669
826 15.994930
827 15.568136
828 15.679064
829 14.555336
830 16.020668
831 14.611070
832 14.589428
833 15.544739
834 14.497139
835 15.687092
836 14.851832
837 14.735930
838 14.550454
839 15.054536
840 14.999313
841 15.482218
842 15.530795
843 14.572007
844 14.867839
845 14.299606
846 14.451504
847 13.652524
848 14.548284
849 14.945025
850 14.732355
851 14.087902
852 14.947395
853 14.803232
854 15.178237
855 15.367504
856 14.719991
857 14.524372
858 13.849265
859 14.882387
860 15.669769
861 14.330490
862 14.453543
863 15.279445
864 15.118928
865 15.306666
866 15.342411
867 15.444226
868 15.584743
869 15.696899
870 12.714162
871 13.211241
872 13.490474
873 14.562227
874 14.605276
875 14.137288
876 11.746974
877 12.025259
878 11.584705
879 11.619370
880 13.124259
881 13.339917
882 11.794255
883 10.780135
884 12.350295
885 12.177992
886 12.358747
887 12.685667
888 11.983525
889 11.514200
890 11.951776
891 12.997131
892 11.776295
893 11.338105
894 11.864290
895 12.491175
896 11.794317
897 13.070566
898 11.965071
899 12.658320
900 13.474190
901 11.585965
902 12.573529
903 12.497063
904 11.637500
905 11.948092
906 11.459641
907 11.247236
908 11.853477
909 12.198479
910 11.580799
911 12.341672
912 12.403132
913 12.501075
914 13.984835
915 13.107380
916 12.581069
917 11.377073
918 11.842251
919 12.171905
920 13.552518
921 13.239975
922 12.442971
923 15.228607
924 15.827736
925 15.358005
926 15.287761
927 15.443923
928 14.940729
929 14.909666
930 14.956275
931 14.329864
932 14.657486
933 15.008650
934 14.396259
935 16.553963
936 14.820022
937 13.407051
938 14.465631
939 15.436332
940 16.825342
941 16.383923
942 16.194494
943 16.086889
944 14.610849
945 15.997874
946 15.094601
947 16.447466
948 16.356142
949 15.415388
950 16.780325
951 15.710216
952 16.400734
953 17.200970
954 16.033396
955 15.268382
956 15.482602
957 15.334213
958 15.712025
959 15.748123
960 15.589166
961 16.631432
962 15.910565
963 15.625232
964 15.018644
965 14.837165
966 16.017769
967 16.858452
968 16.745943
969 16.244059
970 16.067839
971 16.214159
972 15.064783
973 15.028605
974 14.662855
975 15.743478
976 16.018141
977 14.832621
978 14.997887
979 15.261042
980 14.840270
981 15.104469
982 16.010977
983 14.247259
984 16.247843
985 15.020864
986 15.080144
987 14.772482
988 14.795425
989 14.773383
990 15.742064
991 16.764076
992 16.287359
993 16.143316
994 15.447996
995 15.380811
996 16.526051
997 14.966887
998 15.030640
999 15.410058
1000 15.468050
1001 15.406107
1002 14.724160
1003 15.213368
1004 15.647905
1005 15.299833
1006 15.523351
1007 14.398523
1008 14.940397
1009 15.956058
1010 16.826426
1011 15.190198
1012 17.031502
1013 15.058830
1014 16.217752
1015 14.682642
1016 15.028420
1017 16.657427
1018 16.533442
1019 16.392750
1020 16.245277
1021 15.572312
1022 16.025951
1023 15.885647
1024 15.959716
1025 16.317158
1026 15.704711
1027 15.786080
1028 15.676676
1029 15.888992
1030 16.087717
1031 15.649683
1032 16.137018
1033 15.996758
1034 16.566439
1035 17.266354
1036 17.018698
1037 16.203283
1038 16.343813
1039 17.211987
1040 15.702716
1041 15.733853
1042 15.706638
1043 15.741418
1044 14.977789
1045 15.535460
1046 15.932689
1047 17.732615
1048 15.417147
1049 16.721220
1050 15.435079
1051 16.137215
1052 15.883041
1053 15.317247
1054 16.366268
1055 15.916082
1056 16.086994
1057 16.358368
1058 16.328602
1059 15.809863
1060 17.731707
1061 16.330824
1062 17.060488
1063 16.446859
1064 16.834944
1065 17.162659
1066 15.874224
1067 17.583401
1068 15.736518
1069 15.852746
1070 15.828310
1071 16.040817
1072 15.667244
1073 16.188393
1074 17.098310
1075 17.325779
1076 16.783211
1077 15.722163
1078 15.658812
1079 15.548970
1080 16.977736
1081 15.461359
1082 17.079380
1083 15.864109
1084 17.026165
1085 16.339659
1086 17.647022
1087 16.788752
1088 17.618355
1089 17.137159
1090 17.243229
1091 16.739264
1092 15.638047
1093 17.366777
1094 17.550905
1095 16.959042
1096 16.854256
1097 17.399094
1098 17.089359
1099 16.263935
1100 17.884613
1101 16.762892
1102 17.089977
1103 16.376032
1104 15.478062
1105 16.164646
1106 16.683006
1107 17.144915
1108 17.159098
1109 17.407919
1110 16.547400
1111 16.108942
1112 17.345722
1113 17.029133
1114 16.434748
1115 16.343859
1116 16.623264
1117 15.939731
1118 15.022090
1119 17.124573
1120 15.999106
1121 15.791856
1122 16.428579
1123 15.660129
1124 16.089046
1125 16.488571
1126 15.937860
1127 15.129132
1128 16.079422
1129 16.125536
1130 15.384339
1131 15.764966
1132 15.562325
1133 16.263645
1134 15.939281
1135 14.784593
1136 14.769284
1137 15.328971
1138 15.773645
1139 14.438848
1140 14.604718
1141 15.696326
1142 14.973979
1143 14.762420
1144 15.426229
1145 16.233231
1146 15.753182
1147 15.081264
1148 14.870245
1149 15.355435
1150 15.698012
1151 15.901416
1152 14.831348
1153 15.700360
1154 15.804434
1155 15.753112
1156 14.981154
1157 16.015228
1158 15.248571
1159 16.268158
1160 16.202578
1161 16.688465
1162 16.110016
1163 16.454557
1164 13.510662
1165 16.000738
1166 16.000668
1167 16.840063
1168 16.227753
1169 15.499335
1170 15.374895
1171 16.994040
1172 16.684778
1173 15.822371
1174 16.205021
1175 14.834143
1176 16.124273
1177 15.561978
1178 15.177592
1179 15.763968
1180 15.756705
1181 16.778109
1182 16.390747
1183 16.388712
1184 15.086928
1185 14.722108
1186 15.938246
1187 16.247915
1188 14.336020
1189 16.944218
1190 15.723147
1191 15.752476
1192 15.916465
1193 15.504415
1194 16.871830
1195 15.530708
1196 15.528975
1197 15.925770
1198 16.015472
1199 16.481607
1200 17.666162
1201 16.477661
1202 17.011538
1203 16.681776
1204 15.832232
1205 16.074766
1206 15.988197
1207 16.149694
1208 16.871996
1209 17.169411
1210 17.364172
1211 16.262997
1212 17.562511
1213 16.892630
1214 16.709715
1215 16.401962
1216 16.624617
1217 16.513504
1218 16.143740
1219 17.714731
1220 15.965671
1221 15.323175
1222 16.243292
1223 16.005146
1224 14.319409
1225 15.851848
1226 15.285963
1227 16.501120
1228 11.856450
1229 12.601079
1230 12.960170
1231 14.127987
1232 16.255756
1233 16.760139
1234 14.568807
1235 14.546729
1236 16.368914
1237 17.172825
1238 16.587433
1239 17.138550
1240 16.508339
1241 16.741932
1242 15.978389
1243 17.111591
1244 15.912670
1245 17.159744
1246 17.861595
1247 16.940422
1248 16.660572
1249 16.879587
1250 16.983717
1251 15.637285
1252 17.652868
1253 15.539466
1254 16.719500
1255 16.784174
1256 16.405128
1257 16.054586
1258 15.180450
1259 17.347221
1260 15.412679
1261 14.974549
1262 17.313850
1263 15.786669
1264 15.287107
1265 16.446770
1266 15.742140
1267 16.096960
1268 16.268383
1269 15.547542
1270 16.678625
1271 16.814953
1272 17.442621
1273 16.540468
1274 17.731064
1275 15.637904
1276 17.555410
1277 14.805234
1278 16.069605
1279 16.054373
1280 15.382619
1281 17.222176
1282 15.433500
1283 16.992483
1284 15.842781
1285 16.165880
1286 16.220818
1287 15.353894
1288 15.475332
1289 16.194181
1290 17.626013
1291 15.077376
1292 16.595179
1293 16.056528
1294 16.293869
1295 16.331402
1296 15.648565
1297 16.177914
1298 16.233326
1299 15.840261
1300 16.498589
1301 16.732637
1302 16.210283
1303 16.692423
1304 17.501776
1305 17.297810
1306 15.408194
1307 16.190458
1308 15.713546
1309 15.627870
1310 16.081511
1311 15.625170
1312 17.101185
1313 15.378823
1314 15.455149
1315 16.404188
1316 17.371298
1317 16.345549
1318 16.179228
1319 15.875699
1320 17.581339
1321 15.185863
1322 16.080950
1323 17.325525
1324 17.373234
1325 17.132509
1326 17.199017
1327 17.230034
1328 16.694815
1329 18.090986
1330 16.754660
1331 16.910336
1332 17.332193
1333 17.209551
1334 17.085623
1335 16.552887
1336 17.373322
1337 16.507618
1338 16.648190
1339 15.073945
1340 15.599120
1341 15.755746
1342 14.399762
1343 13.832299
1344 15.956821
1345 15.531755
1346 16.408663
1347 16.015594
1348 16.445799
1349 15.889321
1350 16.024643
1351 17.091150
1352 17.977234
1353 17.340328
1354 17.136751
1355 16.231951
1356 17.866779
1357 16.508835
1358 17.240477
1359 17.702797
1360 17.507099
1361 17.409464
1362 16.665400
1363 18.282423
1364 18.252153
1365 17.244366
1366 17.643373
1367 16.664509
1368 18.024462
1369 17.168444
1370 17.344841
1371 16.999083
1372 17.879658
1373 16.832975
1374 16.264786
1375 17.734041
1376 17.106293
1377 17.474331
1378 16.496452
1379 16.887962
1380 17.983366
1381 16.496346
1382 17.464333
1383 16.837854
1384 17.377642
1385 17.208961
1386 17.061773
1387 16.017143
1388 17.115246
1389 16.542278
1390 16.088394
1391 16.709009
1392 17.172606
1393 16.553291
1394 16.592636
1395 17.118998
1396 18.303465
1397 17.616896
1398 17.809511
1399 17.551897
1400 17.394615
1401 16.246927
1402 16.405128
1403 15.826166
1404 15.387848
1405 17.248562
1406 16.827433
1407 17.843227
1408 18.420904
1409 17.582642
1410 18.106956
1411 17.576307
1412 16.713812
1413 18.354197
1414 17.609333
1415 18.462717
1416 17.546040
1417 17.003889
1418 17.465454
1419 17.655588
1420 17.449884
1421 17.002096
1422 16.624224
1423 17.109863
1424 18.391024
1425 17.601404
1426 16.930473
1427 17.495827
1428 16.280615
1429 16.839109
1430 17.888002
1431 16.622309
1432 16.574032
1433 17.857485
1434 17.353842
1435 16.942896
1436 16.901291
1437 16.666042
1438 16.736359
1439 16.279423
1440 16.810513
1441 16.161753
1442 17.434580
1443 16.381884
1444 16.324562
1445 16.645367
1446 17.099701
1447 16.251976
1448 17.067326
1449 16.857573
1450 16.071407
1451 16.041748
1452 16.578753
1453 17.727463
1454 16.273829
1455 17.118145
1456 17.336000
1457 16.562134
1458 15.418044
1459 15.943737
1460 15.633969
1461 15.539918
1462 16.314238
1463 15.990706
1464 14.271795
1465 15.769029
1466 15.378769
1467 16.593882
1468 15.599367
1469 15.750738
1470 16.145878
1471 16.087263
1472 16.208359
1473 15.641845
1474 16.590612
1475 16.906454
1476 17.203901
1477 16.925354
1478 16.630589
1479 16.627659
1480 16.824059
1481 15.685108
1482 15.515337
1483 16.124260
1484 16.746450
1485 15.935786
1486 16.228228
1487 16.516155
1488 15.526863
1489 15.072773
1490 16.636612
1491 16.435627
1492 17.418644
1493 16.747799
1494 16.757881
1495 16.858852
1496 16.830549
1497 17.921867
1498 15.341857
1499 17.984158
1500 17.217678
1501 16.286551
1502 17.051235
1503 15.719737
1504 17.966177
1505 16.950424
1506 15.778764
1507 18.105295
1508 16.672411
1509 16.376083
1510 17.469339
1511 16.878349
1512 16.900146
1513 17.137592
1514 15.820944
1515 15.533398
1516 16.573935
1517 16.043148
1518 15.720731
1519 16.262613
1520 15.000627
1521 17.050379
1522 15.940089
1523 14.275668
1524 15.609313
1525 15.916623
1526 17.343716
1527 16.047037
1528 16.563784
1529 16.093958
1530 15.827679
1531 15.255597
1532 16.990826
1533 17.429272
1534 15.323218
1535 16.680609
1536 17.333883
1537 16.435484
1538 15.699242
1539 16.500536
1540 16.742920
1541 16.646202
1542 16.218983
1543 17.101055
1544 16.305975
1545 16.601503
1546 15.704093
1547 15.846590
1548 15.371902
1549 16.308027
1550 15.676516
1551 15.935514
1552 15.530219
1553 16.229031
1554 14.496403
1555 15.905405
1556 15.770854
1557 17.392683
1558 16.703955
1559 16.338490
1560 14.303110
1561 15.740236
1562 14.328102
1563 16.174107
1564 15.096661
1565 16.801741
1566 15.780626
1567 15.891439
1568 15.808130
1569 15.189226
1570 15.683256
1571 14.928864
1572 16.033241
1573 15.995891
1574 16.102236
1575 16.686750
1576 16.007828
1577 15.945110
1578 17.083731
1579 16.204502
1580 16.359262
1581 16.165190
1582 16.472408
1583 15.729981
1584 16.152058
1585 17.059246
1586 16.896818
1587 16.570026
1588 16.707052
1589 16.652163
1590 16.400427
1591 16.431505
1592 16.739059
1593 15.888474
1594 17.138103
1595 16.563007
1596 14.808271
1597 16.974836
1598 16.879660
1599 17.167419
1600 17.370863
1601 17.850420
1602 16.253633
1603 16.878996
1604 16.000753
1605 16.655140
1606 15.962087
1607 14.926642
1608 17.251564
1609 16.578474
1610 16.764511
1611 16.966848
1612 17.054319
1613 16.774658
1614 16.206276
1615 16.905888
1616 17.369818
1617 16.341206
1618 16.506514
1619 17.300081
1620 15.256904
1621 16.729944
1622 17.651112
1623 17.782190
1624 17.608286
1625 16.796400
1626 17.433535
1627 17.050764
1628 16.892843
1629 17.864502
1630 16.383080
1631 16.028595
1632 16.843885
1633 17.161718
1634 17.011957
1635 16.400442
1636 15.532203
1637 15.664230
1638 15.673029
1639 15.367712
1640 15.179127
1641 15.977366
1642 16.257885
1643 15.079662
1644 15.922897
1645 14.483215
1646 15.581024
1647 15.532035
1648 16.163073
1649 15.049351
1650 15.128016
1651 16.134609
1652 15.761640
1653 15.988759
1654 16.791975
1655 15.582139
1656 15.389466
1657 16.120831
1658 15.744919
1659 15.943760
1660 15.806899
1661 15.663913
1662 16.269741
1663 15.029475
1664 15.852781
1665 16.330351
1666 15.106668
1667 15.348240
1668 16.236364
1669 15.748557
1670 15.731338
1671 16.167068
1672 14.463792
1673 16.590191
1674 15.904451
1675 14.680291
1676 13.806716
1677 15.718031
1678 15.385641
1679 14.869119
1680 15.212318
1681 14.909691
1682 14.660131
1683 15.408496
1684 14.390181
1685 15.679804
1686 15.287923
1687 14.518193
1688 15.384733
1689 14.810384
1690 14.923116
1691 14.605487
1692 15.437859
1693 14.402936
1694 16.190252
1695 15.791368
1696 13.847641
1697 14.495355
1698 14.011159
1699 13.486618
1700 12.933774
1701 14.229918
1702 14.500325
1703 14.345083
1704 14.712527
1705 15.350524
1706 13.043101
1707 14.027119
1708 12.453833
1709 14.659121
1710 14.666119
1711 16.885912
1712 15.956755
1713 15.446414
1714 16.201298
1715 16.976555
1716 15.432655
1717 13.394886
1718 16.606508
1719 16.269196
1720 16.966478
1721 17.312777
1722 16.294985
1723 15.756915
1724 16.562876
1725 17.151096
1726 15.426343
1727 16.625780
1728 16.104961
1729 15.943607
1730 14.996136
1731 14.485046
1732 15.548870
1733 16.907139
1734 15.080674
1735 16.780088
1736 15.828977
1737 15.279951
1738 16.084831
1739 16.649675
1740 16.876797
1741 15.912590
1742 15.937341
1743 15.477859
1744 15.946351
1745 14.871818
1746 13.537467
1747 13.104142
1748 12.645212
1749 12.725411
1750 12.205023
1751 14.470728
1752 14.870875
1753 14.112171
1754 14.466129
1755 13.757579
1756 15.133866
1757 15.902132
1758 14.607098
1759 15.805180
1760 15.360399
1761 14.478430
1762 14.138051
1763 15.504774
1764 14.507931
1765 15.444160
1766 15.142632
1767 14.246949
1768 15.562076
1769 15.264316
1770 16.159838
1771 17.412510
1772 17.021635
1773 16.632099
1774 15.864041
1775 15.331710
1776 15.397643
1777 15.273432
1778 15.753608
1779 15.465915
1780 14.879560
1781 16.481377
1782 16.428585
1783 15.709601
1784 15.705650
1785 15.175868
1786 15.566306
1787 15.267404
1788 15.403111
1789 15.255314
1790 16.031637
1791 15.400149
1792 15.356085
1793 15.851477
1794 16.657234
1795 15.533494
1796 16.221867
1797 16.802414
1798 16.754526
1799 15.491760
1800 15.279467
1801 16.484343
1802 15.753749
1803 15.579018
1804 16.047237
1805 17.324852
1806 15.160620
1807 15.544013
1808 15.467402
1809 15.490056
1810 15.755719
1811 15.555853
1812 15.316352
1813 15.338950
1814 16.068399
1815 15.742466
1816 15.545268
1817 14.179114
1818 14.424288
1819 15.029867
1820 14.407397
1821 14.735729
1822 13.929034
1823 13.926732
1824 14.741714
1825 14.605759
1826 14.302309
1827 14.404991
1828 15.537061
1829 14.511956
1830 15.083862
1831 15.542867
1832 15.078185
1833 15.003496
1834 16.184610
1835 14.031260
1836 14.809088
1837 14.215439
1838 14.441835
1839 15.070464
1840 13.628750
1841 11.879202
1842 12.436859
1843 12.512300
1844 14.765982
1845 15.347956
1846 14.686389
1847 16.086033
1848 14.792910
1849 14.588081
1850 13.285786
1851 16.414001
1852 14.746011
1853 15.513884
1854 14.207259
1855 13.861526
1856 14.279430
1857 15.706432
1858 14.935811
1859 14.953882
1860 14.006836
1861 13.157301
1862 13.557148
1863 14.399824
1864 13.253785
1865 12.651724
1866 14.910593
1867 14.117244
1868 14.773488
1869 14.298274
1870 12.878114
1871 12.125788
1872 12.731935
1873 12.883551
1874 13.632969
1875 14.686326
1876 12.548479
1877 12.242308
1878 10.371971
1879 12.230654
1880 11.771700
1881 13.151237
1882 13.027550
1883 12.484646
1884 11.659784
1885 12.448895
1886 13.365560
1887 12.337365
1888 13.011918
1889 11.426050
1890 12.060778
1891 11.838660
1892 12.990171
1893 13.573832
1894 13.016183
1895 12.691889
1896 13.510758
1897 11.810412
1898 11.939841
1899 12.117085
1900 13.204517
1901 12.544150
1902 12.508701
1903 12.174452
1904 11.408686
1905 13.428187
1906 12.364583
1907 11.145016
1908 12.534795
1909 13.434794
1910 13.094706
1911 12.720353
1912 12.784534
1913 12.756605
1914 12.944516
1915 12.910933
1916 12.013019
1917 12.241049
1918 12.181777
1919 12.776875
1920 11.613902
1921 13.682347
1922 14.722532
1923 14.636560
1924 14.890270
1925 14.679743
1926 13.677463
1927 14.765830
1928 13.235731
1929 14.382758
1930 13.194795
1931 14.379744
1932 13.480338
1933 15.288158
1934 14.696643
1935 14.318118
1936 14.089706
1937 14.903453
1938 14.724527
1939 15.498260
1940 12.917741
1941 14.284728
1942 14.933042
1943 14.254522
1944 13.909197
1945 13.922247
1946 13.928247
1947 13.678517
1948 13.925675
1949 13.591751
1950 14.643377
1951 15.692563
1952 14.082336
1953 13.829493
1954 13.453410
1955 14.735772
1956 14.303686
1957 13.925718
1958 14.115231
1959 15.490285
1960 14.751914
1961 13.450573
1962 12.725727
1963 11.433148
1964 15.021062
1965 13.732735
1966 15.921224
1967 12.117122
1968 14.596417
1969 14.867702
1970 14.509906
1971 15.176215
1972 15.237382
1973 14.381911
1974 13.402537
1975 13.998105
1976 13.598724
1977 14.646829
1978 14.248559
1979 12.946401
1980 14.502602
1981 15.074009
1982 13.460945
1983 12.036411
1984 11.441485
1985 12.824434
1986 11.505935
1987 12.123425
1988 12.853835
1989 13.627335
1990 14.100819
1991 14.727817
1992 14.413189
1993 14.035191
1994 13.546605
1995 14.741044
1996 14.256604
1997 13.735463
1998 15.530803
1999 14.787882
2000 15.639542
2001 15.757139
2002 14.982837
2003 15.194369
2004 15.320391
2005 15.401940
2006 14.276057
2007 14.277546
2008 15.097888
2009 13.815000
2010 14.369013
2011 14.883352
2012 14.772612
2013 14.803155
2014 14.893013
2015 14.617596
2016 15.029263
2017 14.172568
2018 15.649160
2019 13.901724
2020 14.770168
2021 15.006270
2022 14.811913
2023 14.289950
2024 14.693133
2025 14.962378
2026 14.505547
2027 14.357066
2028 14.129560
2029 14.057452
2030 14.392118
2031 14.872101
2032 15.179515
2033 14.700087
2034 14.552925
2035 14.620084
2036 15.092027
2037 15.737781
2038 16.001093
2039 16.301336
2040 14.458971
2041 13.346031
2042 14.146102
2043 13.097224
2044 12.246349
2045 13.427604
2046 12.944350
2047 13.883133
2048 14.332649
2049 13.434467
2050 14.222674
2051 12.222857
2052 13.068207
2053 12.641953
2054 12.984901
2055 12.843059
2056 13.534866
2057 11.944196
2058 13.200926
2059 13.181870
2060 13.218764
2061 13.239189
2062 12.850194
2063 12.671568
2064 13.768320
2065 12.825654
2066 12.215179
2067 12.664571
2068 11.859868
2069 12.613612
2070 12.176983
2071 13.322587
2072 11.096600
2073 11.602420
2074 11.863240
2075 12.495070
2076 11.838624
2077 13.054673
2078 13.390362
2079 12.208108
2080 13.524810
2081 13.802932
2082 13.503280
2083 13.731403
2084 14.026806
2085 13.564430
2086 14.871970
2087 13.684281
2088 15.282593
2089 13.967384
2090 14.383029
2091 16.300764
2092 15.506293
2093 15.966797
2094 14.553342
2095 15.100047
2096 13.784959
2097 15.109142
2098 13.288544
2099 14.432070
2100 13.383053
2101 14.961116
2102 14.398705
2103 14.887982
2104 14.678197
2105 12.698516
2106 11.917336
2107 15.792357
2108 15.531858
2109 14.179766
2110 14.045555
2111 13.749735
2112 14.009204
2113 13.244008
2114 14.489206
2115 14.386093
2116 14.718513
2117 14.931180
2118 13.786478
2119 13.442346
2120 12.914232
2121 13.923841
2122 14.244128
2123 12.889475
2124 13.004003
2125 14.991635
2126 14.958238
2127 13.164015
2128 14.565948
2129 12.578978
2130 13.352846
2131 15.891211
2132 13.719593
2133 13.301977
2134 13.950847
2135 15.185923
2136 14.039092
2137 14.205428
2138 14.445447
2139 14.723246
2140 13.950807
2141 12.773615
2142 12.482968
2143 13.667738
2144 13.273206
2145 13.725282
2146 15.010974
2147 15.775110
2148 15.706221
2149 14.570264
2150 14.651776
2151 14.773740
2152 12.876082
2153 15.458673
2154 12.514688
2155 12.352208
2156 13.434810
2157 12.757825
2158 12.761873
2159 11.359550
2160 11.844114
2161 12.838870
2162 11.036566
2163 14.414676
2164 12.454144
2165 12.706078
2166 13.178774
2167 14.102274
2168 12.762637
2169 11.754375
2170 15.136611
2171 13.514502
2172 12.787299
2173 13.793484
2174 13.083197
2175 12.498216
2176 12.904178
2177 12.754188
2178 12.392010
2179 13.061680
2180 12.254045
2181 13.393132
2182 14.433766
2183 16.003342
2184 15.214079
2185 15.433498
2186 13.997166
2187 13.853034
2188 13.291713
2189 13.292457
2190 12.110413
2191 14.074979
2192 13.921239
2193 12.536227
2194 12.086279
2195 12.471268
2196 12.669881
2197 13.038291
2198 12.539833
2199 12.295636
2200 14.703287
2201 13.094970
2202 12.917404
2203 14.241520
2204 13.740470
2205 14.527054
2206 14.418893
2207 13.067754
2208 15.161171
2209 14.230344
2210 13.947145
2211 13.448933
2212 12.758225
2213 13.675447
2214 13.331185
2215 13.562521
2216 13.296982
2217 13.316645
2218 13.096843
2219 15.345733
2220 12.410906
2221 12.930681
2222 13.327198
2223 13.238556
2224 14.471649
2225 14.190669
2226 14.046024
2227 13.990782
2228 14.276659
2229 13.735961
2230 14.502760
2231 12.584268
2232 13.932485
2233 13.720218
2234 13.428490
2235 13.896305
2236 13.584040
2237 13.570892
2238 13.226439
2239 13.496241
2240 13.358102
2241 13.521379
2242 13.570844
2243 16.013462
2244 13.655701
2245 14.002609
2246 13.782125
2247 13.786829
2248 12.999039
2249 13.628769
2250 13.843792
2251 14.497112
2252 13.881520
2253 14.028181
2254 13.642084
2255 14.295462
2256 14.190560
2257 15.542282
2258 15.208462
2259 15.756227
2260 16.065567
2261 14.868377
2262 13.558957
2263 14.145089
2264 15.744146
2265 13.630467
2266 15.717809
2267 14.588453
2268 14.641235
2269 14.803142
2270 13.560830
2271 13.626109
2272 14.793658
2273 15.239574
2274 15.277662
2275 13.414804
2276 14.209201
2277 14.253336
2278 14.204864
2279 15.321063
2280 14.901562
2281 13.258071
2282 15.317733
2283 14.362123
2284 13.972712
2285 14.892012
2286 15.156296
2287 14.760221
2288 13.853667
2289 15.303421
2290 13.870573
2291 13.457686
2292 13.891447
2293 14.272090
2294 13.714043
2295 14.289871
2296 15.213761
2297 13.932215
2298 15.458800
2299 13.849874
2300 15.714173
2301 13.994435
2302 13.886992
2303 15.207403
2304 15.118656
2305 14.874924
2306 14.622189
2307 14.582322
2308 14.460658
2309 13.879516
2310 14.901346
2311 15.081587
2312 15.367585
2313 13.935556
2314 14.665780
2315 15.447377
2316 13.524446
2317 13.694300
2318 13.873693
2319 14.438955
2320 14.804828
2321 15.354660
2322 14.051691
2323 13.558196
2324 14.441125
2325 13.760590
2326 14.419492
2327 14.414854
2328 14.151162
2329 13.997214
2330 14.153110
2331 14.296947
2332 14.344180
2333 14.564320
2334 13.618410
2335 13.949713
2336 14.647967
2337 14.648481
2338 13.918297
2339 14.184221
2340 16.175825
2341 16.476349
2342 14.635237
2343 14.344693
2344 15.488062
2345 14.879134
2346 15.939998
2347 14.835923
2348 14.799630
2349 15.446272
2350 14.651126
2351 14.619621
2352 14.894786
2353 15.760745
2354 14.852251
2355 15.291849
2356 14.615942
2357 13.519444
2358 14.757759
2359 14.197909
2360 13.281341
2361 14.315675
2362 14.790078
2363 14.184293
2364 14.306620
2365 16.243158
2366 15.486230
2367 14.165599
2368 14.803237
2369 15.520471
2370 15.209387
2371 15.482148
2372 15.415946
2373 15.164445
2374 15.043975
2375 15.628694
2376 14.840045
2377 13.913587
2378 14.966378
2379 14.951083
2380 15.692996
2381 15.879022
2382 13.156600
2383 15.906807
2384 15.315172
2385 14.533954
2386 15.871392
2387 15.643435
2388 14.688910
2389 15.475611
2390 15.841581
2391 16.198881
2392 14.634373
2393 14.753748
2394 14.925431
2395 15.673346
2396 16.601620
2397 15.109024
2398 16.208605
2399 15.722267
2400 14.259584
2401 14.957760
2402 15.986906
2403 16.233187
2404 14.756927
2405 15.788605
2406 15.910329
2407 15.945954
2408 15.982607
2409 15.323792
2410 14.596623
2411 15.969552
2412 16.034246
2413 15.826829
2414 13.864383
2415 13.951672
2416 15.743717
2417 15.666107
2418 14.026952
2419 15.246033
2420 15.120666
2421 15.458373
2422 14.629648
2423 14.562039
2424 13.652938
2425 14.185141
2426 14.502738
2427 14.240397
2428 15.221088
2429 13.007209
2430 13.919662
2431 13.022042
2432 13.177550
2433 12.640527
2434 12.108371
2435 13.874734
2436 12.891029
2437 13.771163
2438 16.189518
2439 15.076782
2440 15.997566
2441 15.141349
2442 14.279763
2443 14.643541
2444 14.038055
2445 16.275732
2446 15.415943
2447 14.362029
2448 15.012269
2449 14.659802
2450 15.241188
2451 14.986691
2452 15.621615
2453 14.560404
2454 15.061130
2455 14.780560
2456 14.984294
2457 14.204494
2458 14.290326
2459 15.248601
2460 14.644675
2461 15.421885
2462 14.688708
2463 15.301093
2464 15.064453
2465 15.154531
2466 15.597285
2467 15.470430
2468 15.027986
2469 15.996764
2470 14.762136
2471 15.163819
2472 15.468411
2473 14.874229
2474 15.305095
2475 15.352293
2476 14.749404
2477 14.207745
2478 14.356362
2479 12.796205
2480 15.078206
2481 15.297546
2482 14.150127
2483 15.014064
2484 15.288616
2485 15.191110
2486 15.167749
2487 15.023908
2488 14.825630
2489 14.526347
2490 15.372870
2491 14.675744
2492 15.724930
2493 14.514713
2494 14.605102
2495 14.790718
2496 12.873379
2497 14.576617
2498 14.519850
2499 15.198567
2500 15.047172
2501 13.961268
2502 14.303640
2503 13.512359
2504 13.948254
2505 15.135616
2506 14.936456
2507 15.786424
2508 15.040542
2509 14.737124
2510 15.054186
2511 13.339631
2512 14.044618
2513 14.176311
2514 14.330013
2515 13.835629
2516 13.685311
2517 15.017477
2518 14.359233
2519 13.909921
2520 13.753716
2521 13.974511
2522 12.728241
2523 12.247046
2524 11.731086
2525 12.736488
2526 12.963155
2527 14.695092
2528 14.985811
2529 14.247250
2530 13.593919
2531 13.205586
2532 12.888468
2533 14.837940
2534 13.184603
2535 12.871605
2536 13.468218
2537 13.826071
2538 13.795798
2539 14.826249
2540 13.751760
2541 14.415876
2542 12.876279
2543 13.908580
2544 14.068370
2545 13.505517
2546 15.067280
2547 13.299032
2548 13.011911
2549 13.695403
2550 13.879173
2551 12.749939
2552 13.730003
2553 14.658423
2554 14.067317
2555 13.248898
2556 13.813986
2557 14.318872
2558 15.074921
2559 14.539845
2560 13.415656
2561 14.883840
2562 14.643452
2563 13.387595
2564 13.492332
2565 15.259715
2566 14.773561
2567 14.588387
2568 13.496648
2569 14.211945
2570 13.688208
2571 14.558994
2572 13.403892
2573 14.219385
2574 14.741163
2575 15.304472
2576 14.348764
2577 15.060831
2578 14.589690
2579 15.101297
2580 13.167424
2581 14.474958
2582 14.593735
2583 14.360969
2584 12.836374
2585 14.971110
2586 16.156036
2587 15.466937
2588 13.754158
2589 14.729737
2590 14.737066
2591 14.515275
2592 15.237221
2593 15.110692
2594 15.456813
2595 15.312508
2596 14.962370
2597 15.156892
2598 14.542813
2599 14.784101
2600 16.245453
2601 15.471992
2602 15.102440
2603 14.293847
2604 15.401281
2605 15.257429
2606 14.700185
2607 14.651281
2608 15.967223
2609 15.166085
2610 14.712317
2611 14.400679
2612 15.602075
2613 15.298177
2614 14.685299
2615 14.664872
2616 14.701772
2617 14.750123
2618 14.884778
2619 13.320292
2620 13.488326
2621 13.637519
2622 13.509916
2623 14.688181
2624 13.874182
2625 15.484395
2626 14.360369
2627 13.599959
2628 14.741595
2629 14.154848
2630 14.627666
2631 14.683817
2632 15.075697
2633 13.621166
2634 14.667374
2635 14.659779
2636 15.391460
2637 15.157418
2638 15.198151
2639 14.478377
2640 12.727703
2641 13.605079
2642 15.001296
2643 15.711301
2644 14.179255
2645 12.263590
2646 14.584082
2647 14.552941
2648 15.149817
2649 15.033926
2650 14.831247
2651 14.794479
2652 14.820303
2653 14.916238
2654 15.207641
2655 14.944230
2656 13.830798
2657 15.529441
2658 15.485963
2659 12.569361
2660 13.393733
2661 14.031298
2662 13.520817
2663 13.874071
2664 12.871572
2665 14.133920
2666 13.190623
2667 12.459720
2668 13.946259
2669 13.763998
2670 13.875946
2671 13.958060
2672 13.401396
2673 14.525188
2674 13.635899
2675 15.680856
2676 14.716459
2677 14.757491
2678 13.593475
2679 15.187329
2680 15.070292
2681 14.249734
2682 14.106604
2683 14.551142
2684 13.699727
2685 13.893117
2686 15.387672
2687 14.720961
2688 14.874051
2689 14.895381
2690 15.167239
2691 14.100535
2692 14.239554
2693 13.555286
2694 15.334680
2695 14.411290
2696 14.095482
2697 14.342471
2698 13.781344
2699 14.630548
2700 13.863308
2701 13.437221
2702 12.660213
2703 13.198934
2704 13.678514
2705 14.716722
2706 14.151343
2707 13.773568
2708 13.408792
2709 14.237897
2710 13.408781
2711 12.437309
2712 14.723825
2713 14.511694
2714 14.608044
2715 13.802932
2716 13.435925
2717 14.079011
2718 13.437251
2719 13.748286
2720 14.790908
2721 14.436519
2722 14.508847
2723 13.893872
2724 13.503104
2725 12.539781
2726 15.297617
2727 14.745315
2728 13.529142
2729 14.853130
2730 14.481650
2731 13.054749
2732 13.207517
2733 13.636781
2734 13.936615
2735 13.821179
2736 13.464402
2737 13.802950
2738 14.229556
2739 14.214116
2740 14.219939
2741 14.239366
2742 14.270897
2743 13.982174
2744 15.019746
2745 13.880522
2746 14.734636
2747 13.567483
2748 13.964471
2749 15.237673
2750 12.812510
2751 13.850972
2752 14.210676
2753 15.470326
2754 14.310265
2755 14.812545
2756 14.060171
2757 13.792330
2758 13.767507
2759 12.779225
2760 13.717940
2761 14.147312
2762 13.336421
2763 14.908451
2764 14.084621
2765 13.143017
2766 13.898536
2767 13.524052
2768 13.962296
2769 13.488376
2770 14.756271
2771 13.837229
2772 13.720796
2773 14.477341
2774 14.520671
2775 13.917684
2776 15.393847
2777 14.632743
2778 14.592869
2779 11.652442
2780 14.470389
2781 16.594736
2782 14.682020
2783 16.200970
2784 14.158906
2785 15.974262
2786 15.980038
2787 15.663707
2788 15.442506
2789 15.104903
2790 16.963421
2791 15.340167
2792 14.885386
2793 13.934169
2794 14.098642
2795 13.833052
2796 14.707200
2797 14.817999
2798 14.276669
2799 13.878289
2800 14.803436
2801 14.537996
2802 13.985799
2803 14.296101
2804 14.441489
2805 14.486317
2806 13.904781
2807 14.492751
2808 12.994971
2809 13.403413
2810 13.160993
2811 14.146303
2812 14.054555
2813 14.603024
2814 14.610689
2815 14.105697
2816 13.347602
2817 13.424438
2818 13.983811
2819 14.115932
2820 13.824045
2821 13.931358
2822 12.563384
2823 14.401745
2824 15.173856
2825 14.633398
2826 13.693948
2827 13.061621
2828 14.602729
2829 13.898788
2830 12.161761
2831 14.180673
2832 13.542366
2833 14.046459
2834 14.085102
2835 14.138762
2836 12.837263
2837 12.546312
2838 12.222456
2839 14.369221
2840 14.437557
2841 13.115800
2842 12.593176
2843 12.841207
2844 13.142483
2845 13.977914
2846 14.089153
2847 13.389227
2848 14.560572
2849 15.068745
2850 14.921828
2851 14.582720
2852 15.500185
2853 16.444214
2854 16.021156
2855 16.198536
2856 15.720994
2857 15.685812
2858 15.502325
2859 14.727124
2860 16.360592
2861 15.907619
2862 16.195759
2863 16.414145
2864 16.207109
2865 15.901134
2866 17.144846
2867 15.514829
2868 15.105797
2869 14.481151
2870 13.891400
2871 14.471341
2872 13.985890
2873 15.157658
2874 15.977789
2875 15.909211
2876 15.477390
2877 15.424639
2878 15.657169
2879 14.532491
2880 13.666243
2881 16.207672
2882 14.857574
2883 16.153431
2884 15.756643
2885 15.066766
2886 14.502502
2887 15.325449
2888 15.631016
2889 15.721011
2890 15.146729
2891 15.644648
2892 14.881120
2893 15.479296
2894 15.608594
2895 14.925504
2896 15.413742
2897 15.450593
2898 15.549938
2899 15.037931
2900 15.094866
2901 14.576106
2902 14.839006
2903 15.357428
2904 15.449393
2905 15.090674
2906 15.082191
2907 13.392344
2908 13.183907
2909 15.940714
2910 15.539082
2911 15.648925
2912 14.834250
2913 15.245304
2914 14.018346
2915 15.561381
2916 15.235453
2917 15.012624
2918 14.484882
2919 14.939700
2920 13.946459
2921 14.999299
2922 13.568201
2923 13.171107
2924 14.417979
2925 12.083269
2926 14.490560
2927 13.391700
2928 14.286629
2929 13.449839
2930 13.924699
2931 14.285797
2932 13.792108
2933 13.961170
2934 13.918660
2935 13.846745
2936 13.578193
2937 14.600232
2938 13.519456
2939 14.036164
2940 12.874259
2941 14.638705
2942 14.026782
2943 14.064872
2944 14.076665
2945 13.921632
2946 13.494780
2947 13.449443
2948 13.622899
2949 14.337539
2950 14.265937
2951 12.019416
2952 16.268824
2953 13.725929
2954 15.140481
2955 13.107898
2956 14.620569
2957 14.030985
2958 14.661125
2959 13.482029
2960 15.490111
2961 14.502376
2962 15.294454
2963 16.159365
2964 14.329880
2965 15.238400
2966 15.033212
2967 14.306603
2968 15.364873
2969 15.489773
2970 15.778800
2971 15.007211
2972 15.054472
2973 14.624123
2974 14.437733
2975 14.784199
2976 15.020364
2977 15.288926
2978 14.647696
2979 14.232430
2980 14.507152
2981 14.597687
2982 14.913990
2983 16.470900
2984 15.331162
2985 14.356807
2986 15.352944
2987 15.442080
2988 14.692545
2989 14.513284
2990 14.879120
2991 14.375823
2992 15.427732
2993 14.894259
2994 14.859089
2995 15.013907
2996 15.042629
2997 15.327742
2998 15.648799
2999 14.704867
3000 14.945478
3001 15.587694
3002 15.470160
3003 15.345320
3004 15.202675
3005 13.951866
3006 15.517799
3007 15.156631
3008 15.160335
3009 14.949989
3010 14.196466
3011 15.124767
3012 13.649860
3013 16.204611
3014 13.731808
3015 15.139239
3016 14.343088
3017 15.334086
3018 14.423849
3019 13.962507
3020 14.673435
3021 15.394991
3022 15.103065
3023 16.142546
3024 13.251072
3025 13.669547
3026 13.684576
3027 13.361053
3028 13.443146
3029 14.793876
3030 13.814709
3031 13.642059
3032 13.353186
3033 14.416085
3034 15.525540
3035 12.444672
3036 15.100218
3037 14.384902
3038 14.838675
3039 15.818563
3040 16.062435
3041 15.136397
3042 15.340307
3043 15.707252
3044 16.158401
3045 15.516473
3046 13.799541
3047 14.873844
3048 15.939387
3049 15.408311
3050 15.294216
3051 15.104981
3052 15.162524
3053 14.953425
3054 15.618734
3055 15.965699
3056 15.641979
3057 13.903814
3058 16.267210
3059 12.252711
3060 14.818215
3061 15.399958
3062 13.967153
3063 14.714204
3064 13.905397
3065 14.236499
3066 13.079423
3067 13.153892
3068 14.000463
3069 13.309625
3070 14.310614
3071 14.118148
3072 15.277650
3073 13.835283
3074 13.695432
3075 14.984543
3076 16.030914
3077 15.230065
3078 14.331790
3079 15.372621
3080 14.825310
3081 15.662560
3082 14.105000
3083 14.327951
3084 14.475002
3085 14.744836
3086 13.422094
3087 13.698311
3088 12.374770
3089 13.742549
3090 13.450335
3091 13.537554
3092 14.299948
3093 13.862661
3094 13.831117
3095 13.595812
3096 13.275554
3097 14.081942
3098 13.366094
3099 13.407057
3100 13.670445
3101 14.509218
3102 13.682041
3103 13.509314
3104 14.259185
3105 15.583093
3106 13.965175
3107 14.154925
3108 14.621454
3109 13.436213
3110 14.729624
3111 13.378588
3112 12.424601
3113 13.482097
3114 13.886155
3115 14.413946
3116 14.392265
3117 14.634057
3118 13.995135
3119 15.847011
3120 14.899920
3121 14.136873
3122 14.659474
3123 14.671540
3124 14.347436
3125 14.260561
3126 14.141846
3127 14.890469
3128 14.989524
3129 14.386989
3130 15.785898
3131 15.118741
3132 14.180292
3133 14.000416
3134 15.237197
3135 13.868505
3136 14.316204
3137 13.200563
3138 11.957763
3139 14.357455
3140 15.008552
3141 15.084480
3142 15.218349
3143 12.102806
3144 14.384247
3145 15.178346
3146 14.839480
3147 14.628458
3148 13.789057
3149 13.465294
3150 13.107322
3151 13.668814
3152 13.751892
3153 14.786570
3154 14.143798
3155 14.594714
3156 13.526839
3157 14.584122
3158 14.308443
3159 14.061544
3160 14.009443
3161 13.492713
3162 14.666196
3163 15.647473
3164 14.444711
3165 14.967837
3166 15.285857
3167 14.931917
3168 14.293319
3169 14.627364
3170 15.023432
3171 14.084183
3172 14.326970
3173 13.618058
3174 13.002223
3175 14.042951
3176 13.039481
3177 14.812616
3178 14.584678
3179 13.668692
3180 13.698420
3181 14.507546
3182 13.662610
3183 14.389777
3184 14.358531
3185 13.986243
3186 14.231319
3187 14.005527
3188 13.633230
3189 14.158573
3190 14.209920
3191 12.064748
3192 13.287153
3193 14.831081
3194 14.306105
3195 15.399250
3196 15.470586
3197 13.140994
3198 13.774710
3199 14.103956
3200 13.342150
3201 14.175521
3202 13.321374
3203 14.164583
3204 12.522442
3205 14.257380
3206 13.049415
3207 13.692380
3208 12.998116
3209 12.745770
3210 13.653020
3211 13.019548
3212 13.239807
3213 13.508000
3214 13.021597
3215 12.476212
3216 12.442618
3217 12.644026
3218 13.769492
3219 14.251408
3220 12.440375
3221 13.633898
3222 14.915169
3223 12.745090
3224 13.231665
3225 13.396079
3226 14.522352
3227 13.571239
3228 14.184702
3229 12.683361
3230 14.641111
3231 13.097108
3232 14.098599
3233 13.983881
3234 13.398453
3235 13.151591
3236 14.328341
3237 14.334872
3238 14.456273
3239 15.799223
3240 14.477365
3241 14.782384
3242 14.721280
3243 15.195819
3244 13.462854
3245 15.048501
3246 15.475187
3247 14.225339
3248 12.951768
3249 15.165716
3250 14.857472
3251 12.782238
3252 12.738731
3253 11.368733
3254 11.426500
3255 11.217780
3256 11.756158
3257 10.588528
3258 11.103865
3259 11.579928
3260 10.845057
3261 11.307531
3262 13.073483
3263 14.513477
3264 12.822099
3265 13.938917
3266 14.895507
3267 14.224869
3268 12.787111
3269 12.542964
3270 14.334971
3271 13.243789
3272 13.681493
3273 12.254820
3274 12.689701
3275 13.824405
3276 13.761781
3277 14.004926
3278 13.272321
3279 13.675982
3280 11.583460
3281 15.091406
3282 14.709792
3283 13.960838
3284 14.040421
3285 12.630813
3286 12.433846
3287 15.190290
3288 15.649411
3289 14.819583
3290 14.408537
3291 14.676004
3292 14.238098
3293 14.089122
3294 13.651416
3295 13.805700
3296 14.439707
3297 13.789336
3298 13.657205
3299 14.544037
3300 13.682437
3301 14.857702
3302 12.804177
3303 13.462251
3304 11.955354
3305 14.186758
3306 14.858227
3307 13.947504
3308 14.941388
3309 13.439004
3310 15.275666
3311 13.972938
3312 13.689136
3313 13.429779
3314 14.068710
3315 14.730245
3316 15.252127
3317 14.625488
3318 14.827911
3319 15.374125
3320 15.073666
3321 15.388497
3322 15.116846
3323 13.205048
3324 15.684599
3325 15.194465
3326 16.523699
3327 15.515946
3328 15.268469
3329 14.448874
3330 14.473732
3331 15.885219
3332 14.205421
3333 15.341857
3334 14.869721
3335 17.499401
3336 16.440016
3337 16.318729
3338 15.816051
3339 15.307756
3340 15.831760
3341 15.505388
3342 16.003616
3343 14.754562
3344 14.342599
3345 14.864256
3346 13.950957
3347 13.738896
3348 14.040677
3349 14.450370
3350 12.398296
3351 14.261352
3352 13.908117
3353 13.831809
3354 14.068791
3355 14.840287
3356 15.205425
3357 16.157282
3358 16.291035
3359 15.895801
3360 14.394684
3361 15.033114
3362 14.672235
3363 14.484905
3364 13.811511
3365 14.161275
3366 13.114504
3367 13.322092
3368 14.246632
3369 13.479928
3370 13.303117
3371 13.477245
3372 14.334760
3373 13.261663
3374 13.895569
3375 15.231677
3376 13.910365
3377 14.253154
3378 14.270942
3379 14.527330
3380 14.474025
3381 14.717027
3382 14.351232
3383 13.638547
3384 13.430899
3385 14.343678
3386 14.871512
3387 14.683133
3388 14.749975
3389 14.683899
3390 14.186067
3391 14.044406
3392 13.731240
3393 14.401193
3394 14.420753
3395 13.525162
3396 14.089242
3397 13.994092
3398 14.326804
3399 15.105776
3400 15.332024
3401 15.185154
3402 14.166001
3403 14.476024
3404 15.461964
3405 15.361896
3406 14.701909
3407 14.123458
3408 14.728877
3409 15.321308
3410 14.671718
3411 13.382306
3412 14.563895
3413 13.020814
3414 12.640864
3415 12.306021
3416 12.975096
3417 13.044025
3418 14.243528
3419 14.903578
3420 13.897429
3421 13.240606
3422 13.971092
3423 12.637726
3424 13.067225
3425 14.232850
3426 14.361845
3427 13.686213
3428 14.648159
3429 14.307094
3430 12.674641
3431 13.863354
3432 13.227057
3433 14.434598
3434 14.446913
3435 14.029549
3436 14.283312
3437 14.620895
3438 14.167304
3439 13.641250
3440 13.284131
3441 15.762489
3442 13.879224
3443 14.477928
3444 14.272189
3445 14.957895
3446 12.810250
3447 13.906441
3448 14.656596
3449 13.718389
3450 13.860682
3451 14.714308
3452 13.495216
3453 14.615392
3454 14.746421
3455 13.063617
3456 13.803933
3457 14.546636
3458 14.696017
3459 13.833323
3460 14.635422
3461 15.801218
3462 14.623071
3463 13.306815
3464 15.167203
3465 15.101429
3466 14.703733
3467 14.811325
3468 14.910723
3469 14.515361
3470 14.847067
3471 14.099277
3472 14.716283
3473 14.180899
3474 15.699932
3475 14.972286
3476 14.629484
3477 15.104733
3478 14.349431
3479 14.017261
3480 13.818441
3481 15.042903
3482 14.322562
3483 14.604905
3484 14.389149
3485 14.577270
3486 14.775090
3487 14.937096
3488 13.798703
3489 14.912601
3490 14.798637
3491 14.465255
3492 12.797476
3493 12.502601
3494 13.183635
3495 12.359477
3496 12.382107
3497 13.007528
3498 14.408986
3499 15.072493
3500 14.214389
3501 13.928953
3502 14.705019
3503 14.142426
3504 14.944634
3505 14.769684
3506 14.566724
3507 15.326275
3508 15.140163
3509 13.826490
3510 13.731580
3511 14.651517
3512 13.976871
3513 14.063317
3514 14.475448
3515 14.373412
3516 13.593600
3517 13.974325
3518 13.046156
3519 14.715775
3520 13.574819
3521 14.904221
3522 13.514873
3523 14.708053
3524 14.798265
3525 12.284994
3526 14.242985
3527 13.475684
3528 12.895683
3529 13.189731
3530 13.522799
3531 13.640038
3532 12.813938
3533 14.091397
3534 14.159341
3535 13.769977
3536 13.537561
3537 12.845929
3538 15.136109
3539 13.590415
3540 14.712797
3541 14.602170
3542 15.043952
3543 13.739910
3544 13.901687
3545 15.067080
3546 13.556102
3547 13.877873
3548 14.343082
3549 14.596742
3550 14.904956
3551 13.760611
3552 14.395264
3553 14.238954
3554 13.770105
3555 14.325435
3556 14.338111
3557 15.125015
3558 13.695124
3559 14.565030
3560 14.188595
3561 13.667075
3562 14.375569
3563 14.431786
3564 13.538924
3565 14.788691
3566 14.672103
3567 13.398032
3568 15.172591
3569 14.653041
3570 14.274905
3571 13.169952
3572 13.980965
3573 13.656267
3574 13.993633
3575 14.803919
3576 14.839880
3577 14.787210
3578 15.135012
3579 14.060957
3580 14.056308
3581 14.120972
3582 13.677201
3583 15.649165
3584 15.252309
3585 15.690841
3586 15.223286
3587 14.292621
3588 14.079216
3589 15.126932
3590 14.710109
3591 14.445921
3592 14.570261
3593 14.324548
3594 13.873335
3595 14.481068
3596 13.952412
3597 15.133770
3598 14.134731
3599 13.207112
3600 14.184255
3601 13.292277
3602 14.168427
3603 14.451265
3604 14.418478
3605 14.910620
3606 13.927052
3607 14.488646
3608 15.216537
3609 14.460409
3610 14.000494
3611 13.870939
3612 13.960186
3613 13.911107
3614 14.263333
3615 15.076740
3616 14.919713
3617 14.001266
3618 14.876942
3619 14.083481
3620 12.930302
3621 13.428996
3622 13.754567
3623 14.085617
3624 13.940036
3625 14.509413
3626 13.104633
3627 13.174747
3628 13.061445
3629 14.412749
3630 13.784592
3631 14.736411
3632 15.157081
3633 14.824066
3634 15.415275
3635 15.071552
3636 14.340646
3637 13.804976
3638 14.366166
3639 13.580681
3640 13.397913
3641 14.052852
3642 11.784046
3643 12.041594
3644 11.902060
3645 14.279388
3646 11.767423
3647 11.578468
3648 12.146328
3649 12.786577
3650 12.701799
3651 12.634849
3652 12.258928
3653 12.220609
3654 12.335400
3655 12.087891
3656 12.746236
3657 11.515163
3658 12.069357
3659 11.824851
3660 12.224252
3661 12.240168
3662 12.134851
3663 11.592264
3664 12.603781
3665 12.429338
3666 13.462726
3667 12.584126
3668 11.707067
3669 12.067827
3670 11.364197
3671 11.655252
3672 12.091325
3673 14.944510
3674 13.769491
3675 13.774880
3676 14.289280
3677 14.124515
3678 15.136437
3679 14.757386
3680 14.524275
3681 14.508722
3682 14.588040
3683 15.396372
3684 14.062478
3685 15.348233
3686 14.507091
3687 13.889347
3688 14.612883
3689 15.112465
3690 15.274510
3691 14.291904
3692 14.749128
3693 13.466615
3694 13.934637
3695 14.142776
3696 14.448153
3697 15.003558
3698 15.977854
3699 14.856449
3700 15.696712
3701 14.771709
3702 14.523890
3703 14.138297
3704 13.782257
3705 14.850043
3706 13.723023
3707 14.619451
3708 14.750037
3709 14.581867
3710 14.280890
3711 14.455719
3712 14.168602
3713 14.218588
3714 13.966869
3715 13.631764
3716 13.768839
3717 11.660216
3718 14.067682
3719 14.345390
3720 14.186378
3721 13.331229
3722 14.361025
3723 14.532101
3724 14.403202
3725 14.464653
3726 13.822776
3727 13.459979
3728 13.576670
3729 15.857090
3730 13.734589
3731 13.639605
3732 13.853933
3733 14.727259
3734 13.873854
3735 14.366032
3736 13.750353
3737 14.061276
3738 13.728165
3739 14.318106
3740 14.065753
3741 14.651585
3742 13.947945
3743 13.988127
3744 13.524842
3745 14.067261
3746 13.991690
3747 13.457822
3748 13.405050
3749 14.620355
3750 13.414541
3751 13.922652
3752 14.443049
3753 14.996365
3754 13.122944
3755 14.145907
3756 14.954185
3757 14.427439
3758 14.348501
3759 13.659114
3760 14.449881
3761 15.018665
3762 14.840301
3763 14.791663
3764 14.243967
3765 15.699739
3766 13.810819
3767 13.654960
3768 13.992819
3769 14.862698
3770 14.114508
3771 12.646505
3772 12.789040
3773 14.418649
3774 12.883427
3775 13.632556
3776 13.934030
3777 14.188907
3778 13.729725
3779 14.860169
3780 14.751752
3781 14.480131
3782 13.850363
3783 14.017960
3784 14.949045
3785 13.939965
3786 13.304285
3787 14.302972
3788 13.875407
3789 13.601600
3790 14.600210
3791 13.815660
3792 14.823419
3793 15.828105
3794 13.897549
3795 13.104336
3796 14.465631
3797 15.390949
3798 15.733797
3799 14.769624
3800 14.136006
3801 14.711662
3802 13.570364
3803 13.168981
3804 13.481339
3805 11.718472
3806 13.563513
3807 13.763176
3808 13.898957
3809 14.088945
3810 14.861642
3811 14.781948
3812 14.088266
3813 15.198094
3814 14.395265
3815 14.670680
3816 16.085178
3817 14.841594
3818 14.300352
3819 14.324592
3820 14.833398
3821 15.059898
3822 14.474373
3823 15.635788
3824 14.230704
3825 14.249285
3826 14.453020
3827 15.188486
3828 14.823798
3829 13.837543
3830 14.870460
3831 15.040936
3832 14.791493
3833 14.334227
3834 12.682809
3835 13.930757
3836 13.914705
3837 14.069325
3838 13.683365
3839 14.021143
3840 15.896907
3841 14.332266
3842 14.586856
3843 14.667293
3844 15.351310
3845 15.089828
3846 16.074593
3847 15.990767
3848 13.687779
3849 14.312674
3850 15.342793
3851 15.165967
3852 15.559246
3853 14.981860
3854 16.327868
3855 14.965683
3856 15.859902
3857 15.216426
3858 15.374701
3859 14.255658
3860 14.558551
3861 12.440453
3862 15.216888
3863 14.789340
3864 15.269206
3865 15.228992
3866 14.704821
3867 15.370033
3868 15.748731
3869 15.736278
3870 15.151127
3871 14.986691
3872 15.555650
3873 15.289232
3874 15.610233
3875 16.120897
3876 15.045460
3877 15.220741
3878 15.031295
3879 15.452459
3880 15.222307
3881 15.461959
3882 14.842020
3883 14.806605
3884 14.572447
3885 13.863291
3886 15.165369
3887 13.864320
3888 14.442356
3889 13.322372
3890 14.367069
3891 13.799517
3892 14.158816
3893 14.826233
3894 14.391733
3895 14.183476
3896 14.750936
3897 15.031502
3898 15.014075
3899 13.925163
3900 14.540957
3901 14.540518
3902 13.736107
3903 14.223029
3904 14.922566
3905 14.288511
3906 15.319957
3907 14.383383
3908 13.459324
3909 14.249505
3910 14.056964
3911 13.339993
3912 14.192819
3913 13.258229
3914 14.114737
3915 13.881059
3916 14.860799
3917 13.949663
3918 13.492624
3919 14.960235
3920 14.993722
3921 13.796615
3922 15.031118
3923 14.196119
3924 13.707132
3925 14.500772
3926 15.066004
3927 13.651969
3928 14.434356
3929 13.961995
3930 14.949305
3931 15.663146
3932 14.685034
3933 14.368610
3934 15.034618
3935 14.711938
3936 15.681048
3937 14.782431
3938 14.122940
3939 14.784090
3940 14.489053
3941 13.994963
3942 14.214471
3943 13.580478
3944 13.740950
3945 14.402323
3946 14.595860
3947 14.429360
3948 15.855755
3949 15.306643
3950 14.269648
3951 14.701394
3952 14.075135
3953 13.585417
3954 14.712308
3955 14.671476
3956 14.628104
3957 12.906513
3958 13.812595
3959 14.133750
3960 13.611898
3961 13.655347
3962 13.064050
3963 14.628211
3964 13.406853
3965 13.518502
3966 14.025229
3967 13.634001
3968 13.983376
3969 13.959865
3970 13.881261
3971 14.100941
3972 13.910541
3973 13.345510
3974 13.479531
3975 14.093699
3976 13.771363
3977 14.388086
3978 15.009346
3979 15.014388
3980 14.190692
3981 14.091931
3982 14.579618
3983 15.465205
3984 14.141502
3985 15.019303
3986 15.310566
3987 14.203554
3988 14.296283
3989 13.800890
3990 14.822381
3991 15.648058
3992 14.783107
3993 14.540767
3994 14.144946
3995 13.932329
3996 13.758104
3997 15.548358
3998 14.515859
3999 14.389278
4000 14.430950
4001 14.032125
4002 13.813058
4003 14.676962
4004 14.340161
4005 14.690508
4006 14.366565
4007 15.079584
4008 15.571926
4009 13.709220
4010 14.513625
4011 16.017765
4012 16.517004
4013 15.737411
4014 15.042956
4015 13.663609
4016 15.526589
4017 13.644462
4018 15.172775
4019 13.833817
4020 14.931809
4021 14.731973
4022 15.448694
4023 14.742951
4024 13.294623
4025 14.790676
4026 13.798544
4027 14.867352
4028 14.863318
4029 14.835559
4030 11.965090
4031 12.035593
4032 12.275592
4033 12.291512
4034 12.965819
4035 13.471057
4036 14.822959
4037 14.951903
4038 14.297904
4039 14.050941
4040 14.356424
4041 14.117655
4042 14.917654
4043 14.200650
4044 15.023371
4045 13.914827
4046 13.669608
4047 14.270212
4048 14.166332
4049 14.051546
4050 14.383781
4051 14.092072
4052 13.719440
4053 14.404576
4054 15.373676
4055 14.978107
4056 14.072985
4057 13.978421
4058 15.487716
4059 13.871969
4060 14.099885
4061 14.539190
4062 14.414892
4063 14.445606
4064 14.345697
4065 13.813127
4066 14.594760
4067 14.705677
4068 14.132100
4069 13.813478
4070 13.466332
4071 13.916515
4072 15.769252
4073 14.092218
4074 14.645499
4075 13.929240
4076 13.671981
4077 14.611372
4078 14.628945
4079 13.532555
4080 13.589840
4081 13.412014
4082 14.317051
4083 14.262607
4084 14.340060
4085 12.633195
4086 13.943666
4087 14.814387
4088 13.483481
4089 14.111904
4090 14.597292
4091 13.656687
4092 14.203747
4093 14.196975
4094 14.116810
4095 13.565555
4096 13.406286
4097 13.099928
4098 15.225788
4099 15.032184
4100 13.568103
4101 14.176929
4102 13.867004
4103 14.667835
4104 13.999505
4105 14.335670
4106 14.177125
4107 14.380888
4108 14.148458
4109 14.927173
4110 13.579760
4111 13.870208
4112 14.086682
4113 13.839788
4114 14.090785
4115 14.422688
4116 13.913020
4117 13.978090
4118 14.844397
4119 14.220428
4120 14.253864
4121 14.672965
4122 13.730210
4123 14.462787
4124 13.560575
4125 12.902612
4126 15.279169
4127 15.329556
4128 16.185163
4129 14.602274
4130 15.603365
4131 16.201490
4132 16.089014
4133 15.942739
4134 15.926257
4135 15.854973
4136 16.185272
4137 16.429323
4138 16.718410
4139 15.967683
4140 16.383202
4141 16.105633
4142 15.109559
4143 14.783466
4144 14.888243
4145 14.722051
4146 15.593135
4147 15.449367
4148 16.828491
4149 15.548151
4150 15.720893
4151 15.530298
4152 14.371504
4153 14.916821
4154 13.738722
4155 12.321437
4156 16.205349
4157 12.589464
4158 12.389233
4159 14.790730
4160 15.131768
4161 14.327570
4162 15.029857
4163 14.842337
4164 14.728031
4165 14.873298
4166 14.103580
4167 14.110028
4168 13.623338
4169 14.416075
4170 13.392699
4171 13.759339
4172 13.865288
4173 13.890939
4174 15.527131
4175 14.320619
4176 15.031478
4177 14.757926
4178 14.414665
4179 16.035666
4180 15.108307
4181 15.067750
4182 15.502029
4183 15.219357
4184 14.530981
4185 15.207137
4186 13.956285
4187 15.369487
4188 13.853945
4189 14.259352
4190 14.299701
4191 14.143979
4192 13.851300
4193 14.162380
4194 15.554271
4195 14.086238
4196 14.882689
4197 14.211084
4198 13.601905
4199 14.364570
4200 14.040690
4201 14.092271
4202 13.862434
4203 15.401575
4204 14.981787
4205 14.553181
4206 14.109091
4207 14.327459
4208 14.621027
4209 14.215392
4210 15.528572
4211 14.567780
4212 16.602907
4213 15.912379
4214 14.884587
4215 14.364864
4216 14.650917
4217 14.906708
4218 14.724506
4219 14.760468
4220 15.799130
4221 15.204043
4222 15.411856
4223 14.983381
4224 15.412062
4225 14.970468
4226 14.603655
4227 13.439215
4228 13.861905
4229 13.038539
4230 12.752427
4231 14.457654
4232 14.448874
4233 14.115317
4234 14.849521
4235 14.855723
4236 13.973672
4237 14.671808
4238 13.828782
4239 13.775779
4240 14.810083
4241 14.423791
4242 14.942333
4243 15.377239
4244 14.429990
4245 13.979234
4246 15.352763
4247 14.166357
4248 14.084930
4249 13.708381
4250 12.374331
4251 13.313229
4252 16.379103
4253 13.831291
4254 15.526717
4255 13.096814
4256 14.665570
4257 14.284084
4258 14.761385
4259 14.156067
4260 14.088927
4261 14.648204
4262 14.590181
4263 15.521452
4264 15.691153
4265 16.038568
4266 15.482661
4267 15.276468
4268 15.291612
4269 15.381643
4270 14.782232
4271 15.883453
4272 16.217329
4273 16.036152
4274 14.897689
4275 15.177910
4276 16.135658
4277 14.943444
4278 15.363347
4279 15.327443
4280 15.343146
4281 13.842547
4282 14.639310
4283 14.360162
4284 15.255472
4285 15.429306
4286 15.677402
4287 14.951776
4288 15.531512
4289 15.028540
4290 14.561860
4291 16.239788
4292 14.590355
4293 15.034141
4294 15.526221
4295 15.584946
4296 15.149918
4297 16.061127
4298 15.671252
4299 14.226082
4300 14.850472
4301 15.688780
4302 13.576848
4303 15.363324
4304 15.820877
4305 14.280680
4306 14.489513
4307 13.380984
4308 14.235920
4309 13.504286
4310 14.038005
4311 16.407242
4312 14.288227
4313 14.220472
4314 15.440421
4315 13.589809
4316 15.328800
4317 14.167953
4318 14.219398
4319 15.173716
4320 14.358167
4321 15.101038
4322 15.513512
4323 15.276702
4324 14.801494
4325 14.967653
4326 15.169952
4327 15.765980
4328 14.888869
4329 12.822084
4330 15.287688
4331 14.598961
4332 14.630534
4333 15.360886
4334 15.128208
4335 14.025071
4336 14.261797
4337 16.226242
4338 15.359771
4339 14.116786
4340 14.049926
4341 15.212973
4342 14.707117
4343 14.551604
4344 14.109732
4345 14.769855
4346 14.278883
4347 14.001448
4348 14.704171
4349 13.998620
4350 14.209016
4351 13.366201
4352 15.241661
4353 14.489946
4354 14.852209
4355 14.677633
4356 14.871777
4357 14.436933
4358 15.576454
4359 15.404085
4360 15.888050
4361 15.631746
4362 14.305001
4363 15.184237
4364 14.852076
4365 15.254875
4366 14.777081
4367 14.636133
4368 14.791580
4369 14.714701
4370 14.498901
4371 15.228952
4372 14.574404
4373 14.092882
4374 13.787406
4375 14.429726
4376 14.483640
4377 14.325366
4378 15.488391
4379 14.566105
4380 14.712364
4381 15.125431
4382 14.528139
4383 14.934593
4384 16.161570
4385 15.773783
4386 14.365192
4387 14.822159
4388 15.410517
4389 15.997505
4390 14.471261
4391 14.755961
4392 15.446254
4393 14.418077
4394 15.872460
4395 12.824855
4396 12.706439
4397 11.579348
4398 14.853988
4399 15.210105
4400 15.324197
4401 14.471021
4402 16.088491
4403 15.735925
4404 14.942304
4405 15.458274
4406 15.002108
4407 14.265632
4408 15.162040
4409 14.934556
4410 15.169025
4411 14.248554
4412 14.765722
4413 15.233060
4414 14.752111
4415 14.667369
4416 15.221739
4417 14.663166
4418 14.410932
4419 14.358983
4420 14.552203
4421 14.384303
4422 15.159431
4423 13.378210
4424 15.493423
4425 14.256201
4426 15.085449
4427 14.604646
4428 14.972519
4429 15.416415
4430 14.433634
4431 15.644015
4432 12.673855
4433 13.671331
4434 13.588367
4435 13.548708
4436 12.493090
4437 14.146251
4438 12.134674
4439 12.269330
4440 13.057170
4441 12.215088
4442 12.658083
4443 12.351588
4444 15.333261
4445 14.410514
4446 14.314207
4447 15.985663
4448 15.301456
4449 15.568003
4450 16.327520
4451 16.670568
4452 15.259066
4453 15.507231
4454 15.074762
4455 15.770774
4456 15.388691
4457 14.521886
4458 15.436883
4459 15.981416
4460 16.301020
4461 14.470203
4462 12.041158
4463 14.030076
4464 12.180080
4465 12.910712
4466 12.473355
4467 13.186438
4468 12.949720
4469 14.781589
4470 14.903226
4471 13.208185
4472 14.147744
4473 14.457008
4474 15.226521
4475 15.156299
4476 14.383589
4477 13.527328
4478 15.477732
4479 14.630919
4480 13.229474
4481 14.963103
4482 14.840762
4483 12.661837
4484 13.719018
4485 13.222354
4486 14.266694
4487 14.700241
4488 14.337524
4489 13.174873
4490 14.325718
4491 13.555096
4492 14.539555
4493 14.737742
4494 14.446130
4495 15.838741
4496 14.488787
4497 14.901413
4498 14.281779
4499 14.422615
4500 14.382675
4501 14.340251
4502 14.250383
4503 15.725455
4504 13.646151
4505 13.042806
4506 14.311750
4507 13.817139
4508 13.588885
4509 12.501161
4510 13.567411
4511 14.102253
4512 15.649361
4513 15.340814
4514 13.947189
4515 13.562744
4516 14.203451
4517 14.186152
4518 14.522572
4519 14.247169
4520 14.310371
4521 15.730795
4522 15.025487
4523 15.076388
4524 14.114906
4525 15.554195
4526 15.016160
4527 14.024587
4528 14.078382
4529 15.071026
4530 14.236478
4531 14.519072
4532 14.595482
4533 13.085798
4534 14.894970
4535 14.294898
4536 14.089167
4537 13.198109
4538 14.590260
4539 13.372663
4540 14.101757
4541 14.334801
4542 10.499283
4543 13.859556
4544 14.849668
4545 15.058290
4546 15.710144
4547 14.799304
4548 14.284890
4549 13.916670
4550 13.103592
4551 13.046951
4552 13.405743
4553 14.953571
4554 14.117657
4555 14.875843
4556 14.046843
4557 14.622242
4558 15.074220
4559 13.922185
4560 14.841216
4561 13.739136
4562 14.718113
4563 14.409043
4564 13.623454
4565 13.631053
4566 13.134698
4567 14.651347
4568 14.845097
4569 14.172753
4570 14.057060
4571 14.388584
4572 14.349287
4573 13.883115
4574 14.697692
4575 14.472658
4576 13.546399
4577 13.540241
4578 15.952007
4579 14.653862
4580 14.586589
4581 14.850889
4582 15.365319
4583 13.945243
4584 14.041114
4585 13.468621
4586 13.572854
4587 13.916913
4588 13.429228
4589 12.872582
4590 13.067876
4591 14.015970
4592 14.379919
4593 14.018579
4594 15.280191
4595 14.284429
4596 14.659328
4597 14.456006
4598 11.907047
4599 13.728322
4600 13.612957
4601 14.905131
4602 15.180047
4603 14.463841
4604 15.410182
4605 14.852324
4606 13.926967
4607 13.016484
4608 12.380250
4609 14.301370
4610 14.989426
4611 15.174680
4612 13.274416
4613 13.799603
4614 13.450953
4615 14.414415
4616 13.972653
4617 14.577261
4618 14.939735
4619 15.147536
4620 14.673330
4621 14.810887
4622 16.319696
4623 15.070332
4624 14.985427
4625 14.101313
4626 14.280003
4627 14.810391
4628 14.442943
4629 15.409883
4630 15.155234
4631 14.729467
4632 13.330650
4633 13.971178
4634 14.415449
4635 13.116784
4636 14.206882
4637 14.821359
4638 12.897950
4639 13.512694
4640 14.879748
4641 13.275105
4642 13.223475
4643 14.096561
4644 14.449932
4645 14.228691
4646 14.848317
4647 14.841815
4648 15.562427
4649 14.215834
4650 15.455488
4651 14.864783
4652 14.158597
4653 14.376143
4654 14.124106
4655 14.685704
4656 15.227757
4657 14.580132
4658 14.169455
4659 14.505110
4660 14.679295
4661 13.472840
4662 14.102561
4663 13.510359
4664 15.411926
4665 14.980285
4666 15.266165
4667 15.167284
4668 14.144638
4669 14.124385
4670 14.858631
4671 14.936710
4672 14.233443
4673 14.321353
4674 14.888367
4675 14.067911
4676 14.600314
4677 14.877789
4678 14.655446
4679 14.307796
4680 14.139347
4681 14.384000
4682 14.385648
4683 13.918668
4684 15.588081
4685 14.109022
4686 15.161100
4687 14.092530
4688 13.588531
4689 13.520891
4690 14.327127
4691 14.948209
4692 14.117401
4693 14.400476
4694 13.384566
4695 12.517553
4696 13.606539
4697 13.240525
4698 14.296473
4699 14.799560
4700 14.384335
4701 15.181580
4702 14.018752
4703 14.282985
4704 12.741167
4705 14.553616
4706 14.614536
4707 15.013931
4708 14.712843
4709 13.805873
4710 14.839842
4711 14.227334
4712 13.649459
4713 14.758275
4714 15.040418
4715 14.700983
4716 14.900492
4717 14.655514
4718 14.891635
4719 14.476058
4720 13.279137
4721 14.905801
4722 14.878045
4723 14.023241
4724 13.941583
4725 14.948413
4726 14.947739
4727 15.083295
4728 14.627266
4729 14.607700
4730 15.033430
4731 14.882434
4732 14.548597
4733 15.559357
4734 12.003228
4735 13.870516
4736 16.092905
4737 15.175278
4738 14.671225
4739 14.566249
4740 15.359144
4741 15.142426
4742 14.690522
4743 14.682713
4744 14.372268
4745 14.455469
4746 15.024114
4747 15.266142
4748 15.894183
4749 14.837629
4750 14.025620
4751 14.810369
4752 14.789654
4753 13.342038
4754 15.749432
4755 14.130370
4756 14.807702
4757 16.294521
4758 14.901060
4759 14.596719
4760 15.162589
4761 15.269453
4762 14.194681
4763 14.700620
4764 13.918312
4765 15.432685
4766 14.528457
4767 15.617306
4768 14.889305
4769 14.830503
4770 15.104253
4771 14.228380
4772 14.064811
4773 15.033819
4774 14.785971
4775 15.201111
4776 14.251421
4777 15.238311
4778 13.442273
4779 14.412038
4780 14.504598
4781 14.941492
4782 13.460061
4783 13.144621
4784 13.620113
4785 13.151812
4786 12.940642
4787 12.899008
4788 14.470054
4789 15.562550
4790 14.184321
4791 13.822918
4792 14.711050
4793 14.448476
4794 14.635278
4795 14.403515
4796 14.952343
4797 13.730737
4798 15.612912
4799 14.512542
4800 13.573451
4801 13.564310
4802 14.864658
4803 13.901515
4804 14.382330
4805 14.646099
4806 14.157469
4807 14.045903
4808 13.873476
4809 14.726649
4810 14.731537
4811 13.708677
4812 13.895926
4813 15.378560
4814 14.115896
4815 14.499742
4816 14.733977
4817 13.320108
4818 15.116617
4819 14.032410
4820 14.635785
4821 13.826402
4822 14.035623
4823 14.658224
4824 16.002781
4825 14.256787
4826 13.963236
4827 13.665756
4828 14.812241
4829 14.590043
4830 13.972651
4831 14.605232
4832 16.006403
4833 14.319952
4834 14.056247
4835 15.172993
4836 14.802803
4837 14.414190
4838 15.307337
4839 14.908323
4840 13.789110
4841 15.253908
4842 14.521360
4843 14.642479
4844 14.769247
4845 14.557907
4846 14.584424
4847 14.231846
4848 14.827077
4849 14.511790
4850 14.656131
4851 15.421413
4852 14.222129
4853 14.733531
4854 14.593303
4855 15.035364
4856 14.983829
4857 13.623960
4858 14.403695
4859 13.927418
4860 14.897334
4861 14.347919
4862 16.117947
4863 12.774656
4864 13.976976
4865 13.926223
4866 14.667492
4867 14.726146
4868 14.274384
4869 14.547947
4870 15.690842
4871 14.688002
4872 13.987508
4873 13.999692
4874 14.660646
4875 15.622410
4876 14.428423
4877 15.660148
4878 15.652734
4879 15.131810
4880 14.141633
4881 14.970536
4882 14.139357
4883 12.474813
4884 12.822238
4885 14.273736
4886 14.995547
4887 15.211080
4888 13.650237
4889 15.525521
4890 13.999391
4891 14.448936
4892 15.969733
4893 14.747981
4894 15.809120
4895 15.588067
4896 15.065940
4897 13.517877
4898 14.658542
4899 15.078291
4900 14.649215
4901 14.944425
4902 14.393003
4903 15.372159
4904 14.514479
4905 16.122683
4906 15.934887
4907 15.956472
4908 14.680412
4909 15.369010
4910 14.817334
4911 15.415250
4912 14.455920
4913 15.017788
4914 14.846910
4915 14.264045
4916 14.687113
4917 15.023271
4918 14.623573
4919 14.180586
4920 15.130492
4921 14.770991
4922 12.545485
4923 12.983316
4924 14.455548
4925 14.640304
4926 15.030664
4927 13.233807
4928 11.991545
4929 12.294166
4930 13.047760
4931 14.196266
4932 15.899772
4933 14.382619
4934 15.422094
4935 13.883931
4936 14.739101
4937 13.817443
4938 14.061826
4939 14.152843
4940 13.070383
4941 12.077752
4942 12.336748
4943 12.930457
4944 12.822220
4945 13.114594
4946 13.574115
4947 13.121407
4948 13.578155
4949 13.506815
4950 13.045710
4951 13.514874
4952 12.171369
4953 15.551245
4954 14.465491
4955 13.223412
4956 13.547303
4957 13.496682
4958 11.476345
4959 13.387650
4960 12.458917
4961 13.037439
4962 12.811766
4963 15.076721
4964 12.602697
4965 15.360774
4966 14.737411
4967 14.009405
4968 14.639966
4969 13.664057
4970 13.649402
4971 13.118588
4972 12.963922
4973 13.446000
4974 11.915738
4975 13.325144
4976 13.135577
4977 11.581989
4978 12.942266
4979 12.481979
4980 13.463033
4981 13.845058
4982 14.049866
4983 13.926297
4984 15.242814
4985 14.038189
4986 13.714730
4987 13.268164
4988 14.174940
4989 13.346122
4990 13.536178
4991 13.720128
4992 14.762912
4993 14.148093
4994 14.706527
4995 14.672663
4996 14.183683
4997 14.819276
4998 13.269701
4999 14.033759
5000 14.478223
5001 15.659185

