0 7.825655
1 10.686696
2 11.660746
3 8.104932
4 7.137427
5 9.362206
6 9.902132
7 6.671777
8 5.790933
9 7.488465
10 8.749519
11 7.835438
12 6.908699
13 6.359283
14 6.464139
15 10.066157
16 10.730408
17 9.394006
18 9.116199
19 7.344638
20 6.863745
21 5.661546
22 8.077477
23 7.435941
24 10.416346
25 10.309712
26 9.686432
27 11.817595
28 10.497396
29 12.395020
30 12.075418
31 12.449622
32 11.950468
33 12.761185
34 11.422209
35 13.493589
36 12.839315
37 12.928054
38 13.050340
39 13.306968
40 13.982853
41 13.641323
42 13.700179
43 12.274381
44 12.857830
45 13.741047
46 12.872224
47 13.023285
48 12.098084
49 12.836705
50 12.452847
51 11.239258
52 12.855851
53 9.768752
54 10.002584
55 13.845062
56 11.276439
57 10.308352
58 10.137169
59 10.859921
60 14.126094
61 11.394830
62 7.494759
63 9.034651
64 9.981043
65 10.396581
66 10.493948
67 12.050601
68 11.144089
69 12.710267
70 12.159113
71 11.287006
72 11.080096
73 10.808891
74 11.115188
75 10.796184
76 11.460827
77 10.769312
78 10.248914
79 9.952995
80 10.829610
81 11.763322
82 10.759162
83 11.512394
84 8.386158
85 7.544169
86 10.817122
87 10.522293
88 10.929558
89 10.260979
90 10.895364
91 11.018902
92 9.982286
93 10.258874
94 8.361008
95 9.902817
96 10.024014
97 8.023853
98 10.529983
99 9.627357
100 8.747423
101 8.379457
102 9.517864
103 8.725823
104 9.039962
105 9.836384
106 8.013456
107 10.135314
108 9.506559
109 10.426261
110 6.544674
111 8.191269
112 9.306878
113 9.248552
114 9.700667
115 9.982348
116 10.284583
117 8.720489
118 10.443990
119 10.095993
120 11.290443
121 7.655156
122 9.094811
123 9.543988
124 8.689376
125 7.356958
126 9.729514
127 9.489793
128 10.154807
129 9.952947
130 9.782200
131 10.738284
132 10.230105
133 10.281955
134 10.750125
135 10.668880
136 10.441862
137 10.680798
138 11.312145
139 9.055462
140 9.902907
141 11.657260
142 10.268152
143 8.864680
144 7.851732
145 8.332376
146 8.317699
147 10.150489
148 9.255383
149 9.290232
150 9.688246
151 8.674318
152 8.435455
153 9.071878
154 10.155734
155 10.455187
156 10.479276
157 10.046917
158 9.373612
159 10.637991
160 9.912402
161 10.030190
162 10.966675
163 10.546931
164 9.999865
165 9.863257
166 8.755937
167 9.316339
168 9.886352
169 9.409482
170 9.132128
171 9.281023
172 8.864589
173 7.839317
174 8.661325
175 10.465169
176 9.701497
177 9.252147
178 9.498675
179 10.237096
180 10.375059
181 9.354875
182 10.354919
183 9.949704
184 10.632081
185 9.098414
186 9.968704
187 10.676109
188 10.392756
189 9.014982
190 9.045864
191 9.543140
192 9.845032
193 9.929174
194 11.219276
195 10.809837
196 9.767426
197 10.823892
198 9.965072
199 10.571122
200 11.731863
201 9.943726
202 10.361971
203 9.814524
204 10.498502
205 10.764359
206 10.396753
207 9.704047
208 9.443182
209 10.016037
210 10.197670
211 10.592511
212 9.975425
213 11.068411
214 9.752276
215 9.737408
216 10.390964
217 10.627862
218 9.855433
219 9.870371
220 10.483799
221 10.087263
222 10.524679
223 9.657841
224 10.478877
225 10.026668
226 10.733165
227 10.297966
228 10.029436
229 9.619008
230 11.098778
231 9.964645
232 10.891072
233 10.348185
234 9.647042
235 10.723455
236 9.018705
237 9.602216
238 9.561661
239 11.086500
240 9.309240
241 9.746244
242 8.905427
243 9.530620
244 10.414669
245 9.722742
246 10.137424
247 10.761723
248 8.813952
249 9.387777
250 11.233993
251 10.346039
252 10.779707
253 10.409065
254 10.250335
255 11.071985
256 10.202378
257 10.741930
258 10.703756
259 10.607210
260 9.391081
261 10.196715
262 10.412516
263 9.806931
264 10.503668
265 10.517964
266 11.148248
267 10.268482
268 10.221128
269 10.929616
270 10.363773
271 11.341867
272 11.829358
273 10.401434
274 10.005000
275 10.716206
276 10.346476
277 10.279465
278 10.335818
279 10.511394
280 9.972472
281 10.017794
282 10.595249
283 9.807245
284 11.368321
285 10.883426
286 10.184161
287 10.998484
288 10.729005
289 10.535260
290 9.926021
291 9.608568
292 10.420614
293 10.505865
294 10.046638
295 10.877595
296 10.680774
297 11.462508
298 11.488506
299 9.707799
300 11.009398
301 10.588196
302 9.547276
303 9.539342
304 10.948001
305 10.334802
306 12.119140
307 9.798022
308 9.635538
309 10.188517
310 10.975841
311 11.094106
312 11.476557
313 7.977476
314 8.221127
315 9.158748
316 10.644120
317 9.914929
318 10.310043
319 6.733238
320 7.854619
321 7.549345
322 7.722713
323 7.819117
324 10.557205
325 10.494157
326 9.666810
327 12.146473
328 10.914350
329 10.144266
330 13.545587
331 10.249629
332 11.178650
333 10.714239
334 12.765930
335 10.021781
336 10.251806
337 7.881841
338 10.532373
339 8.816172
340 10.738196
341 11.019854
342 11.387189
343 11.348169
344 9.982155
345 10.821546
346 12.153474
347 12.082960
348 9.910925
349 8.211055
350 11.055874
351 10.666531
352 10.530161
353 10.385213
354 9.728519
355 10.747546
356 11.244155
357 10.455444
358 10.071967
359 11.097702
360 10.194085
361 9.865252
362 9.415644
363 10.746839
364 7.880312
365 12.248705
366 11.450990
367 9.415381
368 10.040526
369 9.125404
370 8.481547
371 9.823616
372 7.137269
373 8.964212
374 9.130075
375 8.382497
376 8.022698
377 7.755267
378 8.797534
379 7.756937
380 8.131279
381 7.374774
382 5.783782
383 7.807151
384 8.392452
385 7.881325
386 7.892460
387 8.331039
388 8.448436
389 8.093614
390 8.553110
391 8.399172
392 9.789311
393 8.078234
394 8.612720
395 9.750628
396 8.056767
397 6.079095
398 8.390570
399 9.905152
400 9.015478
401 8.712483
402 6.874557
403 8.622771
404 8.079570
405 9.445137
406 8.387770
407 9.199961
408 9.127161
409 9.256180
410 9.247805
411 9.357227
412 10.255567
413 9.363701
414 8.632376
415 10.029363
416 9.402987
417 8.937528
418 8.199935
419 7.087476
420 9.247824
421 9.484630
422 8.346433
423 7.892483
424 9.385909
425 8.210901
426 7.777250
427 8.140596
428 8.111314
429 5.340467
430 4.587133
431 6.418745
432 5.316862
433 8.217513
434 9.249830
435 8.674983
436 7.474460
437 8.124462
438 8.523687
439 8.930449
440 8.164124
441 8.226961
442 7.817245
443 8.591978
444 9.382947
445 8.948124
446 7.545282
447 10.305815
448 9.004693
449 9.590295
450 8.060607
451 10.643280
452 10.253495
453 8.853806
454 10.183384
455 11.195185
456 11.556833
457 9.794314
458 9.884261
459 8.397272
460 10.955937
461 8.172412
462 8.517408
463 9.398878
464 10.372520
465 9.059544
466 9.302269
467 8.707938
468 10.650884
469 10.384381
470 10.598024
471 9.310973
472 9.242478
473 10.107251
474 9.068235
475 9.277516
476 8.663608
477 9.009271
478 9.727201
479 10.070411
480 10.503225
481 10.146897
482 9.876671
483 10.063094
484 10.461752
485 11.711570
486 12.158276
487 13.119080
488 10.857154
489 10.813780
490 8.558119
491 9.943977
492 10.032910
493 10.281795
494 10.178211
495 9.767111
496 10.208754
497 10.060726
498 8.955024
499 10.009536
500 9.973798
501 9.151383
502 8.477508
503 8.888048
504 9.528763
505 9.764906
506 9.962657
507 10.491286
508 8.649825
509 9.160734
510 10.230055
511 7.068641
512 9.990253
513 9.383208
514 9.569424
515 9.870416
516 9.238761
517 8.564263
518 9.261333
519 9.735159
520 9.789346
521 9.581367
522 10.272124
523 10.592402
524 9.781359
525 9.129249
526 9.611003
527 10.796288
528 10.474394
529 9.495693
530 10.735064
531 10.247603
532 11.173384
533 10.700423
534 10.134934
535 8.353833
536 9.681165
537 9.314234
538 10.067801
539 10.073971
540 9.944680
541 10.112742
542 9.931998
543 11.167645
544 10.816692
545 9.849116
546 10.575375
547 9.694126
548 9.811696
549 8.464450
550 7.417183
551 8.058869
552 10.853575
553 8.972008
554 10.389236
555 9.941721
556 10.236157
557 9.161693
558 9.222699
559 10.591442
560 8.822545
561 10.956558
562 9.334293
563 9.806516
564 9.198982
565 11.503847
566 11.580168
567 11.648785
568 9.621022
569 11.042653
570 9.526491
571 10.555519
572 10.000896
573 8.383997
574 9.887471
575 10.614782
576 11.417133
577 10.270994
578 9.140844
579 9.299106
580 10.271303
581 9.604971
582 10.047220
583 9.715250
584 11.222481
585 9.254030
586 10.958732
587 10.355959
588 9.192309
589 9.670119
590 9.675998
591 10.172326
592 11.573064
593 11.732504
594 10.390123
595 10.629646
596 11.468308
597 12.206396
598 9.949477
599 12.032232
600 11.518201
601 9.781276
602 9.553083
603 9.013000
604 10.210589
605 11.691661
606 10.297704
607 9.622533
608 10.490591
609 10.650620
610 9.371546
611 9.618661
612 9.961833
613 11.148067
614 10.249646
615 11.187699
616 12.335438
617 10.258271
618 12.351213
619 11.387174
620 10.381448
621 11.326595
622 9.987372
623 10.144270
624 9.194625
625 11.945551
626 10.572608
627 10.568940
628 9.779183
629 12.338419
630 11.592429
631 9.681478
632 9.477818
633 10.638101
634 9.567850
635 11.478443
636 11.188067
637 10.932105
638 10.068537
639 11.463386
640 9.976336
641 11.320507
642 11.226693
643 12.167907
644 11.248509
645 11.341543
646 11.503539
647 9.105137
648 12.006368
649 11.437083
650 12.083255
651 13.031738
652 11.709222
653 12.349813
654 11.464041
655 11.816782
656 11.940825
657 11.914798
658 11.997339
659 10.914993
660 11.249735
661 11.103385
662 9.079724
663 11.120700
664 11.789682
665 10.977238
666 11.603559
667 10.427549
668 11.898780
669 12.172106
670 12.228460
671 11.724308
672 9.391178
673 11.163736
674 10.866743
675 12.020640
676 10.485824
677 10.943646
678 12.865324
679 12.784434
680 12.327995
681 10.635074
682 9.950341
683 13.468095
684 11.320997
685 10.464534
686 10.874931
687 12.305614
688 12.644534
689 11.750009
690 11.288755
691 12.642098
692 13.093849
693 12.138245
694 11.958320
695 10.984925
696 12.255844
697 11.809839
698 11.983608
699 11.606013
700 12.059939
701 12.742664
702 13.854239
703 13.347856
704 13.045436
705 11.895348
706 12.281970
707 12.534553
708 11.836105
709 12.355929
710 12.326180
711 11.667681
712 11.282778
713 11.766554
714 11.864902
715 10.554153
716 12.078217
717 10.062749
718 11.870574
719 10.924348
720 10.574463
721 11.382722
722 12.348540
723 11.668117
724 10.097983
725 10.428988
726 9.929605
727 10.867287
728 11.040155
729 10.091208
730 9.452557
731 10.654480
732 9.070774
733 10.188082
734 10.442497
735 12.255398
736 14.111094
737 11.953744
738 10.777759
739 9.618471
740 12.624998
741 8.294271
742 11.201954
743 11.495825
744 12.002143
745 10.408317
746 11.398652
747 10.811897
748 11.698588
749 12.608199
750 12.172400
751 10.948340
752 11.598945
753 11.292148
754 10.207301
755 11.442380
756 10.916656
757 11.134109
758 11.577741
759 10.300574
760 11.255732
761 9.949572
762 11.552057
763 8.468378
764 7.753638
765 10.147050
766 11.041657
767 11.263273
768 10.549129
769 10.184163
770 13.155056
771 10.931131
772 11.590538
773 11.820112
774 10.977061
775 10.527775
776 11.328903
777 10.698477
778 11.430143
779 10.872267
780 13.220312
781 12.652814
782 11.285913
783 13.341870
784 10.015290
785 8.743142
786 8.879423
787 10.466315
788 7.857547
789 7.924092
790 9.799616
791 9.301689
792 9.727579
793 9.395179
794 9.285247
795 10.814019
796 9.782377
797 9.912487
798 10.154689
799 9.812874
800 10.613773
801 10.348982
802 8.582371
803 9.101701
804 9.618574
805 10.323380
806 10.568435
807 11.444519
808 9.817789
809 11.379589
810 10.749766
811 10.330543
812 9.872734
813 10.556867
814 9.348309
815 11.035353
816 10.722490
817 9.399396
818 10.206634
819 10.474256
820 10.298944
821 9.619007
822 9.835026
823 9.821744
824 9.887276
825 10.298122
826 8.840246
827 10.042858
828 9.991573
829 9.733146
830 9.029448
831 9.975963
832 9.265448
833 10.056858
834 9.108158
835 9.686651
836 8.190126
837 8.570636
838 9.314444
839 10.230629
840 9.210747
841 10.167796
842 9.607091
843 10.843642
844 10.231094
845 9.893099
846 9.796740
847 10.940129
848 10.729370
849 9.642495
850 9.966231
851 10.331551
852 11.006375
853 10.459393
854 10.632078
855 10.880324
856 8.697268
857 9.032420
858 10.033477
859 7.408273
860 7.588979
861 6.717753
862 10.397133
863 8.717413
864 9.150519
865 9.032521
866 10.150685
867 9.198460
868 9.962178
869 10.685220
870 10.692826
871 8.191535
872 8.411295
873 11.444163
874 9.927155
875 9.956635
876 9.331642
877 9.452286
878 9.732384
879 10.260495
880 11.494491
881 9.043190
882 12.002283
883 10.250339
884 9.371875
885 9.907286
886 9.570600
887 8.600725
888 11.071194
889 10.547386
890 10.807714
891 10.428754
892 10.956298
893 10.159359
894 10.214859
895 10.991481
896 10.430191
897 10.793192
898 9.254340
899 8.697958
900 10.186120
901 12.201941
902 10.051589
903 11.162623
904 9.703203
905 10.279544
906 10.807571
907 10.489655
908 9.614843
909 11.035885
910 10.019623
911 10.737103
912 9.409329
913 11.294767
914 10.473700
915 10.565314
916 10.149684
917 10.496409
918 11.268065
919 10.193757
920 10.505886
921 10.693285
922 10.047339
923 10.404739
924 9.847858
925 11.307279
926 11.049946
927 10.556338
928 10.142175
929 11.652118
930 10.406401
931 9.681586
932 11.264892
933 11.134869
934 10.186825
935 10.412233
936 10.685828
937 11.294317
938 11.037494
939 10.104422
940 10.518764
941 11.198057
942 9.421957
943 10.301328
944 10.912981
945 10.544599
946 10.594157
947 10.190322
948 10.291890
949 10.803560
950 11.597761
951 10.232751
952 9.975980
953 10.641965
954 10.267568
955 10.874322
956 8.423861
957 10.801361
958 10.236444
959 10.548842
960 10.698288
961 10.619438
962 10.862575
963 11.306285
964 11.590731
965 10.471527
966 9.083755
967 11.756959
968 11.277631
969 11.590367
970 11.291063
971 11.446137
972 11.339743
973 12.019339
974 11.076130
975 10.001332
976 10.559422
977 11.078546
978 10.924901
979 11.576729
980 11.460348
981 10.578000
982 11.423562
983 10.243754
984 8.977886
985 10.738724
986 9.131757
987 9.358068
988 10.266653
989 9.940393
990 10.467292
991 9.700064
992 10.723939
993 11.134326
994 9.955832
995 10.747194
996 10.459643
997 10.908372
998 9.934571
999 9.383338
1000 10.284504
1001 9.849529
1002 11.269272
1003 10.158001
1004 9.559459
1005 10.277221
1006 10.536655
1007 10.788636
1008 10.140391
1009 10.636190
1010 11.369531
1011 10.998337
1012 10.550060
1013 10.499190
1014 11.144595
1015 11.110128
1016 11.890374
1017 11.382694
1018 11.311387
1019 10.625753
1020 9.857812
1021 10.749185
1022 9.690501
1023 9.920846
1024 10.015059
1025 10.366926
1026 11.251782
1027 10.256362
1028 11.606127
1029 10.746950
1030 11.337619
1031 11.147684
1032 10.421533
1033 11.082454
1034 9.760890
1035 9.713568
1036 10.060528
1037 10.446344
1038 9.708242
1039 10.966702
1040 10.635478
1041 11.239617
1042 11.205658
1043 10.916615
1044 8.065495
1045 8.843133
1046 11.005518
1047 10.678623
1048 10.519414
1049 11.917027
1050 10.840393
1051 10.880905
1052 9.447852
1053 9.670809
1054 10.117655
1055 10.900867
1056 10.561145
1057 10.820876
1058 10.610475
1059 10.290435
1060 10.536223
1061 10.696739
1062 10.256765
1063 10.013339
1064 10.829346
1065 11.673373
1066 10.156623
1067 10.703801
1068 10.750296
1069 11.291254
1070 11.332862
1071 9.684549
1072 10.031724
1073 11.214177
1074 9.825254
1075 11.418495
1076 11.561758
1077 10.074932
1078 11.284153
1079 10.465400
1080 10.693298
1081 9.914869
1082 10.261221
1083 11.234751
1084 10.451511
1085 10.746675
1086 11.112970
1087 9.642170
1088 10.020803
1089 10.521359
1090 10.047439
1091 10.260674
1092 9.366938
1093 8.379752
1094 10.051758
1095 10.216105
1096 10.215836
1097 10.690524
1098 10.698008
1099 11.526643
1100 11.524328
1101 10.603462
1102 12.062113
1103 11.790885
1104 12.176050
1105 9.431850
1106 10.675365
1107 10.265948
1108 10.231668
1109 11.470699
1110 10.837716
1111 10.797316
1112 11.237275
1113 10.448188
1114 9.363340
1115 11.218582
1116 10.292492
1117 11.044888
1118 10.189182
1119 10.833324
1120 10.251655
1121 10.225622
1122 9.958339
1123 10.053707
1124 9.564067
1125 9.582840
1126 10.186235
1127 9.419737
1128 9.844504
1129 10.512126
1130 10.396417
1131 9.652122
1132 10.364345
1133 10.715714
1134 10.174628
1135 9.512329
1136 9.146304
1137 9.907646
1138 11.255121
1139 10.549023
1140 10.403121
1141 9.551143
1142 10.296032
1143 9.994285
1144 11.134405
1145 10.973372
1146 10.402614
1147 10.505250
1148 11.025071
1149 9.890149
1150 9.573760
1151 9.402798
1152 11.077313
1153 9.676181
1154 9.476721
1155 10.191651
1156 10.012464
1157 11.189679
1158 10.910680
1159 11.218383
1160 12.156747
1161 8.866600
1162 11.170036
1163 10.312052
1164 10.720811
1165 9.619755
1166 11.367184
1167 11.490225
1168 11.281978
1169 11.244520
1170 10.605438
1171 12.263908
1172 10.484571
1173 10.183214
1174 10.439417
1175 12.126740
1176 10.189491
1177 10.723471
1178 10.323744
1179 10.966139
1180 12.144387
1181 10.916234
1182 11.435339
1183 11.154940
1184 10.847943
1185 10.380820
1186 11.121518
1187 9.399813
1188 10.311960
1189 10.109822
1190 9.601796
1191 10.135956
1192 9.442293
1193 10.640060
1194 9.757160
1195 10.619834
1196 9.877335
1197 10.808604
1198 10.415250
1199 10.981825
1200 10.244849
1201 10.579738
1202 10.830758
1203 10.289618
1204 10.665105
1205 9.328515
1206 8.554330
1207 9.135877
1208 8.753110
1209 9.069958
1210 9.711490
1211 11.231567
1212 10.648532
1213 10.457405
1214 11.016270
1215 11.223104
1216 10.657886
1217 11.902810
1218 10.391275
1219 10.136635
1220 10.376806
1221 10.714129
1222 11.499397
1223 10.346213
1224 9.410984
1225 10.161778
1226 8.389888
1227 11.179721
1228 10.062175
1229 10.311046
1230 10.314461
1231 9.972016
1232 10.258308
1233 10.986583
1234 9.811448
1235 10.442019
1236 11.272694
1237 10.939060
1238 9.864905
1239 9.957206
1240 11.582032
1241 10.335635
1242 9.956200
1243 11.356071
1244 10.215813
1245 10.062269
1246 10.808754
1247 11.097522
1248 10.367208
1249 10.415937
1250 10.357652
1251 10.634785
1252 10.255307
1253 11.770514
1254 10.133124
1255 11.690775
1256 10.064885
1257 10.063855
1258 11.036969
1259 10.614641
1260 9.031024
1261 9.815506
1262 10.264354
1263 10.872061
1264 9.981374
1265 11.227032
1266 10.254470
1267 9.667480
1268 10.007127
1269 9.575770
1270 9.939646
1271 10.571148
1272 9.863133
1273 10.205378
1274 10.031622
1275 9.719920
1276 9.802350
1277 9.147818
1278 9.756857
1279 8.697408
1280 9.768054
1281 10.276294
1282 11.096957
1283 9.459105
1284 10.039411
1285 10.508306
1286 11.292767
1287 10.838872
1288 10.996791
1289 11.287146
1290 11.851436
1291 11.733006
1292 10.534984
1293 10.836628
1294 11.172957
1295 9.808455
1296 10.076352
1297 11.583268
1298 11.173281
1299 9.608272
1300 10.846651
1301 11.328269
1302 10.354763
1303 10.623257
1304 10.137696
1305 9.927218
1306 10.533795
1307 10.519717
1308 9.770593
1309 9.764250
1310 10.427775
1311 10.509887
1312 9.515869
1313 10.874783
1314 10.609202
1315 11.054740
1316 10.401070
1317 11.219059
1318 9.949944
1319 9.905376
1320 10.914803
1321 10.536119
1322 10.469414
1323 11.400009
1324 11.387048
1325 11.261082
1326 11.200758
1327 10.795895
1328 11.257519
1329 10.774345
1330 11.178088
1331 10.584992
1332 10.681827
1333 11.079719
1334 10.804345
1335 11.395757
1336 11.247554
1337 9.937636
1338 11.053079
1339 9.831974
1340 9.952464
1341 9.611848
1342 10.163411
1343 10.045802
1344 10.797043
1345 10.435278
1346 11.248226
1347 11.263965
1348 11.222681
1349 10.633803
1350 10.771928
1351 11.101965
1352 11.071445
1353 9.917889
1354 10.152635
1355 12.057887
1356 11.463950
1357 11.178823
1358 11.946964
1359 9.428029
1360 9.625164
1361 11.558706
1362 10.920751
1363 9.711203
1364 10.315720
1365 10.923569
1366 10.096641
1367 11.386038
1368 9.944410
1369 11.447449
1370 9.750089
1371 10.809653
1372 10.673163
1373 10.650170
1374 11.230429
1375 10.453679
1376 10.003457
1377 11.419390
1378 9.861147
1379 10.205673
1380 10.257902
1381 11.823660
1382 10.795790
1383 11.444790
1384 10.631719
1385 10.223529
1386 11.056583
1387 10.656406
1388 11.401182
1389 10.775184
1390 9.637834
1391 8.999144
1392 10.591063
1393 11.743857
1394 10.007254
1395 9.953724
1396 9.374748
1397 9.974865
1398 10.589808
1399 10.489184
1400 10.878922
1401 10.983160
1402 10.401053
1403 10.244101
1404 10.441465
1405 11.838823
1406 10.941815
1407 9.934466
1408 10.881861
1409 11.139608
1410 10.303324
1411 9.782166
1412 10.422681
1413 11.074415
1414 11.238081
1415 11.016505
1416 11.137259
1417 11.366927
1418 11.085421
1419 11.932148
1420 10.135713
1421 11.217263
1422 10.614008
1423 10.313860
1424 10.343763
1425 11.040296
1426 10.372549
1427 9.766083
1428 10.520619
1429 10.147696
1430 10.750342
1431 10.376709
1432 11.845586
1433 10.171889
1434 10.453311
1435 10.985782
1436 9.667030
1437 10.515438
1438 10.729665
1439 9.614576
1440 10.782302
1441 10.059654
1442 10.542364
1443 10.077332
1444 9.880970
1445 10.761830
1446 9.569980
1447 10.171667
1448 10.976762
1449 10.410281
1450 10.338325
1451 10.702978
1452 10.390576
1453 9.913154
1454 11.101481
1455 10.519718
1456 10.581159
1457 10.953857
1458 10.426415
1459 10.301109
1460 10.327144
1461 9.602365
1462 10.666073
1463 11.267344
1464 9.613166
1465 11.457095
1466 11.464081
1467 11.182907
1468 10.279407
1469 10.471657
1470 11.356275
1471 10.632528
1472 10.842636
1473 10.850867
1474 10.308333
1475 10.987165
1476 11.466871
1477 11.243000
1478 11.472422
1479 11.249942
1480 10.544858
1481 10.142045
1482 10.820536
1483 9.686840
1484 10.785073
1485 10.474504
1486 11.817041
1487 10.740984
1488 10.983644
1489 10.350395
1490 11.661736
1491 10.515730
1492 10.248393
1493 10.632201
1494 10.622787
1495 11.740640
1496 11.675175
1497 11.355672
1498 9.688643
1499 11.638567
1500 11.332409
1501 11.622763
1502 10.625091
1503 12.509780
1504 10.038416
1505 11.736220
1506 10.080902
1507 10.940994
1508 10.631604
1509 11.277778
1510 11.107983
1511 10.734028
1512 10.605745
1513 12.003991
1514 11.029393
1515 10.530671
1516 11.146827
1517 10.096895
1518 9.959443
1519 9.962776
1520 10.921703
1521 10.461884
1522 10.232310
1523 10.697679
1524 11.104439
1525 9.925612
1526 11.098095
1527 9.922008
1528 10.523286
1529 11.023709
1530 9.429230
1531 10.869486
1532 10.017291
1533 10.857928
1534 10.236492
1535 10.387017
1536 10.730232
1537 10.010341
1538 12.171673
1539 9.822607
1540 10.216059
1541 9.329641
1542 10.748794
1543 10.782598
1544 10.486110
1545 10.850357
1546 11.014577
1547 10.661205
1548 10.667974
1549 11.233972
1550 10.747953
1551 12.077570
1552 10.015462
1553 9.806373
1554 10.093372
1555 9.730872
1556 10.429314
1557 10.587581
1558 10.754208
1559 10.739000
1560 11.127131
1561 11.331901
1562 11.249345
1563 9.469163
1564 10.954578
1565 11.020173
1566 9.884255
1567 10.957447
1568 10.269728
1569 11.151192
1570 10.063226
1571 11.187235
1572 11.287875
1573 10.590009
1574 10.109548
1575 10.395414
1576 10.862061
1577 11.007466
1578 10.619673
1579 10.032493
1580 10.555036
1581 10.306919
1582 12.509051
1583 11.669344
1584 10.257107
1585 11.618607
1586 11.169248
1587 10.304307
1588 11.090333
1589 11.203897
1590 11.726997
1591 10.838757
1592 10.495150
1593 10.331344
1594 12.040639
1595 10.527434
1596 11.039685
1597 11.252774
1598 11.891328
1599 11.801886
1600 10.317416
1601 10.720307
1602 9.774997
1603 10.372570
1604 10.593977
1605 9.282184
1606 11.528653
1607 10.694246
1608 11.773477
1609 11.226329
1610 10.849999
1611 10.900995
1612 9.483913
1613 9.425415
1614 10.290428
1615 10.838886
1616 11.051341
1617 11.419835
1618 10.817957
1619 11.946965
1620 10.747214
1621 11.832878
1622 10.798451
1623 10.881292
1624 10.819661
1625 11.390776
1626 9.639882
1627 10.512499
1628 10.860085
1629 10.489187
1630 10.105989
1631 10.925979
1632 12.728129
1633 11.248596
1634 10.526067
1635 12.274155
1636 10.458033
1637 11.531492
1638 10.806242
1639 10.520012
1640 9.776057
1641 10.452638
1642 10.976796
1643 10.085924
1644 9.956998
1645 9.739695
1646 10.919407
1647 10.455520
1648 10.044721
1649 10.831512
1650 10.646344
1651 11.151596
1652 10.384418
1653 10.903126
1654 10.776164
1655 11.014288
1656 10.926668
1657 10.846167
1658 11.703794
1659 11.681583
1660 11.128062
1661 10.574615
1662 10.883387
1663 10.946477
1664 10.069420
1665 11.263008
1666 11.312123
1667 10.497187
1668 11.315326
1669 10.900812
1670 11.087667
1671 10.227864
1672 9.647020
1673 11.224264
1674 10.117918
1675 10.608083
1676 10.493325
1677 10.524874
1678 10.224459
1679 10.536050
1680 9.830630
1681 10.054348
1682 9.685008
1683 10.435312
1684 9.489488
1685 10.745329
1686 10.255815
1687 10.659565
1688 10.577169
1689 11.142121
1690 10.899512
1691 10.336506
1692 10.355204
1693 10.728549
1694 10.680923
1695 11.624019
1696 13.188392
1697 12.799101
1698 10.668653
1699 10.916804
1700 10.363980
1701 10.039492
1702 10.548012
1703 10.635211
1704 8.898929
1705 11.362862
1706 10.811024
1707 9.880019
1708 11.330191
1709 9.964763
1710 10.335393
1711 10.644969
1712 9.780930
1713 9.914300
1714 10.363715
1715 10.157561
1716 9.201062
1717 10.593554
1718 9.113201
1719 9.518562
1720 9.338141
1721 10.264087
1722 10.019288
1723 10.325278
1724 9.430610
1725 10.658299
1726 10.966722
1727 11.344376
1728 11.628401
1729 10.979282
1730 10.154394
1731 10.217756
1732 10.287066
1733 10.227458
1734 10.631265
1735 10.479280
1736 10.794468
1737 9.399337
1738 9.989455
1739 9.655054
1740 11.260468
1741 10.072701
1742 9.393794
1743 10.383134
1744 10.820378
1745 10.203494
1746 10.347866
1747 11.262956
1748 10.842537
1749 10.507794
1750 10.273039
1751 10.997765
1752 11.170093
1753 10.500367
1754 10.560731
1755 10.653254
1756 10.825531
1757 9.702515
1758 10.975688
1759 10.714519
1760 10.815383
1761 11.323026
1762 10.326868
1763 11.545157
1764 11.038780
1765 10.606680
1766 11.060287
1767 10.678822
1768 10.838342
1769 10.674742
1770 9.594633
1771 10.558800
1772 8.608839
1773 10.780493
1774 10.596613
1775 10.920755
1776 11.720998
1777 11.056625
1778 10.702580
1779 10.146201
1780 10.206691
1781 8.593471
1782 9.412767
1783 10.595871
1784 10.810133
1785 10.156792
1786 10.575850
1787 10.901699
1788 9.858365
1789 11.661260
1790 10.694695
1791 10.669196
1792 10.913342
1793 11.058434
1794 11.280394
1795 10.546394
1796 10.337432
1797 10.728246
1798 10.786572
1799 10.990846
1800 10.637599
1801 10.881884
1802 11.968037
1803 10.664528
1804 10.375707
1805 9.973663
1806 11.596836
1807 10.925863
1808 10.258126
1809 11.144548
1810 10.049358
1811 10.507887
1812 10.603477
1813 10.961684
1814 10.995972
1815 10.493680
1816 11.204006
1817 11.211745
1818 9.957374
1819 10.112888
1820 10.780589
1821 10.047065
1822 10.458264
1823 10.152717
1824 10.314845
1825 11.039878
1826 10.622588
1827 10.981941
1828 10.147568
1829 10.192284
1830 10.674519
1831 9.483861
1832 11.070399
1833 10.385317
1834 9.603343
1835 9.851952
1836 10.297156
1837 10.066887
1838 9.208190
1839 9.663445
1840 9.290307
1841 10.609848
1842 11.902665
1843 9.717134
1844 10.224920
1845 10.992242
1846 10.233333
1847 10.841615
1848 10.438179
1849 10.260243
1850 10.833415
1851 10.421680
1852 10.679578
1853 10.629499
1854 10.542585
1855 10.195465
1856 9.844767
1857 11.446475
1858 10.974336
1859 10.285600
1860 10.465882
1861 11.150192
1862 9.964858
1863 11.066167
1864 10.609910
1865 9.040654
1866 10.296735
1867 10.525558
1868 10.610915
1869 11.533870
1870 10.218915
1871 10.608082
1872 10.119073
1873 11.156240
1874 11.623390
1875 11.033804
1876 9.835246
1877 10.364644
1878 10.374953
1879 10.626009
1880 10.329777
1881 10.582609
1882 10.750471
1883 10.455996
1884 9.931215
1885 10.731126
1886 10.701443
1887 9.961090
1888 10.323223
1889 11.933486
1890 11.185647
1891 10.267742
1892 11.481696
1893 11.385040
1894 10.497098
1895 10.453109
1896 9.457566
1897 10.538592
1898 11.407862
1899 10.411154
1900 11.079899
1901 10.716911
1902 10.767903
1903 10.338143
1904 10.606855
1905 10.641247
1906 10.069068
1907 10.313354
1908 10.974705
1909 10.433086
1910 11.706934
1911 10.972370
1912 10.776256
1913 10.448944
1914 9.707098
1915 10.749611
1916 10.045222
1917 11.791754
1918 11.224524
1919 10.239755
1920 10.490267
1921 10.597697
1922 10.094234
1923 11.218472
1924 11.171499
1925 11.248837
1926 10.397317
1927 10.053390
1928 10.065648
1929 10.991395
1930 10.030004
1931 10.694014
1932 11.422198
1933 10.401403
1934 10.234871
1935 10.515734
1936 12.114994
1937 10.693149
1938 8.848481
1939 9.395839
1940 9.038063
1941 11.012454
1942 10.649948
1943 10.508805
1944 10.298534
1945 10.767645
1946 10.854115
1947 10.782037
1948 10.380691
1949 10.789720
1950 10.955976
1951 9.688332
1952 10.644817
1953 11.194019
1954 11.704020
1955 10.676990
1956 11.496939
1957 10.637175
1958 10.070243
1959 10.361659
1960 10.539879
1961 10.817158
1962 11.954291
1963 10.583732
1964 9.433105
1965 10.166028
1966 10.665033
1967 10.732758
1968 10.263282
1969 11.348212
1970 11.287844
1971 10.823668
1972 10.354855
1973 10.658355
1974 9.567457
1975 10.641438
1976 11.006495
1977 9.933258
1978 10.525878
1979 11.547762
1980 10.958968
1981 11.948359
1982 9.961261
1983 11.544826
1984 10.915712
1985 9.514022
1986 11.325321
1987 10.418241
1988 9.560529
1989 10.567450
1990 10.476168
1991 10.612096
1992 10.884303
1993 10.369441
1994 11.455991
1995 10.899040
1996 10.152928
1997 10.309340
1998 10.806938
1999 10.565792
2000 11.724822
2001 10.781652
2002 10.615632
2003 10.874213
2004 10.087488
2005 10.326107
2006 9.539576
2007 11.042470
2008 10.960060
2009 11.220631
2010 10.519909
2011 12.038519
2012 10.439224
2013 10.435271
2014 10.765804
2015 10.391353
2016 11.268867
2017 10.767770
2018 10.445785
2019 10.876977
2020 11.495351
2021 10.684593
2022 10.930704
2023 11.288033
2024 10.380334
2025 10.806711
2026 10.922141
2027 10.575428
2028 10.559175
2029 9.486486
2030 9.963399
2031 9.699627
2032 9.457685
2033 10.716783
2034 9.902858
2035 10.827192
2036 11.312210
2037 11.264549
2038 10.169409
2039 10.386707
2040 10.650043
2041 10.978862
2042 10.465321
2043 10.202553
2044 8.962618
2045 11.221665
2046 10.908844
2047 11.349366
2048 12.718629
2049 11.129017
2050 11.623843
2051 10.939292
2052 11.267787
2053 11.590626
2054 10.212916
2055 10.634407
2056 11.338317
2057 11.075899
2058 10.712277
2059 11.315822
2060 10.845969
2061 11.341471
2062 10.922867
2063 10.328146
2064 9.926661
2065 10.651546
2066 10.237972
2067 11.313835
2068 10.946569
2069 10.796399
2070 10.738615
2071 9.539426
2072 9.980132
2073 10.911038
2074 11.366460
2075 10.166971
2076 10.115835
2077 10.706207
2078 11.407460
2079 11.794259
2080 10.420104
2081 9.624128
2082 9.558938
2083 10.811367
2084 10.765916
2085 10.319776
2086 10.961981
2087 10.284128
2088 10.486464
2089 10.488802
2090 10.201774
2091 10.959761
2092 11.232073
2093 11.083007
2094 12.176906
2095 10.965899
2096 10.613882
2097 10.225661
2098 11.091805
2099 11.121348
2100 10.952976
2101 9.583194
2102 10.804239
2103 10.367569
2104 9.565022
2105 10.663419
2106 10.572012
2107 10.729520
2108 11.071999
2109 10.721055
2110 10.610265
2111 11.171792
2112 10.822916
2113 10.516515
2114 11.107484
2115 9.663585
2116 10.529360
2117 10.552464
2118 9.778442
2119 9.404178
2120 11.559939
2121 10.283067
2122 9.746762
2123 10.707267
2124 10.714811
2125 11.332897
2126 11.415028
2127 11.128023
2128 10.557207
2129 10.782522
2130 11.047701
2131 10.696105
2132 10.717211
2133 10.718344
2134 10.809389
2135 10.543020
2136 10.842813
2137 10.318244
2138 10.764180
2139 11.493412
2140 9.992568
2141 10.403896
2142 10.347607
2143 10.773440
2144 10.197984
2145 9.303687
2146 11.663645
2147 11.206253
2148 10.982304
2149 11.069674
2150 10.274066
2151 10.482303
2152 10.947231
2153 11.233796
2154 10.685520
2155 10.734938
2156 10.428068
2157 10.370975
2158 10.870993
2159 9.684435
2160 10.070397
2161 10.728864
2162 11.512611
2163 10.685766
2164 10.808243
2165 9.694095
2166 10.859001
2167 11.774391
2168 10.882119
2169 11.280648
2170 9.752523
2171 10.618600
2172 10.196127
2173 11.157429
2174 10.877418
2175 10.435197
2176 10.897877
2177 10.269842
2178 11.193508
2179 10.884928
2180 10.305651
2181 10.921193
2182 11.704481
2183 10.704664
2184 10.609404
2185 10.977823
2186 9.816446
2187 11.458833
2188 8.124053
2189 8.650116
2190 10.990509
2191 10.752980
2192 11.837708
2193 10.085480
2194 10.330137
2195 10.698450
2196 10.806481
2197 10.881605
2198 11.198362
2199 11.257730
2200 12.136395
2201 11.878769
2202 10.383941
2203 9.938013
2204 11.523325
2205 9.868996
2206 11.610207
2207 10.376151
2208 10.239658
2209 11.229057
2210 11.054258
2211 10.679799
2212 10.316331
2213 10.380930
2214 10.328508
2215 10.797842
2216 10.538600
2217 10.340996
2218 10.468507
2219 11.971643
2220 11.180987
2221 9.662220
2222 10.299177
2223 10.032206
2224 10.561788
2225 10.621131
2226 10.699936
2227 10.313188
2228 10.213255
2229 7.936803
2230 7.207051
2231 9.380078
2232 9.935597
2233 9.919384
2234 10.762206
2235 11.389797
2236 9.045175
2237 8.789070
2238 11.151350
2239 11.007071
2240 10.717507
2241 11.046978
2242 11.611341
2243 10.942554
2244 11.688379
2245 10.820925
2246 10.439178
2247 10.261779
2248 11.345732
2249 11.649353
2250 10.508110
2251 10.488022
2252 9.717069
2253 11.421409
2254 10.631769
2255 11.244662
2256 10.692735
2257 11.352804
2258 11.562585
2259 10.439583
2260 9.442786
2261 10.361179
2262 10.301884
2263 10.163176
2264 11.354951
2265 9.938713
2266 10.148290
2267 11.523218
2268 10.262721
2269 9.519550
2270 10.179374
2271 10.569166
2272 11.482307
2273 11.190931
2274 10.207935
2275 10.988910
2276 10.161706
2277 9.684801
2278 9.870584
2279 9.978282
2280 9.906616
2281 10.768106
2282 10.839622
2283 9.479966
2284 11.152154
2285 10.134682
2286 10.393908
2287 10.118306
2288 10.390968
2289 10.349939
2290 11.073622
2291 10.175634
2292 9.102836
2293 10.445866
2294 10.887366
2295 10.663999
2296 10.174228
2297 9.448447
2298 10.873687
2299 11.488089
2300 11.290976
2301 9.782814
2302 10.215562
2303 10.936606
2304 10.779799
2305 11.248741
2306 10.541257
2307 11.032945
2308 10.981517
2309 10.250546
2310 9.751464
2311 11.043165
2312 9.530381
2313 10.068791
2314 10.158809
2315 10.872701
2316 10.873293
2317 10.607004
2318 10.856247
2319 10.664421
2320 11.109387
2321 10.926300
2322 11.137620
2323 9.971189
2324 10.822424
2325 11.141784
2326 10.463392
2327 10.224058
2328 9.121257
2329 10.051851
2330 10.664327
2331 9.908090
2332 10.085799
2333 9.619373
2334 8.678272
2335 9.272808
2336 10.462949
2337 8.124463
2338 9.384532
2339 10.438973
2340 11.115149
2341 11.490633
2342 10.771097
2343 11.009318
2344 10.925844
2345 10.313264
2346 10.840746
2347 10.407309
2348 9.825521
2349 8.774673
2350 11.307638
2351 11.515141
2352 9.936296
2353 10.608476
2354 11.407380
2355 9.970368
2356 10.083048
2357 10.722044
2358 9.779185
2359 10.346313
2360 10.881076
2361 10.812279
2362 12.312828
2363 11.156688
2364 10.312703
2365 10.931149
2366 10.819346
2367 11.096170
2368 10.743988
2369 11.407693
2370 10.359485
2371 10.218555
2372 10.279757
2373 10.519547
2374 10.314719
2375 10.448583
2376 11.102422
2377 10.253602
2378 10.077393
2379 9.225020
2380 10.628879
2381 10.594956
2382 11.030540
2383 11.697563
2384 10.567862
2385 10.166865
2386 11.064151
2387 11.274940
2388 10.132800
2389 11.605621
2390 10.942287
2391 11.099317
2392 11.175153
2393 9.717289
2394 8.568798
2395 10.313557
2396 9.947593
2397 10.231810
2398 10.555894
2399 10.370020
2400 9.687808
2401 9.403408
2402 10.757177
2403 11.519724
2404 11.113042
2405 11.723321
2406 11.426392
2407 11.654872
2408 9.390427
2409 10.882081
2410 10.009623
2411 11.446491
2412 11.375499
2413 10.862364
2414 9.799050
2415 11.547139
2416 10.265033
2417 10.619442
2418 10.402216
2419 10.231172
2420 10.837310
2421 10.318847
2422 10.874488
2423 10.750453
2424 11.768562
2425 11.337703
2426 10.505443
2427 10.621459
2428 11.506578
2429 10.966791
2430 10.784510
2431 10.433138
2432 10.268077
2433 10.882183
2434 10.831207
2435 10.648220
2436 10.822504
2437 10.391753
2438 10.250119
2439 10.877635
2440 10.370835
2441 10.280297
2442 10.225988
2443 10.801533
2444 11.297387
2445 10.671522
2446 9.751155
2447 10.758578
2448 10.096044
2449 9.572408
2450 9.909023
2451 9.886703
2452 10.408175
2453 9.931625
2454 10.405291
2455 11.125788
2456 11.104859
2457 10.649647
2458 10.153921
2459 9.173222
2460 10.609759
2461 13.345584
2462 12.461607
2463 10.590346
2464 9.246162
2465 10.019409
2466 11.154628
2467 9.654142
2468 9.670000
2469 10.401196
2470 9.739558
2471 10.461945
2472 11.010560
2473 10.482435
2474 10.464344
2475 10.866330
2476 11.175914
2477 10.718066
2478 11.122556
2479 10.789036
2480 10.114450
2481 10.795043
2482 10.460924
2483 10.869388
2484 10.568530
2485 10.574942
2486 10.428354
2487 10.150970
2488 10.658430
2489 10.817735
2490 11.503891
2491 9.790310
2492 9.615521
2493 9.604723
2494 9.717500
2495 9.168346
2496 10.057296
2497 9.463647
2498 9.443905
2499 9.889025
2500 9.742062
2501 11.284584
2502 9.731055
2503 11.052220
2504 10.267040
2505 10.897315
2506 10.464575
2507 9.933757
2508 9.634214
2509 10.305923
2510 10.542310
2511 10.940022
2512 10.263589
2513 10.580904
2514 11.856458
2515 10.698886
2516 10.630364
2517 10.871229
2518 10.712041
2519 10.634788
2520 10.689548
2521 10.271404
2522 10.880272
2523 10.154526
2524 9.811603
2525 10.769876
2526 10.730394
2527 10.483251
2528 11.089154
2529 11.142804
2530 10.613702
2531 10.888772
2532 10.934874
2533 10.867359
2534 10.561996
2535 9.568241
2536 10.675725
2537 10.655279
2538 9.441302
2539 10.155752
2540 10.561748
2541 10.554586
2542 10.007130
2543 10.973231
2544 10.283609
2545 10.024920
2546 10.473970
2547 9.671326
2548 10.088235
2549 10.916377
2550 9.449448
2551 10.894569
2552 9.974425
2553 11.390797
2554 11.347469
2555 10.677005
2556 10.151654
2557 11.275145
2558 9.001143
2559 10.353635
2560 9.943941
2561 9.542646
2562 10.478684
2563 10.667697
2564 10.498921
2565 9.848097
2566 9.714747
2567 10.160123
2568 10.093681
2569 9.297118
2570 11.494369
2571 8.697597
2572 10.412996
2573 9.987016
2574 9.775554
2575 10.524499
2576 9.689183
2577 10.293664
2578 10.188428
2579 10.060541
2580 10.735538
2581 10.255145
2582 10.405643
2583 9.968453
2584 11.797603
2585 10.545840
2586 10.391179
2587 10.883292
2588 10.901913
2589 11.646057
2590 11.788888
2591 10.609455
2592 10.049326
2593 9.909778
2594 11.603615
2595 9.828701
2596 9.051023
2597 10.513820
2598 10.097848
2599 11.204983
2600 10.207125
2601 10.991725
2602 11.207077
2603 10.396643
2604 11.229144
2605 9.835138
2606 11.401917
2607 10.022387
2608 10.414521
2609 10.253119
2610 10.825373
2611 10.069786
2612 9.952341
2613 8.954736
2614 11.175596
2615 9.556693
2616 9.603043
2617 8.564549
2618 9.304062
2619 11.410637
2620 10.619172
2621 11.197473
2622 11.044735
2623 10.901676
2624 8.684350
2625 11.486624
2626 11.548027
2627 11.549588
2628 10.770539
2629 9.566162
2630 11.378475
2631 11.434817
2632 11.127972
2633 10.654625
2634 11.062095
2635 10.300269
2636 10.783313
2637 10.931323
2638 10.785783
2639 9.129484
2640 10.794914
2641 10.823831
2642 11.159219
2643 10.715003
2644 10.840089
2645 9.298652
2646 10.247028
2647 9.212441
2648 9.795403
2649 9.964530
2650 9.960730
2651 9.570656
2652 9.621950
2653 9.485201
2654 10.152414
2655 9.987702
2656 9.645916
2657 9.537054
2658 9.890590
2659 9.088842
2660 9.568585
2661 10.470783
2662 9.868099
2663 8.862174
2664 10.117321
2665 9.928855
2666 10.032765
2667 10.457435
2668 10.979449
2669 9.562686
2670 10.102362
2671 10.388275
2672 9.394519
2673 10.003826
2674 9.935637
2675 9.855209
2676 9.640667
2677 10.690433
2678 10.235797
2679 9.894020
2680 10.627109
2681 10.451115
2682 9.259920
2683 10.760486
2684 11.027328
2685 11.360584
2686 10.858310
2687 9.218445
2688 10.842445
2689 10.408970
2690 10.738632
2691 10.368784
2692 10.518121
2693 10.529775
2694 11.047903
2695 10.733069
2696 9.732186
2697 9.819394
2698 11.023473
2699 9.763038
2700 9.812349
2701 11.203172
2702 10.536442
2703 10.257268
2704 9.721495
2705 10.170576
2706 9.809126
2707 9.677695
2708 9.504092
2709 10.262777
2710 9.666052
2711 8.948770
2712 9.080690
2713 9.709566
2714 10.457944
2715 9.926538
2716 9.757077
2717 10.854914
2718 9.321163
2719 10.500078
2720 10.669461
2721 11.374643
2722 10.862440
2723 10.928946
2724 9.826159
2725 11.066227
2726 10.968485
2727 9.866716
2728 10.084862
2729 10.640840
2730 10.032511
2731 10.784078
2732 10.151945
2733 10.666810
2734 10.768936
2735 10.554478
2736 11.600883
2737 10.908974
2738 10.100826
2739 10.272222
2740 10.498509
2741 10.467613
2742 9.744070
2743 11.810078
2744 10.355831
2745 10.416882
2746 11.629661
2747 10.924931
2748 11.790687
2749 11.028072
2750 11.076906
2751 10.250763
2752 9.934815
2753 11.331062
2754 10.787074
2755 10.763014
2756 10.395473
2757 10.671311
2758 10.905511
2759 11.038165
2760 12.381316
2761 10.898372
2762 11.217066
2763 11.231973
2764 10.616878
2765 10.308642
2766 10.129654
2767 11.530735
2768 10.703805
2769 9.602573
2770 10.880195
2771 11.513911
2772 9.702247
2773 10.345691
2774 10.518430
2775 10.441577
2776 11.082279
2777 9.810956
2778 10.400865
2779 10.949016
2780 10.377980
2781 11.523550
2782 9.634131
2783 10.867409
2784 10.878656
2785 10.888639
2786 11.344076
2787 10.092667
2788 9.972970
2789 11.999306
2790 10.254966
2791 10.496344
2792 10.380762
2793 10.085014
2794 11.455151
2795 11.185018
2796 11.567164
2797 9.564961
2798 11.379092
2799 10.557990
2800 10.468550
2801 10.228873
2802 9.853302
2803 11.177451
2804 10.293366
2805 11.207309
2806 10.516597
2807 9.896695
2808 9.890751
2809 9.717095
2810 9.930505
2811 10.944624
2812 10.332369
2813 11.037265
2814 10.876788
2815 10.413095
2816 9.978705
2817 11.501798
2818 10.080177
2819 10.772746
2820 10.538377
2821 10.661986
2822 10.933072
2823 9.024382
2824 11.044274
2825 10.562210
2826 11.096422
2827 10.612686
2828 11.111993
2829 10.768494
2830 10.202246
2831 10.770387
2832 10.154431
2833 10.216864
2834 10.251418
2835 9.940066
2836 10.488787
2837 9.170458
2838 10.593369
2839 11.262507
2840 10.832418
2841 10.275887
2842 10.369517
2843 10.571719
2844 10.314486
2845 11.195689
2846 10.662632
2847 9.973536
2848 9.321792
2849 10.816772
2850 9.676987
2851 10.318073
2852 9.848497
2853 10.638911
2854 9.969995
2855 9.858404
2856 10.045523
2857 8.684959
2858 9.862865
2859 10.668689
2860 11.058502
2861 9.865954
2862 10.231834
2863 10.099442
2864 10.274466
2865 9.946903
2866 10.869959
2867 11.482746
2868 11.587188
2869 11.830555
2870 9.822337
2871 11.616290
2872 11.314721
2873 11.496818
2874 9.681047
2875 10.164576
2876 10.742652
2877 10.255001
2878 10.370236
2879 11.572752
2880 9.925232
2881 8.856297
2882 10.705250
2883 11.159609
2884 10.351680
2885 10.727153
2886 11.502020
2887 10.666106
2888 11.827067
2889 9.695000
2890 11.389510
2891 9.382633
2892 10.771638
2893 9.491201
2894 10.740932
2895 10.965928
2896 9.496498
2897 10.774444
2898 10.344429
2899 10.985053
2900 10.425169
2901 10.606057
2902 10.439563
2903 10.284240
2904 11.068745
2905 10.184782
2906 10.467478
2907 9.328526
2908 10.679955
2909 10.318528
2910 10.058374
2911 10.550705
2912 11.284029
2913 10.928535
2914 10.171892
2915 10.181333
2916 9.628085
2917 8.513695
2918 9.853779
2919 9.951506
2920 9.507946
2921 10.321672
2922 9.887085
2923 11.018326
2924 10.379622
2925 10.739356
2926 9.229826
2927 11.077640
2928 10.798274
2929 11.362012
2930 11.088795
2931 9.754889
2932 10.465855
2933 10.892581
2934 10.421041
2935 11.215224
2936 10.377938
2937 10.968490
2938 11.504143
2939 10.284966
2940 10.328158
2941 11.176250
2942 10.216980
2943 10.157683
2944 9.092903
2945 10.767376
2946 10.370891
2947 10.768867
2948 10.093774
2949 10.351614
2950 10.933810
2951 11.215290
2952 10.140350
2953 10.615202
2954 11.151121
2955 10.787365
2956 10.425922
2957 10.819136
2958 12.606223
2959 10.340038
2960 10.053902
2961 10.466595
2962 10.509275
2963 11.455521
2964 10.848175
2965 11.343129
2966 11.476912
2967 11.136880
2968 10.600481
2969 11.282226
2970 9.858871
2971 9.024870
2972 10.338757
2973 8.970368
2974 10.348286
2975 11.098930
2976 10.518618
2977 10.808832
2978 11.037122
2979 10.630865
2980 10.373494
2981 10.927606
2982 11.381019
2983 10.525599
2984 11.414292
2985 9.764229
2986 10.777797
2987 10.369560
2988 10.811820
2989 10.022085
2990 10.800015
2991 9.883732
2992 10.336349
2993 9.483254
2994 10.011278
2995 10.600516
2996 11.250609
2997 11.155631
2998 10.366997
2999 10.243983
3000 10.275376
3001 10.056708
3002 10.832517
3003 10.725091
3004 9.661607
3005 9.620704
3006 10.979326
3007 11.361157
3008 10.133534
3009 10.396955
3010 10.844139
3011 10.720930
3012 11.032701
3013 10.002286
3014 10.983278
3015 10.906524
3016 9.792364
3017 10.656954
3018 10.401126
3019 11.390543
3020 11.169042
3021 9.706303
3022 8.768369
3023 8.831924
3024 9.186645
3025 10.997772
3026 10.886040
3027 10.932243
3028 10.336291
3029 10.495126
3030 9.841228
3031 10.156718
3032 11.240542
3033 11.370338
3034 10.200850
3035 10.571195
3036 10.690612
3037 10.305853
3038 10.516747
3039 10.406564
3040 11.072552
3041 10.034409
3042 10.108950
3043 10.015553
3044 8.429360
3045 8.929268
3046 8.784743
3047 7.893600
3048 10.549128
3049 11.297579
3050 11.089912
3051 10.812705
3052 11.293789
3053 12.532172
3054 12.107527
3055 11.160935
3056 12.414270
3057 10.731828
3058 11.103754
3059 10.856483
3060 11.110547
3061 9.911783
3062 10.833044
3063 12.468105
3064 11.432855
3065 11.356269
3066 11.075764
3067 11.750427
3068 11.286976
3069 11.105289
3070 10.265233
3071 11.061712
3072 10.613040
3073 10.146646
3074 10.139434
3075 11.157586
3076 9.986134
3077 10.676375
3078 10.167837
3079 10.474066
3080 12.058879
3081 11.047292
3082 10.776084
3083 11.221140
3084 10.849316
3085 11.116806
3086 11.650732
3087 10.415183
3088 10.847834
3089 9.813908
3090 10.473895
3091 11.069416
3092 11.157069
3093 11.149643
3094 10.604708
3095 8.741806
3096 8.117265
3097 10.251211
3098 10.719798
3099 10.503551
3100 9.072124
3101 11.341341
3102 10.219684
3103 10.083345
3104 11.856035
3105 10.673423
3106 10.218828
3107 10.124409
3108 10.493315
3109 11.055685
3110 10.072943
3111 9.604732
3112 10.413762
3113 11.489438
3114 10.434810
3115 10.789414
3116 8.587762
3117 9.982429
3118 11.600834
3119 11.011786
3120 10.209307
3121 10.277458
3122 11.432382
3123 12.159854
3124 10.667196
3125 12.042406
3126 10.946622
3127 10.202060
3128 10.493339
3129 11.958214
3130 12.043859
3131 11.466755
3132 11.845098
3133 11.151123
3134 9.948572
3135 10.136082
3136 10.729269
3137 11.742597
3138 11.725802
3139 10.916265
3140 9.994436
3141 10.796189
3142 8.185505
3143 9.169567
3144 10.427534
3145 10.795397
3146 10.497782
3147 11.749135
3148 10.638892
3149 10.600984
3150 10.276980
3151 10.634398
3152 10.344975
3153 10.721745
3154 10.679842
3155 10.228890
3156 11.296347
3157 11.723483
3158 10.197535
3159 10.445986
3160 9.374614
3161 11.727767
3162 11.247805
3163 11.502659
3164 11.640609
3165 11.183384
3166 12.126457
3167 11.544676
3168 11.277883
3169 11.505241
3170 11.291165
3171 12.076729
3172 10.612494
3173 10.316676
3174 10.410612
3175 11.394953
3176 10.723845
3177 12.138144
3178 11.833314
3179 11.658982
3180 12.115518
3181 11.590321
3182 11.951777
3183 10.700398
3184 11.427888
3185 12.060334
3186 12.079794
3187 11.256796
3188 11.111821
3189 11.234536
3190 10.116300
3191 9.869824
3192 10.994344
3193 9.964220
3194 11.207040
3195 11.175410
3196 10.666137
3197 11.304186
3198 11.806529
3199 11.748882
3200 11.465886
3201 11.056666
3202 10.338596
3203 10.957966
3204 10.568016
3205 10.730689
3206 11.031377
3207 10.793238
3208 10.425129
3209 10.472256
3210 12.583801
3211 10.552789
3212 10.071367
3213 10.976183
3214 10.293895
3215 10.877407
3216 9.626134
3217 9.889888
3218 10.422107
3219 9.887597
3220 11.332418
3221 10.759501
3222 10.632951
3223 10.550510
3224 10.006182
3225 11.312818
3226 10.255718
3227 9.921524
3228 10.855380
3229 10.962414
3230 11.367052
3231 11.490261
3232 11.766716
3233 11.499469
3234 11.775301
3235 11.975348
3236 12.011429
3237 10.227599
3238 11.433549
3239 11.442389
3240 11.127842
3241 11.435234
3242 11.115241
3243 12.198426
3244 10.422353
3245 11.475225
3246 11.091885
3247 10.735091
3248 11.278002
3249 10.635098
3250 10.433229
3251 10.865847
3252 11.298300
3253 10.520006
3254 11.107390
3255 9.534016
3256 10.758530
3257 10.205269
3258 10.357461
3259 11.519517
3260 11.245576
3261 10.772276
3262 10.284708
3263 10.835452
3264 9.150800
3265 11.762359
3266 10.958397
3267 11.689106
3268 10.870196
3269 11.131159
3270 11.295242
3271 12.197548
3272 11.911150
3273 12.517753
3274 11.499585
3275 11.792464
3276 11.080798
3277 11.504541
3278 12.294142
3279 12.330401
3280 11.605525
3281 11.930140
3282 10.628949
3283 13.693248
3284 12.418413
3285 11.659821
3286 11.600713
3287 10.759382
3288 11.537250
3289 10.580309
3290 11.398162
3291 10.971754
3292 11.668447
3293 11.228559
3294 9.999070
3295 12.102087
3296 11.566222
3297 11.205107
3298 10.870945
3299 13.280636
3300 10.778101
3301 11.288760
3302 11.913458
3303 11.694245
3304 11.237125
3305 11.543625
3306 12.212891
3307 10.845776
3308 10.954073
3309 10.496240
3310 9.841030
3311 11.369794
3312 11.856461
3313 11.284171
3314 12.653844
3315 12.360531
3316 11.274193
3317 10.265268
3318 11.841130
3319 11.291156
3320 11.246428
3321 12.226256
3322 11.485020
3323 12.070133
3324 10.704551
3325 11.066985
3326 10.937701
3327 11.210218
3328 11.504165
3329 11.317757
3330 12.566190
3331 12.580815
3332 11.105142
3333 11.860606
3334 11.167296
3335 11.593885
3336 9.844968
3337 10.453699
3338 10.593672
3339 10.449671
3340 11.370799
3341 10.258595
3342 10.754955
3343 11.489745
3344 10.970520
3345 11.851501
3346 11.531719
3347 10.888063
3348 11.256047
3349 11.232358
3350 12.016292
3351 11.495516
3352 11.137398
3353 10.105174
3354 10.803511
3355 10.203279
3356 11.405883
3357 10.464084
3358 10.460870
3359 11.509525
3360 10.727172
3361 9.281366
3362 10.570140
3363 11.270151
3364 10.990162
3365 9.907661
3366 9.949761
3367 10.328269
3368 10.429650
3369 10.600786
3370 9.822415
3371 9.935456
3372 9.554330
3373 10.600464
3374 9.772955
3375 10.903091
3376 10.694904
3377 10.252356
3378 11.319988
3379 9.524104
3380 10.461514
3381 9.981213
3382 9.552143
3383 10.023719
3384 11.225340
3385 10.379870
3386 10.559953
3387 10.379002
3388 10.733506
3389 9.748888
3390 10.044888
3391 9.134030
3392 10.619745
3393 10.690866
3394 8.974287
3395 9.966092
3396 9.919936
3397 9.959065
3398 10.502081
3399 9.922003
3400 10.107212
3401 10.524287
3402 9.695054
3403 10.396416
3404 9.942968
3405 9.643054
3406 9.734738
3407 9.485925
3408 10.793940
3409 10.296804
3410 10.394578
3411 10.042959
3412 10.181973
3413 11.023432
3414 10.097436
3415 10.758506
3416 10.222965
3417 11.452378
3418 10.291588
3419 10.107032
3420 10.076808
3421 9.287434
3422 11.469099
3423 9.742496
3424 9.358168
3425 10.152369
3426 9.374319
3427 8.161510
3428 8.331712
3429 9.933006
3430 10.858304
3431 9.073645
3432 10.029921
3433 11.228557
3434 10.887247
3435 9.872535
3436 10.871285
3437 9.615637
3438 11.155240
3439 10.545774
3440 9.652365
3441 11.094995
3442 9.849886
3443 9.872106
3444 9.780025
3445 10.024490
3446 9.820849
3447 11.079952
3448 10.707234
3449 9.908935
3450 10.129367
3451 10.124689
3452 10.373659
3453 10.224371
3454 10.721447
3455 11.085551
3456 10.540159
3457 10.792397
3458 10.596912
3459 10.102253
3460 11.029440
3461 9.989985
3462 10.168919
3463 11.477764
3464 10.693800
3465 10.323917
3466 11.044697
3467 11.005659
3468 10.798575
3469 10.605227
3470 10.309562
3471 10.433643
3472 11.834063
3473 10.031155
3474 9.278207
3475 10.576148
3476 10.261194
3477 9.531592
3478 9.561623
3479 10.086673
3480 9.715023
3481 10.717322
3482 11.269207
3483 10.065805
3484 9.838090
3485 11.087784
3486 11.359163
3487 10.074744
3488 9.277678
3489 9.702478
3490 10.457575
3491 10.069746
3492 10.036485
3493 9.746163
3494 8.242601
3495 9.008341
3496 10.052052
3497 9.532077
3498 10.542080
3499 10.161735
3500 10.765633
3501 9.938479
3502 9.968406
3503 9.062881
3504 10.490953
3505 11.722376
3506 10.882173
3507 11.757317
3508 10.520332
3509 10.298320
3510 10.797385
3511 10.676195
3512 10.751817
3513 9.782390
3514 9.974215
3515 10.320087
3516 10.796902
3517 10.901789
3518 11.435021
3519 10.692406
3520 10.011465
3521 9.871305
3522 10.349385
3523 10.381023
3524 11.291061
3525 10.440084
3526 10.501608
3527 9.293300
3528 10.773860
3529 11.531252
3530 10.489374
3531 9.843303
3532 9.480958
3533 10.928321
3534 10.916018
3535 10.697234
3536 10.963615
3537 10.027288
3538 10.388291
3539 10.596269
3540 10.397397
3541 10.635661
3542 10.854403
3543 9.739022
3544 10.726683
3545 10.528429
3546 11.134546
3547 9.742960
3548 10.974859
3549 10.347777
3550 10.476999
3551 9.961579
3552 10.401319
3553 10.902902
3554 11.381788
3555 10.372090
3556 11.500442
3557 11.548146
3558 10.505228
3559 9.964505
3560 11.314596
3561 11.285818
3562 11.637133
3563 10.318398
3564 10.815276
3565 9.800955
3566 10.810122
3567 10.497708
3568 10.994572
3569 10.586810
3570 11.776092
3571 11.111327
3572 9.343266
3573 9.607771
3574 9.790206
3575 10.359178
3576 10.117988
3577 10.414105
3578 11.456146
3579 11.243643
3580 10.369344
3581 10.822779
3582 10.802633
3583 10.842536
3584 9.868214
3585 10.744922
3586 11.276637
3587 11.481504
3588 10.557464
3589 10.648967
3590 10.603716
3591 10.090176
3592 10.460336
3593 9.877939
3594 9.251434
3595 10.698958
3596 10.240355
3597 9.398011
3598 10.125651
3599 9.869380
3600 8.970179
3601 10.035803
3602 9.593483
3603 9.696475
3604 10.150952
3605 9.550196
3606 10.963241
3607 10.910132
3608 9.744377
3609 11.117942
3610 9.957740
3611 10.392040
3612 9.964741
3613 11.030240
3614 11.394850
3615 10.500909
3616 11.303615
3617 10.913409
3618 10.739064
3619 10.406869
3620 9.042264
3621 10.294704
3622 10.069686
3623 9.516094
3624 11.055803
3625 10.815553
3626 10.655406
3627 9.982091
3628 10.091553
3629 10.438758
3630 10.813419
3631 10.489589
3632 9.968255
3633 11.007936
3634 10.025729
3635 10.724827
3636 9.815441
3637 11.052473
3638 10.490901
3639 10.430496
3640 10.927221
3641 11.165213
3642 10.497108
3643 10.796685
3644 10.636812
3645 10.734381
3646 10.285070
3647 10.824232
3648 11.310005
3649 9.744207
3650 10.710956
3651 10.687987
3652 10.398724
3653 10.832634
3654 11.307387
3655 11.337411
3656 10.544462
3657 10.319162
3658 11.187675
3659 10.168082
3660 12.129422
3661 9.251189
3662 8.895335
3663 10.587788
3664 9.971330
3665 11.302862
3666 10.640681
3667 10.713494
3668 10.338862
3669 10.560218
3670 10.847850
3671 11.069572
3672 10.519437
3673 10.802657
3674 10.388617
3675 10.386227
3676 10.534676
3677 9.784458
3678 11.792099
3679 10.879965
3680 11.013787
3681 9.827806
3682 11.802508
3683 10.448668
3684 10.249029
3685 10.894335
3686 10.627385
3687 10.567973
3688 10.557143
3689 11.203633
3690 10.853524
3691 11.160041
3692 8.355747
3693 11.734688
3694 10.845042
3695 10.149072
3696 11.059426
3697 9.850632
3698 10.901711
3699 9.137528
3700 11.411772
3701 11.096495
3702 10.564839
3703 10.347996
3704 7.647044
3705 8.784909
3706 10.817621
3707 10.198400
3708 11.066717
3709 8.812607
3710 10.724525
3711 10.396641
3712 8.337660
3713 10.360354
3714 10.231038
3715 11.223878
3716 10.078776
3717 11.010743
3718 9.352809
3719 9.246860
3720 10.525238
3721 9.489157
3722 11.000480
3723 11.087599
3724 11.206461
3725 10.728625
3726 10.101813
3727 9.395135
3728 10.048546
3729 10.403754
3730 10.734360
3731 10.427617
3732 11.297244
3733 10.239359
3734 11.261180
3735 11.049104
3736 10.277746
3737 10.536384
3738 9.588836
3739 11.331169
3740 10.524543
3741 10.353290
3742 9.693602
3743 10.846919
3744 11.188231
3745 9.951138
3746 10.208241
3747 10.501166
3748 10.004201
3749 10.269532
3750 9.209896
3751 9.625358
3752 10.347959
3753 10.774505
3754 9.874764
3755 10.427341
3756 10.747337
3757 10.628140
3758 10.330737
3759 7.096571
3760 8.728483
3761 10.751080
3762 9.853106
3763 10.331316
3764 9.872289
3765 11.043972
3766 11.047378
3767 10.702918
3768 11.218904
3769 9.853759
3770 12.708766
3771 10.712704
3772 9.936903
3773 11.102336
3774 10.336931
3775 10.758322
3776 10.185130
3777 10.558663
3778 9.243594
3779 9.730063
3780 10.770813
3781 11.069229
3782 11.468698
3783 9.518278
3784 9.006938
3785 9.012317
3786 9.062943
3787 9.791062
3788 8.518532
3789 11.190562
3790 9.842645
3791 9.582513
3792 10.986444
3793 10.591361
3794 11.240085
3795 11.797771
3796 10.855892
3797 10.648670
3798 10.968595
3799 10.508568
3800 9.778293
3801 10.633144
3802 11.078040
3803 10.917057
3804 10.394323
3805 10.590416
3806 10.489703
3807 11.306734
3808 11.086127
3809 11.207329
3810 10.443893
3811 11.625398
3812 10.627201
3813 10.605609
3814 10.886498
3815 11.180567
3816 10.869339
3817 8.680786
3818 10.506464
3819 7.618835
3820 8.772171
3821 9.104696
3822 9.005142
3823 9.080023
3824 8.547872
3825 9.779370
3826 10.487868
3827 10.563761
3828 9.739598
3829 10.692376
3830 10.977607
3831 10.410864
3832 9.101873
3833 11.159631
3834 10.736841
3835 10.773433
3836 11.474330
3837 10.742090
3838 11.925529
3839 10.916471
3840 9.837712
3841 10.963439
3842 11.343817
3843 11.089215
3844 11.502153
3845 10.362907
3846 11.423716
3847 10.941507
3848 11.624018
3849 11.832069
3850 11.680675
3851 10.600617
3852 11.393972
3853 12.808511
3854 11.268989
3855 10.806170
3856 11.010747
3857 10.581015
3858 11.559086
3859 10.329632
3860 11.044204
3861 9.699576
3862 10.531508
3863 10.945499
3864 9.957212
3865 9.671867
3866 10.114573
3867 10.273369
3868 10.904564
3869 10.990604
3870 9.663070
3871 9.780442
3872 11.208258
3873 10.113087
3874 9.732012
3875 11.132784
3876 10.923853
3877 9.734777
3878 11.514886
3879 10.814085
3880 9.975636
3881 9.738329
3882 10.444450
3883 9.841566
3884 10.831812
3885 11.023377
3886 9.625952
3887 10.521218
3888 10.438260
3889 10.608500
3890 10.162505
3891 10.569839
3892 10.747067
3893 10.669403
3894 9.902983
3895 10.791638
3896 9.420093
3897 9.672077
3898 10.268037
3899 11.288891
3900 10.220187
3901 9.698961
3902 11.400576
3903 10.660211
3904 9.910625
3905 11.069078
3906 10.535454
3907 10.504163
3908 9.829809
3909 10.206274
3910 10.899462
3911 10.954317
3912 10.291909
3913 10.006843
3914 8.626642
3915 8.680838
3916 8.215927
3917 8.388488
3918 8.340156
3919 8.150612
3920 10.406723
3921 10.765515
3922 9.592886
3923 10.205776
3924 10.439069
3925 9.587580
3926 9.972414
3927 10.070046
3928 8.033955
3929 8.745742
3930 9.161284
3931 8.766352
3932 8.498123
3933 10.773611
3934 11.078243
3935 9.046646
3936 10.022923
3937 11.105651
3938 11.095250
3939 10.177523
3940 11.531193
3941 10.350740
3942 10.264077
3943 11.740312
3944 9.440074
3945 9.585879
3946 9.747702
3947 10.705820
3948 10.817107
3949 10.657324
3950 11.333833
3951 10.689832
3952 10.586561
3953 10.490633
3954 10.437252
3955 11.143922
3956 10.611318
3957 10.993457
3958 9.489183
3959 9.749464
3960 9.655688
3961 9.383583
3962 10.390733
3963 9.743937
3964 9.181055
3965 9.020160
3966 9.772968
3967 8.910112
3968 9.676244
3969 10.225060
3970 9.437344
3971 8.970400
3972 11.143545
3973 9.659095
3974 9.572937
3975 10.797424
3976 9.618780
3977 9.459460
3978 9.616877
3979 10.085740
3980 10.208364
3981 9.810539
3982 9.780416
3983 8.812537
3984 9.576209
3985 9.900436
3986 10.033533
3987 10.125226
3988 10.511662
3989 10.509410
3990 10.466549
3991 9.563293
3992 9.969808
3993 10.032093
3994 9.965505
3995 10.186651
3996 9.522964
3997 11.258457
3998 9.502934
3999 10.195336
4000 10.291504
4001 10.041609
4002 9.053078
4003 10.814144
4004 9.632161
4005 10.021711
4006 10.167190
4007 9.548674
4008 10.737679
4009 11.757872
4010 10.992728
4011 10.411927
4012 10.113561
4013 11.428676
4014 10.899405
4015 9.770947
4016 10.801825
4017 10.904178
4018 11.011435
4019 10.348454
4020 9.828662
4021 10.050122
4022 10.258411
4023 10.316228
4024 10.110254
4025 11.497018
4026 9.426820
4027 10.669187
4028 9.529522
4029 9.057509
4030 10.925757
4031 9.691964
4032 10.295697
4033 9.833925
4034 11.963667
4035 8.674043
4036 11.051271
4037 10.083634
4038 9.743213
4039 11.311949
4040 10.964787
4041 10.448409
4042 9.296222
4043 9.518167
4044 9.963843
4045 10.652872
4046 9.669751
4047 11.782402
4048 11.381416
4049 10.597593
4050 10.601460
4051 10.078390
4052 10.427626
4053 10.919196
4054 10.752129
4055 8.989383
4056 8.756474
4057 7.454620
4058 11.099432
4059 10.875803
4060 10.794209
4061 10.104585
4062 10.886998
4063 10.259892
4064 10.990554
4065 10.728266
4066 9.851628
4067 8.167921
4068 8.736115
4069 7.723681
4070 7.430117
4071 7.654860
4072 8.764712
4073 8.657507
4074 8.396603
4075 9.108490
4076 9.735603
4077 11.114047
4078 11.088894
4079 10.523956
4080 10.437554
4081 11.169535
4082 10.734418
4083 10.640992
4084 10.520408
4085 11.533193
4086 10.520845
4087 11.155656
4088 10.829637
4089 10.518506
4090 10.715096
4091 10.338338
4092 10.293796
4093 9.567745
4094 10.171220
4095 10.935558
4096 10.437141
4097 9.916381
4098 10.662462
4099 9.543135
4100 9.652245
4101 10.526046
4102 9.537730
4103 10.481098
4104 11.190919
4105 10.610689
4106 10.968983
4107 10.636258
4108 10.349856
4109 10.542782
4110 9.748749
4111 10.190284
4112 10.611214
4113 11.424737
4114 10.636082
4115 11.215953
4116 10.361350
4117 10.243913
4118 8.385911
4119 9.785898
4120 11.182719
4121 10.525493
4122 10.416859
4123 10.440997
4124 9.912087
4125 9.652139
4126 10.495344
4127 10.616540
4128 10.372013
4129 10.134818
4130 9.837644
4131 9.835572
4132 11.232031
4133 10.350389
4134 10.857030
4135 10.828688
4136 10.137802
4137 10.851558
4138 11.213588
4139 10.457815
4140 10.990228
4141 10.766488
4142 10.569468
4143 10.813464
4144 9.154897
4145 10.592993
4146 10.283116
4147 10.447706
4148 10.658709
4149 10.196265
4150 10.082235
4151 9.590396
4152 10.021147
4153 10.844650
4154 9.330996
4155 11.564340
4156 10.885191
4157 10.207081
4158 9.855489
4159 10.393023
4160 11.076460
4161 11.500407
4162 10.315719
4163 10.351914
4164 10.304057
4165 9.845786
4166 10.571021
4167 9.443294
4168 9.474301
4169 9.554236
4170 11.008916
4171 10.043015
4172 10.108007
4173 11.041231
4174 10.828045
4175 10.066873
4176 10.166821
4177 10.147458
4178 10.345269
4179 10.816907
4180 9.940908
4181 10.254953
4182 9.899945
4183 10.720315
4184 10.110563
4185 9.533804
4186 10.710857
4187 10.316747
4188 9.921037
4189 10.013959
4190 11.290330
4191 11.145915
4192 10.054477
4193 11.258652
4194 10.363234
4195 10.508519
4196 11.050018
4197 10.256577
4198 9.466622
4199 10.117060
4200 10.406195
4201 10.502752
4202 10.176530
4203 10.704882
4204 11.899628
4205 10.278434
4206 9.658582
4207 12.150576
4208 11.906714
4209 11.229112
4210 12.870483
4211 10.635303
4212 10.725660
4213 11.045475
4214 10.356652
4215 10.536476
4216 9.874701
4217 10.670722
4218 9.302155
4219 9.906913
4220 9.788209
4221 10.241148
4222 11.379289
4223 9.970930
4224 9.894877
4225 10.653968
4226 10.187278
4227 10.095194
4228 11.312585
4229 8.659596
4230 9.341528
4231 10.044944
4232 9.981872
4233 9.888348
4234 7.756604
4235 7.227748
4236 8.437238
4237 8.449058
4238 8.577164
4239 7.509226
4240 10.368439
4241 9.706212
4242 10.119934
4243 9.093148
4244 8.035376
4245 9.699903
4246 10.333499
4247 10.940597
4248 10.376502
4249 10.515220
4250 9.409196
4251 7.459174
4252 10.130733
4253 10.990146
4254 10.690269
4255 10.290099
4256 10.345345
4257 10.487221
4258 11.240185
4259 10.237255
4260 10.124969
4261 11.098890
4262 10.185892
4263 10.125028
4264 10.464256
4265 10.493341
4266 9.451691
4267 10.825935
4268 10.243843
4269 11.341523
4270 10.861335
4271 10.759064
4272 10.238913
4273 10.379231
4274 11.497736
4275 10.739836
4276 9.897378
4277 9.686850
4278 9.456478
4279 10.556568
4280 9.951098
4281 10.554099
4282 10.419604
4283 10.477606
4284 9.800592
4285 10.151655
4286 10.631997
4287 9.856114
4288 9.807515
4289 10.670300
4290 10.846465
4291 11.699752
4292 10.612282
4293 11.063967
4294 11.098881
4295 10.614906
4296 10.103925
4297 10.822705
4298 11.062217
4299 10.864380
4300 9.062493
4301 9.901101
4302 11.684698
4303 10.651435
4304 10.212450
4305 10.130499
4306 11.312180
4307 11.064547
4308 9.707365
4309 10.159006
4310 10.793189
4311 10.307710
4312 10.301409
4313 10.977603
4314 10.523940
4315 10.717302
4316 10.988021
4317 10.616838
4318 8.689464
4319 10.480136
4320 10.220099
4321 10.675943
4322 10.469649
4323 10.668951
4324 11.342509
4325 11.082788
4326 10.686147
4327 11.334623
4328 10.843109
4329 10.270841
4330 11.110955
4331 9.628734
4332 10.581623
4333 10.214532
4334 11.424022
4335 9.714543
4336 9.492210
4337 11.089124
4338 10.602480
4339 10.269424
4340 9.937549
4341 10.141201
4342 11.005009
4343 10.242434
4344 10.398870
4345 10.326653
4346 9.843471
4347 10.725101
4348 9.936159
4349 9.374825
4350 10.177515
4351 10.839118
4352 10.539043
4353 10.997201
4354 11.784113
4355 9.690879
4356 10.684224
4357 9.925336
4358 11.093015
4359 10.647340
4360 10.612453
4361 10.980773
4362 10.629355
4363 10.323618
4364 12.543422
4365 11.526780
4366 10.679941
4367 10.483113
4368 11.835648
4369 10.450706
4370 9.201882
4371 9.610224
4372 9.492632
4373 11.471350
4374 10.790389
4375 11.018611
4376 10.604142
4377 10.741067
4378 11.906343
4379 11.172564
4380 11.760687
4381 11.470638
4382 10.171529
4383 11.926250
4384 11.245737
4385 10.286403
4386 9.205693
4387 10.005148
4388 8.571028
4389 9.231389
4390 9.487514
4391 8.440700
4392 8.778349
4393 9.290005
4394 8.979225
4395 9.405094
4396 9.637459
4397 8.157163
4398 8.620447
4399 9.894314
4400 9.869682
4401 9.241152
4402 9.964745
4403 10.934337
4404 10.524960
4405 11.215769
4406 11.401266
4407 11.483820
4408 10.205844
4409 10.798638
4410 10.545918
4411 10.690697
4412 9.366806
4413 9.985187
4414 10.003749
4415 10.291889
4416 11.241899
4417 9.770145
4418 11.026397
4419 9.096294
4420 7.457109
4421 10.142838
4422 10.030564
4423 11.622693
4424 11.081848
4425 11.334364
4426 10.345734
4427 10.708582
4428 10.664978
4429 11.322534
4430 10.559664
4431 10.826700
4432 11.583033
4433 9.934364
4434 10.862405
4435 11.224977
4436 10.899147
4437 10.754598
4438 11.373007
4439 9.527359
4440 10.911470
4441 11.025366
4442 10.476725
4443 10.140084
4444 10.066272
4445 9.086254
4446 10.795411
4447 10.602705
4448 9.851881
4449 9.620214
4450 10.867922
4451 10.925696
4452 11.525468
4453 11.013281
4454 10.753551
4455 10.847101
4456 10.451312
4457 10.711808
4458 10.618032
4459 10.622377
4460 10.205072
4461 10.510291
4462 10.506538
4463 11.385211
4464 10.980504
4465 10.656252
4466 11.452395
4467 9.967688
4468 10.233872
4469 10.826035
4470 11.148835
4471 11.559865
4472 10.146869
4473 10.950727
4474 11.588272
4475 11.105754
4476 10.392061
4477 10.391769
4478 10.447128
4479 10.091069
4480 9.085612
4481 8.596711
4482 8.769550
4483 10.503682
4484 9.610459
4485 10.343375
4486 9.609942
4487 10.521963
4488 10.582861
4489 10.439590
4490 10.573977
4491 10.243294
4492 10.360582
4493 10.219025
4494 10.810114
4495 10.197325
4496 11.530422
4497 10.381700
4498 11.772191
4499 10.870767
4500 9.647688
4501 9.596199
4502 10.623560
4503 10.629402
4504 10.944227
4505 11.318987
4506 11.253516
4507 9.878631
4508 9.569886
4509 11.603883
4510 10.530686
4511 11.240015
4512 10.368845
4513 11.374938
4514 10.378658
4515 10.854101
4516 10.480353
4517 9.690872
4518 10.557438
4519 10.315954
4520 12.130415
4521 10.979625
4522 11.026812
4523 10.220238
4524 9.923715
4525 9.289434
4526 9.920138
4527 11.231960
4528 10.809693
4529 10.038497
4530 9.820723
4531 10.161855
4532 10.416493
4533 10.447248
4534 11.153127
4535 11.466810
4536 10.648479
4537 11.955586
4538 10.608988
4539 10.581561
4540 10.251482
4541 10.563889
4542 11.732018
4543 9.930185
4544 10.378696
4545 11.246160
4546 10.372781
4547 10.729377
4548 11.049719
4549 10.309845
4550 10.595211
4551 9.963974
4552 10.541851
4553 10.099412
4554 10.063463
4555 10.650676
4556 9.873779
4557 10.397829
4558 9.378193
4559 10.604794
4560 12.380962
4561 11.064229
4562 10.354878
4563 9.632685
4564 10.199831
4565 10.389983
4566 10.422676
4567 10.309342
4568 10.025660
4569 10.214954
4570 10.696976
4571 11.255624
4572 10.911835
4573 11.220431
4574 11.099792
4575 9.640292
4576 10.211248
4577 9.198511
4578 10.165205
4579 10.651351
4580 11.372082
4581 10.210833
4582 9.799536
4583 10.259850
4584 10.516581
4585 11.533606
4586 9.954230
4587 10.488422
4588 10.875225
4589 10.846075
4590 11.633798
4591 10.143869
4592 10.462989
4593 9.766544
4594 10.640757
4595 10.942328
4596 10.900100
4597 11.265705
4598 9.017859
4599 8.926817
4600 9.057445
4601 8.537053
4602 7.928416
4603 9.670600
4604 9.186929
4605 9.311069
4606 9.618238
4607 8.981211
4608 9.605805
4609 9.348465
4610 8.212221
4611 9.138722
4612 8.262318
4613 10.329776
4614 8.685695
4615 9.832401
4616 10.269500
4617 9.118148
4618 9.186235
4619 8.216889
4620 8.025191
4621 9.602781
4622 9.301256
4623 8.694854
4624 9.176956
4625 8.629701
4626 10.210432
4627 11.338328
4628 11.204090
4629 10.384748
4630 10.516967
4631 10.674426
4632 10.737144
4633 11.209346
4634 9.734557
4635 9.257830
4636 10.328281
4637 10.066763
4638 10.800763
4639 9.357922
4640 10.313322
4641 11.682675
4642 10.369504
4643 9.568643
4644 9.253098
4645 10.360078
4646 10.267311
4647 9.986843
4648 10.181856
4649 10.474172
4650 10.113105
4651 11.647944
4652 10.629807
4653 10.774032
4654 10.455933
4655 9.521824
4656 10.963891
4657 9.673439
4658 9.243534
4659 10.557744
4660 10.821073
4661 9.848909
4662 10.671395
4663 11.816457
4664 10.483954
4665 9.741190
4666 11.242512
4667 9.789310
4668 9.822150
4669 11.330608
4670 10.568504
4671 9.268667
4672 7.689210
4673 10.636021
4674 11.281310
4675 10.725787
4676 10.930880
4677 9.890344
4678 10.162687
4679 11.313180
4680 11.736862
4681 10.611226
4682 9.620895
4683 9.395262
4684 10.975327
4685 10.348038
4686 10.397705
4687 10.395250
4688 10.871886
4689 10.532872
4690 9.189747
4691 10.719604
4692 9.408873
4693 10.619478
4694 10.864654
4695 10.497679
4696 9.738590
4697 10.065078
4698 9.810631
4699 8.799034
4700 10.253341
4701 10.298633
4702 10.217502
4703 10.034459
4704 10.239420
4705 9.395231
4706 10.566216
4707 10.486461
4708 11.148850
4709 9.459420
4710 10.194744
4711 10.356611
4712 10.359489
4713 10.473781
4714 10.225861
4715 10.850226
4716 10.796280
4717 10.491076
4718 10.285233
4719 10.895568
4720 10.377013
4721 9.800415
4722 10.417285
4723 11.005007
4724 9.482746
4725 10.519835
4726 10.440716
4727 10.726460
4728 10.568582
4729 11.273535
4730 9.940996
4731 10.408294
4732 10.745010
4733 10.164043
4734 10.703486
4735 10.070520
4736 10.988766
4737 10.579309
4738 10.401553
4739 10.678216
4740 10.240016
4741 9.881430
4742 9.989985
4743 10.153568
4744 9.526135
4745 10.266049
4746 10.845227
4747 9.665551
4748 9.133284
4749 10.253996
4750 9.366355
4751 10.429506
4752 9.447762
4753 7.530351
4754 8.665184
4755 8.133180
4756 8.860072
4757 9.539439
4758 11.102472
4759 10.077083
4760 9.932019
4761 10.313772
4762 11.856292
4763 11.095758
4764 10.090539
4765 10.612966
4766 11.280936
4767 10.988475
4768 10.238733
4769 10.449450
4770 10.055775
4771 10.256413
4772 10.857781
4773 10.083898
4774 11.624409
4775 10.679364
4776 10.211648
4777 10.193771
4778 11.177547
4779 9.668739
4780 9.217081
4781 9.286714
4782 9.063072
4783 9.157760
4784 8.963978
4785 8.237144
4786 8.968505
4787 7.733673
4788 8.528646
4789 8.995856
4790 8.414240
4791 10.565163
4792 11.126160
4793 11.588242
4794 7.705185
4795 10.477130
4796 10.496116
4797 11.011386
4798 10.802618
4799 10.503377
4800 10.957238
4801 10.816036
4802 10.507383
4803 10.246390
4804 9.346176
4805 10.461116
4806 10.441398
4807 10.214725
4808 10.185680
4809 11.237838
4810 9.917663
4811 10.737243
4812 10.546801
4813 10.437344
4814 10.867005
4815 10.065043
4816 10.148955
4817 11.005762
4818 10.341034
4819 11.334131
4820 11.056603
4821 11.334713
4822 10.497380
4823 10.907618
4824 11.146818
4825 10.085726
4826 11.057565
4827 10.259309
4828 10.797062
4829 10.097153
4830 10.095881
4831 10.470882
4832 10.113224
4833 11.257367
4834 10.948365
4835 10.790830
4836 10.963368
4837 9.813002
4838 10.184564
4839 11.212320
4840 10.125642
4841 10.594658
4842 10.305867
4843 10.103368
4844 10.581668
4845 10.652751
4846 11.471947
4847 9.518744
4848 10.776775
4849 9.920263
4850 9.719516
4851 11.294823
4852 10.945540
4853 9.692414
4854 10.267867
4855 10.452109
4856 10.162432
4857 9.915891
4858 10.281522
4859 10.190234
4860 10.266279
4861 10.588498
4862 9.551779
4863 10.481166
4864 11.417580
4865 9.173647
4866 9.142724
4867 10.571199
4868 10.224213
4869 10.550204
4870 9.837764
4871 10.537733
4872 11.401023
4873 10.715587
4874 10.816496
4875 10.492259
4876 9.773381
4877 11.266523
4878 9.999477
4879 10.134640
4880 9.651686
4881 10.176104
4882 9.915936
4883 11.207544
4884 11.564664
4885 10.253286
4886 10.335813
4887 9.513644
4888 10.015119
4889 10.355974
4890 10.295219
4891 10.472441
4892 10.828380
4893 11.570153
4894 11.270696
4895 10.184566
4896 10.866040
4897 10.924058
4898 10.468719
4899 9.652431
4900 11.022495
4901 10.536494
4902 9.613147
4903 10.697119
4904 10.967779
4905 10.891205
4906 11.278749
4907 11.012892
4908 10.433839
4909 11.777554
4910 10.392258
4911 10.515556
4912 10.567467
4913 10.535933
4914 9.529397
4915 11.352221
4916 11.280273
4917 11.137877
4918 10.434452
4919 10.628702
4920 9.888668
4921 11.335124
4922 10.074984
4923 11.469243
4924 10.478104
4925 10.466718
4926 10.719838
4927 10.864277
4928 10.110673
4929 10.839234
4930 11.076861
4931 10.300609
4932 9.993813
4933 10.593407
4934 11.273366
4935 9.530817
4936 9.482379
4937 10.207282
4938 11.416694
4939 9.837288
4940 10.860055
4941 10.505970
4942 10.124075
4943 10.862827
4944 10.956913
4945 9.384263
4946 10.528317
4947 10.380110
4948 10.120570
4949 10.550581
4950 11.533559
4951 9.785448
4952 9.913426
4953 10.131938
4954 10.372551
4955 10.140031
4956 10.981190
4957 8.836409
4958 10.337815
4959 10.515787
4960 10.306826
4961 11.293987
4962 10.821988
4963 11.377724
4964 10.506450
4965 10.888761
4966 10.930408
4967 8.821342
4968 8.564683
4969 11.046996
4970 10.494763
4971 10.863767
4972 10.600037
4973 11.401055
4974 10.268677
4975 10.509445
4976 8.181308
4977 8.887852
4978 9.580836
4979 9.631590
4980 11.336168
4981 10.800206
4982 10.943878
4983 10.462056
4984 10.186389
4985 10.761857
4986 10.267649
4987 11.128832
4988 9.646607
4989 10.542852
4990 10.727764
4991 9.816687
4992 9.892585
4993 9.389627
4994 9.612601
4995 9.917247
4996 10.311704
4997 10.577568
4998 10.627204
4999 11.086643
5000 10.314265
5001 10.249535

