0 5.444135
1 5.241804
2 5.956040
3 5.249333
4 4.798480
5 3.748359
6 3.445374
7 3.496925
8 3.454591
9 3.467230
10 3.236990
11 3.417395
12 3.386369
13 3.325434
14 3.356815
15 7.177775
16 7.573045
17 7.116320
18 6.670122
19 6.258795
20 6.551290
21 7.384399
22 7.041498
23 7.058764
24 6.737703
25 6.773533
26 7.407606
27 6.940707
28 7.880425
29 6.727185
30 6.701058
31 7.633538
32 5.556285
33 5.908205
34 6.152625
35 3.253610
36 3.139761
37 3.125796
38 3.492351
39 3.226609
40 3.282758
41 3.350851
42 3.595163
43 3.685472
44 3.553773
45 3.449549
46 3.346176
47 3.424937
48 3.231425
49 5.068195
50 5.140624
51 4.433573
52 5.355241
53 5.740429
54 4.851443
55 4.440611
56 4.100025
57 5.098706
58 6.420599
59 4.934015
60 5.157316
61 4.940647
62 5.926820
63 6.367105
64 5.265113
65 3.335522
66 3.208771
67 3.422571
68 3.418933
69 3.244520
70 3.217592
71 3.168864
72 3.263509
73 3.143325
74 3.508335
75 3.249646
76 3.449839
77 3.700135
78 3.074296
79 3.452332
80 3.321809
81 3.172585
82 3.739491
83 3.136652
84 3.525042
85 3.129186
86 3.189954
87 3.436177
88 3.022915
89 3.266801
90 3.207787
91 3.741711
92 3.496884
93 3.282957
94 3.298498
95 3.010464
96 3.416373
97 3.322679
98 3.221506
99 3.392845
100 3.096482
101 3.381567
102 3.168674
103 3.087605
104 3.342364
105 4.000813
106 3.149650
107 3.121074
108 4.426432
109 3.682351
110 3.488524
111 3.477656
112 3.414222
113 3.410174
114 3.858121
115 3.823937
116 3.598808
117 3.400796
118 3.659099
119 3.635231
120 3.447462
121 3.599778
122 3.331275
123 3.237901
124 3.557373
125 3.829907
126 3.571624
127 3.359687
128 3.149618
129 3.353014
130 6.311294
131 5.448414
132 5.739348
133 5.190703
134 6.566501
135 5.273518
136 5.979606
137 6.319770
138 4.854730
139 5.174110
140 5.878519
141 7.480387
142 7.276138
143 5.933710
144 4.891799
145 5.773742
146 7.365691
147 6.895762
148 6.287488
149 7.543905
150 6.414894
151 7.491974
152 6.230642
153 5.495717
154 5.895974
155 5.506886
156 3.645902
157 3.675133
158 3.833786
159 3.239213
160 3.773512
161 3.438416
162 3.900950
163 3.312612
164 3.476463
165 3.741939
166 5.906308
167 4.178147
168 5.823135
169 5.250902
170 5.419766
171 6.256918
172 6.295283
173 5.625567
174 5.845461
175 5.217526
176 5.950736
177 5.615462
178 6.611286
179 5.625870
180 6.100442
181 5.747835
182 6.583539
183 5.575198
184 3.716854
185 3.625147
186 3.550747
187 3.660739
188 3.653191
189 3.680884
190 3.381744
191 3.402557
192 3.685716
193 3.551747
194 3.563004
195 3.392728
196 3.384287
197 3.785737
198 3.593452
199 3.612505
200 3.496714
201 3.597374
202 3.207117
203 3.385824
204 3.678723
205 3.071740
206 3.692766
207 3.630495
208 3.381184
209 3.599737
210 3.272108
211 6.429386
212 6.096132
213 7.389806
214 6.515344
215 7.002021
216 7.341123
217 6.787878
218 7.364246
219 6.352526
220 6.833272
221 6.829502
222 6.819678
223 6.791237
224 6.887801
225 8.018335
226 7.498853
227 6.501740
228 7.067905
229 7.623235
230 4.695645
231 5.790941
232 6.664600
233 6.587914
234 7.438132
235 7.847078
236 6.350223
237 6.788248
238 7.518797
239 6.963032
240 5.731771
241 7.027872
242 8.016261
243 6.244473
244 8.011711
245 6.401334
246 6.450930
247 7.079748
248 7.681583
249 6.754414
250 8.180763
251 6.948419
252 6.949083
253 6.669234
254 6.366814
255 7.205762
256 6.756648
257 5.755560
258 5.560029
259 6.756132
260 5.774660
261 5.641007
262 7.294121
263 7.681574
264 6.717890
265 5.504952
266 6.500285
267 3.867029
268 3.587773
269 3.555351
270 3.447158
271 3.491402
272 3.197030
273 3.443457
274 3.639739
275 3.307295
276 3.349821
277 3.661433
278 3.636949
279 3.180739
280 3.664029
281 3.563298
282 3.205760
283 3.417177
284 3.530466
285 3.186016
286 3.276553
287 3.383341
288 3.477326
289 3.069251
290 3.074037
291 3.268287
292 3.546956
293 3.284221
294 3.273423
295 3.283320
296 3.202390
297 3.309698
298 3.374982
299 3.165992
300 3.250200
301 3.488681
302 3.350910
303 3.191380
304 3.141306
305 3.268471
306 3.165282
307 3.119887
308 3.095432
309 3.242607
310 3.547986
311 3.471182
312 3.371736
313 3.334037
314 3.227475
315 3.271178
316 3.222250
317 3.168990
318 3.086017
319 3.234377
320 3.142961
321 3.123300
322 3.132236
323 3.234656
324 3.324786
325 3.356755
326 3.236619
327 3.311329
328 3.090001
329 3.267139
330 3.370608
331 3.307703
332 3.235028
333 3.351686
334 3.477024
335 3.236618
336 3.285498
337 3.142388
338 3.068860
339 3.108279
340 3.215883
341 3.404086
342 3.250447
343 3.353758
344 3.448506
345 3.500228
346 3.302075
347 3.163970
348 3.413239
349 3.250985
350 3.075484
351 3.056895
352 3.279923
353 3.244334
354 3.294511
355 3.220156
356 3.621299
357 3.465069
358 3.234610
359 3.232306
360 3.341945
361 3.281980
362 3.343650
363 3.316097
364 3.240803
365 3.145870
366 3.174791
367 3.129505
368 3.943210
369 3.215354
370 3.587645
371 3.317981
372 3.626802
373 3.226082
374 3.170647
375 3.493322
376 3.283732
377 3.167223
378 3.366111
379 3.188652
380 3.397779
381 3.090971
382 3.360982
383 3.250678
384 3.698188
385 3.259372
386 3.721087
387 3.207211
388 3.052770
389 3.400266
390 3.285407
391 3.341692
392 3.468041
393 3.475600
394 3.667983
395 3.349985
396 3.303120
397 3.512079
398 3.132667
399 3.310785
400 3.257944
401 3.081007
402 3.545321
403 3.701254
404 3.203763
405 3.167602
406 3.130256
407 3.178584
408 3.528143
409 3.205776
410 3.187366
411 3.142069
412 3.017681
413 3.284919
414 3.298636
415 3.240278
416 3.419196
417 3.120977
418 3.295223
419 3.218789
420 3.101112
421 3.224453
422 3.490719
423 3.172837
424 3.499228
425 3.287871
426 3.327673
427 3.536127
428 3.295086
429 3.314650
430 3.316038
431 3.315207
432 3.177246
433 3.279969
434 3.287873
435 3.293038
436 3.198390
437 3.457687
438 3.381967
439 3.428614
440 3.543854
441 3.317439
442 3.168484
443 3.570827
444 3.117000
445 3.060947
446 3.031087
447 2.968770
448 3.101776
449 3.298076
450 3.340508
451 3.237853
452 3.085223
453 3.322122
454 3.339476
455 3.663306
456 3.694440
457 3.142054
458 3.074313
459 3.040214
460 3.171845
461 3.426179
462 3.211245
463 3.297954
464 3.192242
465 3.322258
466 3.348090
467 3.055503
468 3.352417
469 3.217746
470 3.047965
471 3.043436
472 3.456545
473 3.211931
474 3.196530
475 3.217360
476 3.298440
477 3.220528
478 3.535463
479 3.611676
480 3.216223
481 3.775116
482 3.284950
483 3.239536
484 3.590903
485 3.330976
486 3.453375
487 3.436888
488 3.185783
489 3.569103
490 3.332296
491 3.243749
492 3.392949
493 3.360864
494 3.338877
495 3.256194
496 3.267672
497 3.331216
498 3.302379
499 3.142754
500 3.105785
501 3.190438
502 2.983438
503 3.128113
504 3.556811
505 3.260767
506 3.213115
507 3.559735
508 3.254366
509 3.258112
510 3.178145
511 3.347044
512 3.182672
513 3.210655
514 3.228266
515 3.354892
516 3.365784
517 3.698229
518 3.344774
519 3.736564
520 3.269127
521 3.197061
522 3.242762
523 3.457024
524 3.731032
525 3.514198
526 5.690993
527 3.550410
528 3.416694
529 3.472264
530 3.214126
531 3.671226
532 3.554013
533 3.277256
534 3.133512
535 3.226592
536 3.240216
537 3.151271
538 3.084542
539 3.212243
540 3.425814
541 3.172208
542 3.211618
543 3.344907
544 3.326064
545 3.533624
546 3.143708
547 3.618701
548 3.292248
549 3.242594
550 3.237622
551 3.275943
552 3.211557
553 3.364832
554 3.318599
555 3.518706
556 3.232415
557 3.536637
558 3.337604
559 3.537258
560 3.109678
561 3.196952
562 3.123892
563 3.138932
564 3.274950
565 3.353998
566 3.456818
567 3.193259
568 3.207694
569 3.282940
570 3.293890
571 3.577625
572 3.395423
573 3.430581
574 3.235352
575 3.149825
576 3.150080
577 3.240539
578 3.116425
579 3.434836
580 3.073631
581 3.215462
582 3.341751
583 3.151841
584 3.107554
585 3.266635
586 3.264598
587 3.355027
588 3.323387
589 3.537598
590 3.859159
591 3.284297
592 3.155581
593 3.194793
594 3.620139
595 3.250262
596 3.228714
597 3.607798
598 3.755956
599 3.606230
600 3.555574
601 3.752986
602 3.263449
603 3.520484
604 3.435784
605 3.532053
606 3.336555
607 3.613597
608 3.663959
609 3.313367
610 3.508019
611 3.341646
612 3.327100
613 3.291838
614 3.270352
615 3.252092
616 3.192131
617 3.324951
618 3.846674
619 3.442296
620 3.630248
621 3.263020
622 3.252230
623 3.123924
624 3.137659
625 3.055666
626 3.608323
627 3.226112
628 3.136462
629 3.140271
630 3.356025
631 4.660182
632 5.069290
633 5.379979
634 5.947034
635 7.206507
636 7.147394
637 7.185577
638 7.555401
639 7.483603
640 5.860795
641 5.502154
642 5.257026
643 4.923191
644 5.177345
645 5.589740
646 3.259095
647 6.566590
648 4.957724
649 6.328453
650 5.587729
651 5.718640
652 6.261840
653 5.314143
654 5.749094
655 6.279943
656 5.911980
657 5.609830
658 5.713642
659 7.683817
660 7.220839
661 7.540304
662 7.783725
663 7.465956
664 5.584219
665 6.649556
666 5.680053
667 6.648111
668 7.548226
669 7.242837
670 6.467440
671 4.466107
672 5.927706
673 7.245866
674 6.420326
675 7.058627
676 6.797389
677 6.051126
678 7.496459
679 8.182281
680 7.621032
681 8.029066
682 6.382804
683 7.175035
684 7.100634
685 6.536881
686 6.168252
687 6.901344
688 6.750193
689 6.854234
690 6.330514
691 4.684377
692 7.342710
693 6.676743
694 5.942735
695 5.893065
696 6.580773
697 6.583290
698 6.852231
699 6.543590
700 6.897900
701 6.170908
702 7.355712
703 7.573010
704 8.321268
705 7.620559
706 5.980836
707 6.122777
708 4.771478
709 5.095901
710 5.588364
711 4.841633
712 5.669549
713 5.004458
714 6.467464
715 5.208091
716 6.294711
717 6.021055
718 4.779624
719 5.502628
720 5.191435
721 5.874400
722 5.351497
723 5.589590
724 6.247920
725 5.151216
726 5.578046
727 3.484337
728 3.244026
729 3.377840
730 3.277439
731 3.242669
732 3.384125
733 3.496356
734 3.119537
735 3.426325
736 3.781348
737 3.660314
738 3.815650
739 3.762457
740 3.196591
741 3.636273
742 3.603125
743 3.612104
744 3.445476
745 3.616932
746 3.322695
747 3.063299
748 3.153284
749 3.629615
750 3.262285
751 3.624777
752 3.764957
753 3.676821
754 3.814159
755 3.400060
756 3.067035
757 3.393686
758 3.754144
759 3.719799
760 3.431777
761 3.296118
762 3.433849
763 3.448419
764 3.674084
765 3.477731
766 3.613117
767 3.342903
768 3.360982
769 3.176539
770 3.466367
771 3.177562
772 3.137164
773 3.276126
774 3.260567
775 3.110707
776 3.090647
777 3.397429
778 3.291033
779 3.639365
780 3.558273
781 3.727772
782 3.395131
783 5.795938
784 5.964815
785 6.472107
786 5.031641
787 6.177611
788 6.412658
789 6.866053
790 5.881955
791 6.035774
792 5.932588
793 7.117434
794 5.257881
795 5.911600
796 5.547129
797 6.033747
798 7.119248
799 7.645197
800 5.953327
801 6.559824
802 3.736028
803 3.315497
804 3.907650
805 3.797341
806 3.488124
807 3.726407
808 3.753973
809 3.701160
810 3.356696
811 3.439495
812 3.273927
813 4.003772
814 3.661885
815 3.095156
816 3.370059
817 3.467418
818 3.291154
819 3.428557
820 5.230544
821 3.882656
822 5.255721
823 4.687740
824 6.887926
825 6.202791
826 6.716980
827 6.387636
828 7.635105
829 8.171059
830 6.245228
831 7.126745
832 6.493506
833 6.006378
834 5.038263
835 8.547104
836 7.060972
837 7.701342
838 8.527960
839 8.436168
840 8.178373
841 6.806830
842 8.008064
843 8.035159
844 6.518107
845 6.640137
846 6.114941
847 6.942321
848 7.719936
849 9.845177
850 7.044347
851 6.785235
852 7.705724
853 7.529183
854 7.522406
855 7.980538
856 7.144159
857 7.179423
858 7.301929
859 8.038694
860 7.232068
861 8.033605
862 6.542886
863 6.725423
864 6.785352
865 7.628558
866 7.505575
867 7.574439
868 7.904657
869 7.051331
870 7.331935
871 6.745146
872 6.810593
873 7.273370
874 7.408118
875 6.883127
876 6.964036
877 7.345449
878 7.175889
879 6.917387
880 6.639413
881 7.227099
882 7.798244
883 6.910428
884 7.238141
885 6.299522
886 8.342488
887 7.753256
888 7.678916
889 7.731890
890 6.561664
891 5.615355
892 5.180096
893 5.257273
894 5.324771
895 4.779633
896 4.890646
897 5.851530
898 4.732548
899 4.864904
900 5.532316
901 6.022542
902 6.332683
903 5.610608
904 4.801363
905 5.259716
906 5.030051
907 5.406914
908 4.547275
909 3.036659
910 3.665895
911 3.021705
912 3.085028
913 3.490215
914 3.272736
915 3.053671
916 3.482454
917 3.241513
918 3.230015
919 3.298364
920 3.202765
921 3.235212
922 3.075613
923 3.430815
924 3.328092
925 3.158749
926 3.309426
927 3.238796
928 3.343815
929 3.300713
930 3.329911
931 3.656091
932 3.182531
933 3.357692
934 5.186483
935 3.750120
936 3.759178
937 3.145998
938 3.184619
939 3.344548
940 3.616339
941 3.588467
942 3.263020
943 3.595414
944 3.161029
945 3.398427
946 3.273867
947 3.651713
948 3.672452
949 3.064131
950 3.359879
951 3.200202
952 3.221320
953 3.147364
954 3.106783
955 3.405731
956 3.142150
957 3.240432
958 3.132236
959 3.211308
960 3.247367
961 3.246382
962 3.532620
963 3.347431
964 3.376951
965 3.224999
966 3.372861
967 3.120915
968 3.313097
969 3.386400
970 3.112732
971 3.263832
972 3.440262
973 3.032392
974 3.233496
975 3.104867
976 3.240154
977 3.379897
978 3.658128
979 3.595568
980 3.709906
981 3.346297
982 3.465098
983 3.288343
984 3.266711
985 3.387122
986 3.531644
987 3.576996
988 3.478705
989 3.350166
990 3.075857
991 3.205291
992 3.051786
993 3.402441
994 3.251538
995 3.340016
996 3.270107
997 3.055781
998 3.198562
999 3.219115
1000 3.154330
1001 3.048213
1002 3.204388
1003 3.369228
1004 3.205963
1005 3.218136
1006 3.526400
1007 3.232785
1008 3.265639
1009 3.041004
1010 3.255073
1011 3.336300
1012 3.132619
1013 3.222825
1014 3.529504
1015 3.323778
1016 3.789578
1017 3.633221
1018 3.587116
1019 3.646972
1020 3.610845
1021 3.578058
1022 3.124276
1023 3.253459
1024 3.256869
1025 3.327521
1026 3.142832
1027 3.264980
1028 3.620470
1029 3.123268
1030 3.758857
1031 3.273606
1032 3.292384
1033 3.114740
1034 3.711306
1035 3.535902
1036 3.262591
1037 3.311103
1038 3.081623
1039 3.313080
1040 3.489455
1041 3.080340
1042 3.221382
1043 3.283960
1044 3.710985
1045 3.298137
1046 3.471628
1047 3.303210
1048 3.359553
1049 3.278247
1050 3.367996
1051 3.514513
1052 3.200469
1053 3.184304
1054 3.500771
1055 3.344637
1056 3.301666
1057 3.482155
1058 3.305767
1059 3.496513
1060 3.337155
1061 3.193556
1062 3.272430
1063 3.122004
1064 3.310650
1065 3.676668
1066 3.628458
1067 4.401613
1068 3.531376
1069 3.325343
1070 3.232586
1071 3.212803
1072 3.116424
1073 3.770057
1074 3.906441
1075 3.567827
1076 3.466191
1077 3.482899
1078 3.911136
1079 3.225911
1080 3.336977
1081 3.696283
1082 3.118349
1083 3.643637
1084 3.199218
1085 3.189875
1086 5.431125
1087 3.256699
1088 3.064439
1089 3.730696
1090 3.400970
1091 3.751505
1092 3.724218
1093 3.122226
1094 3.435928
1095 3.367091
1096 3.084640
1097 3.342888
1098 3.102611
1099 3.185621
1100 3.232847
1101 3.684861
1102 3.392726
1103 3.201656
1104 3.193274
1105 3.208910
1106 3.291975
1107 3.259969
1108 3.332448
1109 3.151268
1110 3.275820
1111 3.325973
1112 3.317379
1113 3.234470
1114 3.372625
1115 3.402278
1116 3.195465
1117 3.196920
1118 3.674848
1119 3.676873
1120 3.350269
1121 3.396189
1122 2.972407
1123 3.117963
1124 3.566202
1125 3.281859
1126 3.428265
1127 3.099433
1128 3.576995
1129 3.102724
1130 3.307567
1131 3.353998
1132 3.275989
1133 3.416637
1134 3.462615
1135 3.383903
1136 3.165438
1137 3.587171
1138 3.532889
1139 3.065307
1140 3.668297
1141 3.189028
1142 3.082938
1143 3.705200
1144 3.270260
1145 3.316700
1146 3.031138
1147 3.276538
1148 3.478863
1149 3.582931
1150 3.422310
1151 3.300713
1152 3.409223
1153 3.347417
1154 3.222438
1155 3.406362
1156 3.415773
1157 3.497457
1158 3.169889
1159 3.255980
1160 3.098855
1161 3.155836
1162 3.241513
1163 3.083148
1164 3.175235
1165 3.073776
1166 3.462110
1167 3.541228
1168 3.365620
1169 3.232661
1170 3.105784
1171 3.248353
1172 3.799656
1173 3.193133
1174 3.278933
1175 3.293236
1176 3.212102
1177 3.237916
1178 3.242052
1179 3.297816
1180 3.288419
1181 3.401000
1182 3.348000
1183 3.169669
1184 3.119005
1185 3.306569
1186 3.493008
1187 3.396617
1188 3.158068
1189 3.307296
1190 3.197829
1191 3.385883
1192 3.287371
1193 3.198047
1194 3.580767
1195 3.481580
1196 3.313412
1197 3.435157
1198 3.588048
1199 3.824473
1200 3.115558
1201 3.352254
1202 3.373381
1203 3.669142
1204 3.223228
1205 3.249753
1206 3.265119
1207 3.372713
1208 3.220824
1209 3.189074
1210 3.216302
1211 3.265104
1212 3.439854
1213 3.381789
1214 3.378537
1215 3.385159
1216 3.472606
1217 3.251630
1218 3.638255
1219 3.727800
1220 3.821884
1221 3.431967
1222 3.545631
1223 3.178520
1224 3.206244
1225 3.453998
1226 3.088462
1227 3.123620
1228 3.315463
1229 3.088786
1230 3.307703
1231 3.339671
1232 3.133688
1233 3.505326
1234 3.383888
1235 3.173232
1236 3.359792
1237 3.175076
1238 3.419766
1239 3.120032
1240 3.404542
1241 3.188275
1242 3.049082
1243 3.261319
1244 3.351074
1245 3.239584
1246 3.136653
1247 3.140270
1248 3.142308
1249 3.061127
1250 3.330256
1251 3.073044
1252 3.186143
1253 3.307234
1254 3.068305
1255 3.138375
1256 3.201719
1257 3.298439
1258 3.067687
1259 3.208208
1260 3.463305
1261 3.208115
1262 3.212989
1263 3.171956
1264 3.151603
1265 3.176067
1266 3.320150
1267 3.211821
1268 3.524401
1269 3.085256
1270 3.297438
1271 3.293600
1272 3.263940
1273 3.335101
1274 3.176491
1275 3.381789
1276 3.865876
1277 3.725507
1278 3.301348
1279 3.184180
1280 3.337273
1281 3.137674
1282 3.505780
1283 3.134198
1284 3.590390
1285 3.946758
1286 3.314362
1287 3.987631
1288 3.218105
1289 3.422951
1290 3.229009
1291 3.394247
1292 3.480518
1293 3.228885
1294 3.132428
1295 3.339131
1296 3.265670
1297 3.510484
1298 3.086973
1299 3.076460
1300 3.481982
1301 3.136398
1302 3.399971
1303 3.170568
1304 3.811876
1305 3.200251
1306 3.192773
1307 3.049082
1308 3.202872
1309 3.364133
1310 3.223695
1311 3.236880
1312 3.237299
1313 3.345579
1314 3.284037
1315 3.182529
1316 3.209159
1317 3.457368
1318 3.238548
1319 3.133608
1320 3.134548
1321 3.037813
1322 3.263665
1323 3.308186
1324 3.374079
1325 3.424998
1326 3.463654
1327 3.368293
1328 3.123893
1329 3.434617
1330 3.171909
1331 3.394540
1332 3.445895
1333 3.562947
1334 3.326875
1335 3.415332
1336 3.174413
1337 3.649396
1338 3.692995
1339 3.150826
1340 3.315750
1341 3.586489
1342 3.413856
1343 3.231269
1344 3.275576
1345 3.219333
1346 3.224499
1347 3.184022
1348 3.242732
1349 3.485886
1350 3.486460
1351 3.199906
1352 6.457532
1353 6.043352
1354 3.311327
1355 3.402368
1356 3.579065
1357 3.391299
1358 3.207273
1359 3.177814
1360 3.440670
1361 3.445752
1362 3.662309
1363 3.158497
1364 3.384598
1365 3.301531
1366 3.369644
1367 3.328139
1368 3.338878
1369 3.639890
1370 3.604067
1371 3.493235
1372 3.354906
1373 3.494525
1374 3.526287
1375 3.365487
1376 6.060338
1377 7.885568
1378 6.869663
1379 5.136231
1380 3.321537
1381 3.203452
1382 3.132586
1383 3.399692
1384 3.290517
1385 3.294116
1386 3.061112
1387 3.352090
1388 3.563509
1389 3.580558
1390 3.182359
1391 3.160222
1392 3.322483
1393 3.162926
1394 3.520824
1395 3.302575
1396 3.570238
1397 6.731850
1398 9.382627
1399 8.680285
1400 9.498853
1401 8.588323
1402 8.762665
1403 9.250650
1404 9.821536
1405 9.014051
1406 9.300760
1407 8.537313
1408 8.603215
1409 9.425996
1410 9.216359
1411 9.299138
1412 7.633957
1413 8.612663
1414 9.010605
1415 9.592070
1416 10.147986
1417 9.719878
1418 6.361007
1419 8.821584
1420 10.337961
1421 9.588284
1422 10.832555
1423 9.759596
1424 8.117321
1425 9.179287
1426 8.439278
1427 7.468233
1428 8.852777
1429 8.544196
1430 8.014105
1431 7.885051
1432 7.407633
1433 7.781638
1434 7.453009
1435 8.471184
1436 7.530444
1437 8.297017
1438 8.024344
1439 7.666095
1440 8.499378
1441 7.964071
1442 8.653336
1443 8.245875
1444 8.898544
1445 6.929336
1446 9.088265
1447 8.283878
1448 6.674684
1449 7.422042
1450 8.238573
1451 9.005740
1452 7.990846
1453 7.895067
1454 9.493451
1455 8.328687
1456 9.593086
1457 8.892137
1458 9.227665
1459 8.292339
1460 7.274295
1461 7.885215
1462 7.377679
1463 7.719693
1464 7.854492
1465 8.173214
1466 7.433501
1467 8.214645
1468 7.977373
1469 8.969962
1470 8.241189
1471 7.794243
1472 7.449812
1473 8.038568
1474 8.052000
1475 7.177668
1476 8.140694
1477 7.745992
1478 7.150908
1479 7.443087
1480 6.563308
1481 7.403553
1482 7.243680
1483 7.916231
1484 7.783714
1485 7.176831
1486 7.735225
1487 5.962523
1488 6.431244
1489 6.931097
1490 7.765287
1491 6.699918
1492 6.119068
1493 7.546072
1494 7.371025
1495 6.261087
1496 6.452052
1497 6.744996
1498 7.039948
1499 6.295276
1500 7.084274
1501 7.218942
1502 7.139811
1503 7.516683
1504 6.325762
1505 7.174999
1506 6.929829
1507 6.924297
1508 6.775885
1509 7.054708
1510 7.783867
1511 6.513194
1512 7.481780
1513 6.611754
1514 7.429111
1515 7.258896
1516 7.356806
1517 7.515642
1518 8.400880
1519 6.469930
1520 5.881810
1521 7.174720
1522 7.681300
1523 8.007104
1524 8.027372
1525 7.789735
1526 7.976900
1527 5.561924
1528 7.467225
1529 7.355889
1530 7.457594
1531 8.470486
1532 7.967296
1533 7.901810
1534 7.654895
1535 7.452608
1536 7.601978
1537 6.597946
1538 7.936014
1539 7.700941
1540 7.576232
1541 7.400473
1542 7.937848
1543 7.881649
1544 7.233769
1545 7.769210
1546 7.227177
1547 8.005486
1548 7.405643
1549 6.580951
1550 6.984076
1551 5.798741
1552 4.890285
1553 7.045436
1554 7.527483
1555 8.192453
1556 9.308218
1557 8.571618
1558 8.382421
1559 7.936285
1560 8.518094
1561 9.240613
1562 8.359743
1563 9.640454
1564 7.886724
1565 7.462770
1566 6.147179
1567 6.302968
1568 6.534279
1569 5.919553
1570 6.485777
1571 6.680861
1572 7.466579
1573 8.464758
1574 7.074099
1575 7.331773
1576 8.106645
1577 7.137982
1578 5.642915
1579 5.822511
1580 5.986794
1581 6.099388
1582 6.497645
1583 6.350073
1584 7.250440
1585 10.218053
1586 8.663088
1587 7.131342
1588 8.705738
1589 7.988699
1590 7.617734
1591 7.224363
1592 8.387456
1593 9.023481
1594 9.971173
1595 7.531920
1596 7.798884
1597 8.529953
1598 8.896983
1599 9.035559
1600 8.867527
1601 9.143550
1602 8.444963
1603 8.810927
1604 8.493374
1605 9.648535
1606 9.494591
1607 10.143463
1608 9.579633
1609 9.458330
1610 9.438424
1611 8.747725
1612 8.840224
1613 9.028365
1614 9.052412
1615 8.705043
1616 9.891601
1617 9.512440
1618 10.099272
1619 8.429412
1620 9.392727
1621 7.307711
1622 10.453431
1623 10.304533
1624 11.106504
1625 8.918404
1626 9.613788
1627 8.511214
1628 10.212238
1629 8.558279
1630 9.447905
1631 10.486159
1632 9.948966
1633 11.021325
1634 9.568157
1635 9.763799
1636 8.993874
1637 11.196183
1638 9.233358
1639 9.065928
1640 5.876529
1641 6.908143
1642 6.911290
1643 6.907403
1644 6.610872
1645 8.916015
1646 8.352270
1647 5.641178
1648 5.396547
1649 7.798001
1650 9.760811
1651 9.684347
1652 11.032806
1653 9.879478
1654 10.003626
1655 10.815421
1656 10.352474
1657 9.116252
1658 10.638525
1659 9.699194
1660 8.694236
1661 9.774141
1662 9.484793
1663 8.842021
1664 9.254647
1665 10.329106
1666 9.943486
1667 9.501179
1668 10.037156
1669 11.196234
1670 9.636355
1671 10.052844
1672 9.617177
1673 8.097289
1674 9.221526
1675 10.314814
1676 10.419066
1677 9.704667
1678 10.424767
1679 9.527020
1680 10.442551
1681 10.204121
1682 10.556234
1683 9.300628
1684 10.247208
1685 9.692111
1686 9.214037
1687 10.176789
1688 10.589252
1689 9.818213
1690 9.005033
1691 10.224824
1692 9.302118
1693 3.991602
1694 3.622114
1695 3.379481
1696 3.985399
1697 3.276048
1698 3.547466
1699 3.137706
1700 3.361146
1701 3.078100
1702 3.203904
1703 3.159968
1704 3.325735
1705 3.260384
1706 3.477010
1707 3.548380
1708 3.193210
1709 3.670711
1710 3.318146
1711 3.162295
1712 3.251261
1713 3.341332
1714 3.224732
1715 3.375085
1716 3.442121
1717 3.088187
1718 3.443050
1719 3.378919
1720 3.455980
1721 3.298362
1722 3.196795
1723 3.195418
1724 3.344756
1725 3.100146
1726 3.372151
1727 3.352984
1728 3.290882
1729 3.750361
1730 3.214530
1731 3.351493
1732 3.117113
1733 3.234454
1734 3.119712
1735 3.453550
1736 3.228824
1737 3.239568
1738 3.074850
1739 3.954567
1740 3.294405
1741 3.204201
1742 3.697067
1743 3.083522
1744 3.279420
1745 3.095967
1746 3.548575
1747 3.272522
1748 3.184432
1749 3.232042
1750 3.404864
1751 3.208005
1752 3.204871
1753 3.230727
1754 3.148745
1755 3.410015
1756 3.286106
1757 3.475357
1758 3.391771
1759 3.202795
1760 3.302212
1761 3.433597
1762 3.476794
1763 3.203966
1764 3.676711
1765 3.308986
1766 3.346087
1767 3.316986
1768 3.413428
1769 3.157547
1770 3.519971
1771 3.279160
1772 3.461531
1773 3.174445
1774 3.101999
1775 3.908824
1776 3.282637
1777 3.469265
1778 3.629285
1779 3.622665
1780 3.754689
1781 3.858355
1782 3.449768
1783 3.310437
1784 3.232182
1785 3.336376
1786 3.432155
1787 3.343022
1788 3.408533
1789 3.709568
1790 3.644626
1791 3.207524
1792 3.638351
1793 3.091537
1794 2.991804
1795 3.261626
1796 3.336031
1797 4.731534
1798 3.241003
1799 3.327417
1800 3.038338
1801 3.015393
1802 3.385217
1803 3.074671
1804 3.285879
1805 3.210933
1806 3.272887
1807 3.190815
1808 3.091343
1809 3.155741
1810 3.177623
1811 3.647258
1812 3.497099
1813 3.582693
1814 3.348460
1815 3.342636
1816 3.135634
1817 3.169307
1818 3.266344
1819 3.125604
1820 3.288481
1821 3.375530
1822 3.112187
1823 3.047064
1824 3.238796
1825 3.243903
1826 3.250845
1827 3.191709
1828 3.267739
1829 3.219332
1830 3.204637
1831 3.373456
1832 3.316715
1833 3.260629
1834 3.536453
1835 3.160522
1836 3.091505
1837 3.227196
1838 3.494882
1839 3.109888
1840 3.179842
1841 3.211948
1842 3.338143
1843 3.244334
1844 3.389586
1845 3.050066
1846 3.190830
1847 3.314167
1848 3.257898
1849 3.378447
1850 3.561656
1851 3.767984
1852 3.088463
1853 3.130191
1854 3.296453
1855 3.669686
1856 3.511125
1857 3.811103
1858 3.603845
1859 4.129286
1860 3.375513
1861 7.309351
1862 5.858628
1863 6.411582
1864 7.334656
1865 5.881231
1866 7.190144
1867 5.811714
1868 5.963272
1869 6.107086
1870 6.101239
1871 5.987030
1872 5.756969
1873 3.568052
1874 5.223218
1875 5.756786
1876 5.160133
1877 5.754635
1878 3.733161
1879 6.039920
1880 6.583137
1881 5.342107
1882 6.099401
1883 6.031997
1884 5.413067
1885 5.674067
1886 5.253954
1887 5.766888
1888 5.786891
1889 3.280291
1890 3.247539
1891 3.649631
1892 3.702565
1893 3.308292
1894 3.476219
1895 3.369719
1896 3.242792
1897 3.825011
1898 3.872780
1899 3.664669
1900 3.478288
1901 3.120690
1902 3.429200
1903 3.665474
1904 3.458323
1905 3.460768
1906 3.398560
1907 3.327027
1908 3.412463
1909 3.330405
1910 3.612051
1911 3.642924
1912 3.267079
1913 3.464751
1914 3.297681
1915 3.479425
1916 3.387110
1917 3.240265
1918 3.660028
1919 3.309957
1920 3.267172
1921 3.400016
1922 3.643486
1923 3.754916
1924 3.566078
1925 3.422763
1926 3.718173
1927 3.416621
1928 3.559860
1929 3.585651
1930 3.222762
1931 3.246243
1932 3.273561
1933 3.467120
1934 3.510854
1935 3.490959
1936 3.866187
1937 3.122098
1938 3.624400
1939 3.535687
1940 3.451334
1941 3.558329
1942 3.573808
1943 3.528370
1944 3.399249
1945 3.388747
1946 3.186864
1947 3.159256
1948 3.446054
1949 3.626306
1950 3.540917
1951 3.261502
1952 3.241745
1953 3.377659
1954 3.350508
1955 3.608989
1956 3.279178
1957 3.241868
1958 3.242313
1959 3.089110
1960 3.545080
1961 3.426502
1962 3.841993
1963 3.858769
1964 3.565364
1965 3.601583
1966 5.345222
1967 3.319427
1968 3.341166
1969 3.173403
1970 3.278370
1971 3.638254
1972 6.726464
1973 7.723044
1974 7.086304
1975 7.310821
1976 4.990954
1977 4.989200
1978 4.971712
1979 3.211013
1980 3.579623
1981 3.645120
1982 3.475671
1983 3.335266
1984 3.244149
1985 3.679837
1986 3.533762
1987 3.611232
1988 3.360029
1989 3.301908
1990 3.288296
1991 3.036921
1992 3.339177
1993 3.382458
1994 3.245319
1995 3.294861
1996 3.085660
1997 3.518522
1998 3.218913
1999 3.301893
2000 3.337741
2001 3.276368
2002 3.234980
2003 3.508534
2004 3.555573
2005 3.513090
2006 3.611456
2007 3.256150
2008 3.457237
2009 3.207320
2010 3.248032
2011 3.813515
2012 3.624169
2013 3.640989
2014 3.628225
2015 3.826118
2016 3.214094
2017 3.354088
2018 3.340718
2019 3.119870
2020 3.346775
2021 3.533524
2022 3.442978
2023 3.635725
2024 3.291869
2025 3.341017
2026 3.892597
2027 3.093493
2028 3.367147
2029 3.240385
2030 3.232413
2031 3.561026
2032 2.995063
2033 3.118124
2034 3.581689
2035 3.782380
2036 3.346163
2037 3.586085
2038 3.074314
2039 3.415334
2040 3.371497
2041 3.462269
2042 3.600917
2043 3.880104
2044 3.737456
2045 3.552773
2046 3.249014
2047 3.284067
2048 3.660832
2049 3.494881
2050 3.592019
2051 3.506935
2052 3.618855
2053 3.901395
2054 3.332417
2055 3.235971
2056 3.237793
2057 3.085481
2058 3.476753
2059 3.524059
2060 3.437163
2061 3.942716
2062 3.395145
2063 3.400002
2064 3.364252
2065 3.323221
2066 3.378196
2067 3.316656
2068 3.578912
2069 3.476276
2070 3.186722
2071 3.728891
2072 4.026734
2073 3.493565
2074 3.516731
2075 3.396837
2076 3.506366
2077 3.129775
2078 3.504585
2079 3.138533
2080 3.458714
2081 3.302968
2082 3.578841
2083 3.204467
2084 3.374387
2085 3.579912
2086 3.490513
2087 3.308746
2088 3.174587
2089 3.219584
2090 5.876173
2091 3.781970
2092 3.503785
2093 3.349089
2094 3.560353
2095 3.669567
2096 3.650355
2097 3.297077
2098 3.104029
2099 3.773990
2100 3.640674
2101 3.622419
2102 3.686272
2103 3.183110
2104 3.459289
2105 3.752662
2106 3.190453
2107 3.282727
2108 3.659836
2109 3.397101
2110 3.291505
2111 3.480534
2112 3.778057
2113 3.946418
2114 3.606826
2115 3.230806
2116 3.559014
2117 3.619185
2118 3.305223
2119 3.298183
2120 3.385822
2121 3.441672
2122 3.132825
2123 3.637500
2124 3.134549
2125 3.421652
2126 3.753465
2127 3.254444
2128 3.450638
2129 3.792548
2130 3.127332
2131 3.603569
2132 5.730358
2133 5.474501
2134 6.041574
2135 5.102962
2136 5.649081
2137 5.989472
2138 5.375453
2139 5.791581
2140 5.179226
2141 5.519754
2142 5.694321
2143 5.941885
2144 5.770338
2145 5.530060
2146 5.487614
2147 5.178765
2148 5.065029
2149 5.625778
2150 5.159875
2151 6.725371
2152 6.070098
2153 5.607948
2154 4.809875
2155 5.289165
2156 5.775404
2157 4.974625
2158 3.179481
2159 3.075159
2160 3.381479
2161 3.658131
2162 3.370904
2163 3.471141
2164 3.313684
2165 3.427695
2166 3.367937
2167 3.235105
2168 3.335716
2169 3.003681
2170 3.226778
2171 3.116071
2172 3.461011
2173 3.430408
2174 3.611454
2175 3.961010
2176 3.540705
2177 3.516263
2178 3.860233
2179 3.574143
2180 3.363377
2181 4.040756
2182 3.269710
2183 3.569608
2184 3.284310
2185 3.625438
2186 3.220698
2187 3.571401
2188 3.635175
2189 3.295724
2190 3.361711
2191 3.100662
2192 3.539562
2193 3.265364
2194 3.820797
2195 3.873628
2196 3.862668
2197 3.615826
2198 3.706887
2199 5.900414
2200 3.812219
2201 3.658566
2202 3.108313
2203 3.180331
2204 3.533412
2205 3.306723
2206 3.805732
2207 3.756236
2208 3.711674
2209 3.527463
2210 3.571150
2211 3.674316
2212 3.707869
2213 3.539764
2214 3.362930
2215 3.263588
2216 3.454533
2217 3.476349
2218 3.894675
2219 3.489987
2220 3.549353
2221 3.239895
2222 3.238890
2223 3.429461
2224 3.323309
2225 3.921292
2226 5.603685
2227 6.039351
2228 5.506625
2229 6.146485
2230 5.262566
2231 5.752747
2232 5.868509
2233 5.339286
2234 8.300296
2235 8.013754
2236 7.904415
2237 7.853886
2238 9.113392
2239 7.461207
2240 8.043916
2241 8.380318
2242 8.031197
2243 7.477511
2244 7.992685
2245 8.008315
2246 7.963435
2247 7.641892
2248 7.806273
2249 8.375316
2250 6.313165
2251 7.510173
2252 6.707784
2253 8.706324
2254 6.921230
2255 8.409855
2256 8.137010
2257 6.667960
2258 7.847891
2259 7.842360
2260 7.758156
2261 7.542879
2262 8.843759
2263 8.492148
2264 8.269371
2265 8.114100
2266 8.187855
2267 9.140692
2268 8.739114
2269 7.694687
2270 8.163163
2271 8.437116
2272 8.383113
2273 8.173695
2274 8.352474
2275 8.547846
2276 9.720131
2277 6.299483
2278 6.721117
2279 7.226551
2280 7.824511
2281 7.732969
2282 7.279101
2283 5.302916
2284 5.809130
2285 5.861280
2286 7.725369
2287 7.626959
2288 5.885173
2289 7.345890
2290 7.664255
2291 8.211150
2292 7.385887
2293 7.588261
2294 7.142169
2295 6.711644
2296 7.825913
2297 7.598822
2298 7.556910
2299 8.213754
2300 7.467186
2301 8.002680
2302 9.024530
2303 8.167203
2304 8.644823
2305 8.644598
2306 7.425430
2307 8.593727
2308 9.182450
2309 8.107656
2310 8.282300
2311 6.434990
2312 7.083869
2313 7.796982
2314 8.580130
2315 7.283713
2316 8.891496
2317 9.305236
2318 8.158633
2319 8.538722
2320 9.672782
2321 10.190021
2322 8.654403
2323 8.474297
2324 8.949958
2325 9.301184
2326 8.610059
2327 8.183711
2328 9.814140
2329 9.057229
2330 9.742702
2331 8.587141
2332 7.066921
2333 6.798241
2334 8.469455
2335 8.930902
2336 8.592019
2337 8.077924
2338 6.280392
2339 6.356242
2340 7.487789
2341 6.518589
2342 9.146195
2343 8.208051
2344 8.543447
2345 9.365624
2346 6.803783
2347 7.045772
2348 6.579277
2349 7.416882
2350 7.736084
2351 7.164560
2352 7.820264
2353 7.818881
2354 8.337940
2355 8.217819
2356 9.484982
2357 8.443079
2358 9.170961
2359 9.243465
2360 8.091048
2361 7.414211
2362 8.796946
2363 7.570607
2364 7.910620
2365 10.281989
2366 8.187129
2367 10.477238
2368 9.174691
2369 7.727673
2370 8.684412
2371 7.860451
2372 7.727895
2373 8.133667
2374 8.227524
2375 9.238576
2376 8.173785
2377 7.978551
2378 7.675708
2379 8.100899
2380 7.403494
2381 8.127292
2382 7.584261
2383 8.262549
2384 6.857742
2385 6.989535
2386 7.388137
2387 8.934797
2388 6.804805
2389 8.707164
2390 8.154716
2391 7.822461
2392 7.500361
2393 7.376795
2394 8.183020
2395 8.424073
2396 8.423789
2397 7.763365
2398 6.376670
2399 7.940065
2400 8.691457
2401 7.469124
2402 6.998657
2403 6.338721
2404 7.233873
2405 7.557628
2406 8.297190
2407 6.803730
2408 7.690267
2409 6.653524
2410 8.635136
2411 7.822009
2412 6.195852
2413 6.078996
2414 6.861824
2415 7.177953
2416 7.050172
2417 7.268040
2418 8.117278
2419 7.462614
2420 6.719710
2421 8.963800
2422 8.249577
2423 8.185290
2424 7.936781
2425 6.289777
2426 7.298091
2427 7.759674
2428 6.606081
2429 6.864248
2430 7.076731
2431 6.549511
2432 6.464499
2433 7.534859
2434 8.157187
2435 6.967793
2436 7.518944
2437 6.748194
2438 7.089248
2439 8.497305
2440 6.674279
2441 7.502414
2442 7.247215
2443 7.448131
2444 8.287695
2445 7.558424
2446 7.340321
2447 7.931658
2448 7.588685
2449 8.470239
2450 5.677057
2451 5.882890
2452 5.812847
2453 7.809666
2454 8.041297
2455 8.192684
2456 8.202255
2457 7.246093
2458 7.868727
2459 6.671749
2460 6.636059
2461 6.512861
2462 7.730752
2463 6.899058
2464 9.037395
2465 7.537757
2466 8.374902
2467 7.744832
2468 6.804653
2469 8.237535
2470 9.583167
2471 7.232128
2472 7.436512
2473 9.160201
2474 7.211625
2475 9.427547
2476 7.929630
2477 8.078384
2478 7.094245
2479 5.153697
2480 5.603755
2481 5.532431
2482 5.719883
2483 7.997723
2484 7.624214
2485 7.505552
2486 7.747326
2487 9.111059
2488 7.758159
2489 7.760935
2490 8.045346
2491 8.012644
2492 8.725814
2493 8.031893
2494 7.029276
2495 8.329403
2496 8.091385
2497 7.459239
2498 7.756484
2499 7.264662
2500 7.540962
2501 8.357388
2502 7.484188
2503 6.843523
2504 7.657799
2505 7.920717
2506 6.638773
2507 8.363316
2508 6.231379
2509 7.335184
2510 6.962190
2511 7.452449
2512 7.471447
2513 7.086345
2514 8.654079
2515 9.002418
2516 7.336420
2517 7.053066
2518 7.331610
2519 6.979192
2520 7.733910
2521 7.093759
2522 8.345892
2523 8.589769
2524 6.379503
2525 7.635766
2526 5.921328
2527 7.941241
2528 6.928629
2529 7.650817
2530 7.962801
2531 8.272779
2532 8.141244
2533 8.143354
2534 7.637658
2535 7.394956
2536 7.161862
2537 6.964200
2538 6.876082
2539 4.810602
2540 7.786633
2541 7.297781
2542 8.899423
2543 7.604404
2544 8.290442
2545 7.259491
2546 6.675874
2547 6.337461
2548 8.192301
2549 8.493376
2550 6.388027
2551 8.640915
2552 9.010405
2553 7.632938
2554 8.161836
2555 7.079188
2556 7.283722
2557 7.905207
2558 7.169114
2559 8.779413
2560 7.113222
2561 6.765004
2562 6.362154
2563 6.609488
2564 7.241031
2565 9.327648
2566 7.444011
2567 8.496284
2568 7.535761
2569 6.635438
2570 8.267224
2571 7.301931
2572 6.684593
2573 8.285071
2574 8.018487
2575 8.911302
2576 8.047994
2577 8.564241
2578 8.002165
2579 8.009526
2580 6.924261
2581 7.517269
2582 8.529366
2583 7.924782
2584 7.667921
2585 8.373658
2586 7.148750
2587 7.309405
2588 7.822696
2589 7.766422
2590 7.210752
2591 7.158402
2592 7.616100
2593 7.358134
2594 7.027061
2595 7.346906
2596 7.381931
2597 7.703901
2598 6.717129
2599 7.693406
2600 8.327512
2601 6.287646
2602 7.615780
2603 9.264267
2604 6.230768
2605 8.369965
2606 6.152642
2607 7.810184
2608 6.993489
2609 7.025135
2610 7.083848
2611 6.373452
2612 8.398299
2613 6.895259
2614 6.792306
2615 9.370481
2616 6.616160
2617 6.842958
2618 7.795090
2619 8.725106
2620 7.567211
2621 8.866125
2622 7.828724
2623 8.400530
2624 7.320669
2625 7.425404
2626 7.672478
2627 6.698993
2628 8.084486
2629 7.758111
2630 6.885948
2631 7.372441
2632 8.896700
2633 7.631945
2634 6.736064
2635 7.022892
2636 7.865533
2637 7.793704
2638 6.480525
2639 7.985349
2640 7.555965
2641 7.874581
2642 7.619960
2643 7.509307
2644 8.045392
2645 7.739568
2646 8.599918
2647 7.455321
2648 7.757996
2649 7.562996
2650 8.072187
2651 8.974595
2652 7.560570
2653 7.107927
2654 8.575253
2655 7.528139
2656 7.932123
2657 7.722501
2658 8.399223
2659 8.240370
2660 8.229848
2661 8.498173
2662 7.788415
2663 7.740109
2664 7.611054
2665 7.536511
2666 8.284111
2667 8.807191
2668 7.614006
2669 7.182908
2670 6.697528
2671 7.477016
2672 6.796691
2673 7.809243
2674 7.027874
2675 7.952993
2676 9.447293
2677 8.657234
2678 6.909852
2679 7.008323
2680 7.930580
2681 6.975371
2682 8.775153
2683 7.365683
2684 9.675975
2685 7.797880
2686 10.226600
2687 7.025281
2688 6.041192
2689 7.277536
2690 6.441902
2691 7.212955
2692 8.514471
2693 8.226856
2694 7.604639
2695 7.457816
2696 7.267563
2697 7.218986
2698 7.191529
2699 7.944310
2700 7.717862
2701 7.915250
2702 7.268329
2703 8.882051
2704 8.062448
2705 7.387782
2706 8.637165
2707 7.710260
2708 7.124787
2709 7.813226
2710 7.217542
2711 7.094242
2712 5.987014
2713 7.603958
2714 8.756381
2715 7.732976
2716 8.272009
2717 8.193712
2718 6.456816
2719 5.890213
2720 8.182481
2721 8.544412
2722 7.619620
2723 7.796160
2724 6.758270
2725 7.731564
2726 8.453795
2727 7.162298
2728 8.253809
2729 6.976218
2730 9.127512
2731 6.956912
2732 7.642834
2733 7.422271
2734 8.007427
2735 8.393795
2736 7.887321
2737 8.483668
2738 9.323420
2739 6.563249
2740 9.010792
2741 8.553678
2742 8.194519
2743 7.568850
2744 7.673239
2745 8.034451
2746 7.565004
2747 7.834767
2748 8.389629
2749 7.726223
2750 9.240336
2751 7.457619
2752 7.025733
2753 6.757708
2754 7.067916
2755 8.064099
2756 6.594844
2757 7.094549
2758 7.757971
2759 8.449387
2760 9.159269
2761 8.381330
2762 8.130660
2763 7.897356
2764 6.869686
2765 6.536833
2766 8.074378
2767 7.190308
2768 7.939889
2769 8.010746
2770 9.153202
2771 8.979095
2772 7.452658
2773 7.349974
2774 7.950199
2775 7.888402
2776 8.199184
2777 7.770851
2778 7.959449
2779 7.165715
2780 7.328287
2781 7.246581
2782 7.367683
2783 7.175053
2784 7.684758
2785 4.642243
2786 5.125427
2787 5.674335
2788 5.252562
2789 4.823652
2790 4.923222
2791 5.917213
2792 5.149864
2793 8.527803
2794 7.520726
2795 7.488623
2796 9.325816
2797 7.923661
2798 8.277900
2799 6.872859
2800 9.068569
2801 8.285679
2802 4.806747
2803 5.339915
2804 5.667633
2805 4.438930
2806 5.055926
2807 5.538819
2808 5.442411
2809 4.850876
2810 5.783305
2811 5.223523
2812 5.224029
2813 5.393487
2814 5.034681
2815 5.565161
2816 4.724080
2817 4.869765
2818 5.072685
2819 5.531590
2820 5.808985
2821 5.071696
2822 5.521322
2823 5.343143
2824 4.859608
2825 5.562422
2826 5.666127
2827 5.359560
2828 5.302962
2829 5.675861
2830 7.056560
2831 6.978737
2832 8.683900
2833 7.603161
2834 7.288575
2835 9.129213
2836 6.930729
2837 7.874571
2838 6.083098
2839 5.920794
2840 6.447112
2841 7.580210
2842 7.454702
2843 8.404324
2844 7.793094
2845 6.962771
2846 7.963285
2847 7.706814
2848 6.394567
2849 8.237823
2850 7.846663
2851 7.691195
2852 7.691591
2853 8.364604
2854 9.004712
2855 8.532697
2856 7.937058
2857 7.606823
2858 7.804374
2859 8.192943
2860 7.786777
2861 7.928740
2862 8.003000
2863 6.888956
2864 7.125798
2865 7.498201
2866 7.861672
2867 6.850836
2868 7.511809
2869 8.041646
2870 6.754186
2871 6.354348
2872 6.839272
2873 6.664498
2874 7.753071
2875 7.129377
2876 9.776917
2877 7.739518
2878 8.463058
2879 8.755055
2880 8.714784
2881 6.933789
2882 7.956666
2883 7.802891
2884 7.994513
2885 7.249449
2886 6.901897
2887 7.863917
2888 7.923347
2889 8.951513
2890 7.931973
2891 6.960760
2892 7.892881
2893 8.577651
2894 8.367538
2895 7.703794
2896 7.617730
2897 6.931357
2898 7.776842
2899 8.117270
2900 7.826773
2901 8.348540
2902 8.571136
2903 7.821885
2904 6.932566
2905 8.296005
2906 7.192000
2907 7.242947
2908 8.329770
2909 7.094128
2910 7.674388
2911 7.849746
2912 7.952092
2913 8.201221
2914 6.632377
2915 7.451718
2916 6.814580
2917 6.502408
2918 6.941908
2919 6.869315
2920 7.435896
2921 5.950819
2922 7.042415
2923 7.922684
2924 7.381999
2925 5.509890
2926 5.556159
2927 7.532489
2928 6.665422
2929 5.415174
2930 5.689744
2931 5.412632
2932 7.325687
2933 7.802293
2934 9.324170
2935 8.221345
2936 7.864634
2937 8.479558
2938 8.960113
2939 8.901628
2940 7.550483
2941 7.967169
2942 8.664803
2943 9.133954
2944 7.419367
2945 9.005974
2946 8.036249
2947 7.290055
2948 7.217853
2949 8.792006
2950 8.950138
2951 8.070556
2952 7.031074
2953 8.910022
2954 9.114388
2955 9.201899
2956 9.615873
2957 8.357953
2958 8.368590
2959 7.850154
2960 9.820295
2961 8.417945
2962 8.148555
2963 8.898645
2964 7.207571
2965 8.064099
2966 8.650190
2967 9.030470
2968 10.186306
2969 9.444266
2970 9.174142
2971 9.804696
2972 9.159374
2973 7.804513
2974 8.108484
2975 7.912374
2976 8.041902
2977 9.142191
2978 7.457922
2979 8.372020
2980 8.617530
2981 8.676977
2982 7.888034
2983 9.017781
2984 9.683680
2985 7.593904
2986 8.405337
2987 9.113296
2988 9.109483
2989 8.301478
2990 7.707304
2991 7.514212
2992 8.117716
2993 7.945683
2994 7.746137
2995 7.623137
2996 10.217584
2997 8.475720
2998 9.366681
2999 9.024356
3000 8.416137
3001 7.281962
3002 7.645868
3003 9.327559
3004 6.819893
3005 7.730361
3006 8.420012
3007 7.627327
3008 7.308468
3009 7.319839
3010 7.878292
3011 7.418092
3012 7.673978
3013 7.891553
3014 9.928572
3015 8.366961
3016 6.813119
3017 7.976830
3018 7.929318
3019 7.844426
3020 9.268316
3021 8.121208
3022 9.286063
3023 9.177045
3024 7.999484
3025 7.868582
3026 8.018709
3027 7.442914
3028 8.167382
3029 8.297699
3030 8.363796
3031 7.535054
3032 8.374523
3033 8.349762
3034 7.779533
3035 7.812126
3036 7.764933
3037 8.069487
3038 8.435886
3039 7.431533
3040 8.224098
3041 7.615307
3042 7.741358
3043 7.942226
3044 8.367507
3045 7.306915
3046 6.896906
3047 7.984612
3048 7.291495
3049 7.540357
3050 8.418945
3051 7.539290
3052 7.400415
3053 6.826981
3054 8.642825
3055 7.776020
3056 7.390523
3057 7.290769
3058 7.269347
3059 7.844494
3060 7.247720
3061 8.239696
3062 7.655879
3063 7.906315
3064 8.562760
3065 7.807299
3066 8.934408
3067 7.836774
3068 8.782321
3069 8.414341
3070 6.611158
3071 7.823968
3072 8.550330
3073 7.829001
3074 8.815666
3075 7.247233
3076 8.840423
3077 7.242264
3078 6.490189
3079 8.076025
3080 8.888918
3081 7.465556
3082 6.787112
3083 7.061072
3084 8.110958
3085 6.963568
3086 7.340137
3087 8.680602
3088 8.018710
3089 8.512500
3090 8.461904
3091 6.988962
3092 6.862264
3093 7.525133
3094 7.473326
3095 8.635102
3096 7.030119
3097 9.687607
3098 7.857534
3099 9.131517
3100 6.957735
3101 6.237636
3102 7.072497
3103 6.827512
3104 7.331520
3105 7.063377
3106 7.802192
3107 9.331399
3108 7.573089
3109 8.571441
3110 7.295736
3111 7.438947
3112 9.261345
3113 8.687883
3114 7.245228
3115 8.402559
3116 7.845851
3117 6.955559
3118 7.535376
3119 7.827728
3120 7.330180
3121 6.166400
3122 7.006861
3123 5.510726
3124 6.139821
3125 7.800553
3126 8.197099
3127 7.217737
3128 7.660973
3129 7.738327
3130 7.870313
3131 8.074068
3132 8.872794
3133 9.097152
3134 7.423007
3135 6.286961
3136 7.519510
3137 6.552602
3138 6.743442
3139 5.985800
3140 7.326574
3141 7.134242
3142 8.633672
3143 7.813899
3144 7.757740
3145 6.971607
3146 6.663602
3147 7.153406
3148 7.738909
3149 7.489830
3150 8.451197
3151 8.788236
3152 8.831535
3153 6.595354
3154 6.324761
3155 7.489063
3156 8.722246
3157 9.160509
3158 7.865685
3159 8.799665
3160 7.800858
3161 7.835968
3162 8.774385
3163 8.070349
3164 9.847867
3165 8.873155
3166 7.956735
3167 9.060467
3168 8.677567
3169 7.783322
3170 8.415544
3171 8.435458
3172 8.248397
3173 8.067256
3174 7.635926
3175 4.922122
3176 5.840556
3177 6.038988
3178 5.398204
3179 5.458582
3180 4.974627
3181 5.635149
3182 7.361344
3183 5.499910
3184 5.573876
3185 5.981746
3186 8.020449
3187 5.240049
3188 6.214443
3189 8.244399
3190 8.275736
3191 7.653795
3192 7.412452
3193 7.453822
3194 7.212044
3195 7.470864
3196 8.893667
3197 7.078848
3198 6.693802
3199 7.271995
3200 8.199391
3201 7.865778
3202 7.070281
3203 8.064005
3204 6.923438
3205 7.567235
3206 7.013211
3207 7.867713
3208 7.562099
3209 8.213076
3210 6.633327
3211 7.952810
3212 8.472462
3213 7.738403
3214 7.857688
3215 6.988405
3216 8.551309
3217 7.106560
3218 7.352314
3219 6.737739
3220 7.257137
3221 6.129682
3222 6.268340
3223 6.798318
3224 8.230946
3225 7.620119
3226 7.728956
3227 8.136369
3228 7.276774
3229 6.441550
3230 7.244877
3231 6.674929
3232 7.475948
3233 7.515944
3234 8.084239
3235 7.250945
3236 7.346437
3237 7.761577
3238 8.168446
3239 8.072055
3240 8.224496
3241 7.847178
3242 6.808921
3243 10.196866
3244 8.688091
3245 7.147402
3246 7.067971
3247 7.088048
3248 7.905071
3249 8.330365
3250 8.147276
3251 8.105338
3252 7.288034
3253 7.459044
3254 7.415888
3255 7.445598
3256 7.667343
3257 7.685741
3258 6.792789
3259 7.190371
3260 8.548122
3261 8.367996
3262 8.318566
3263 8.034612
3264 7.782327
3265 7.986295
3266 7.443997
3267 7.706049
3268 8.606152
3269 8.846860
3270 8.376462
3271 8.421697
3272 7.350565
3273 7.865250
3274 6.331080
3275 7.801557
3276 7.325033
3277 9.052277
3278 6.719920
3279 9.691468
3280 7.154564
3281 8.688716
3282 7.541514
3283 7.215185
3284 7.111005
3285 7.181944
3286 7.979508
3287 6.909034
3288 6.967136
3289 7.322596
3290 7.496793
3291 8.909572
3292 9.265615
3293 8.161803
3294 6.924668
3295 6.953317
3296 6.714074
3297 5.771696
3298 7.488482
3299 7.529822
3300 7.652195
3301 9.001832
3302 7.495419
3303 7.254304
3304 6.980114
3305 5.045642
3306 6.009752
3307 5.384914
3308 3.356338
3309 5.325422
3310 6.605913
3311 5.327347
3312 5.062439
3313 5.106523
3314 5.152206
3315 5.004447
3316 5.844281
3317 5.580447
3318 5.962826
3319 4.929993
3320 6.049935
3321 5.230631
3322 4.948081
3323 5.506803
3324 4.927392
3325 6.199768
3326 7.791278
3327 7.695948
3328 8.126126
3329 8.295213
3330 7.732033
3331 8.690462
3332 7.499623
3333 8.737254
3334 8.308025
3335 8.126586
3336 8.947742
3337 10.505054
3338 8.912049
3339 9.242062
3340 9.456874
3341 7.124387
3342 7.207518
3343 7.099617
3344 8.866548
3345 6.750311
3346 7.819109
3347 8.651347
3348 8.885186
3349 8.398607
3350 8.682845
3351 7.978159
3352 9.061567
3353 9.434464
3354 8.744836
3355 9.191571
3356 7.605020
3357 8.115061
3358 7.668411
3359 8.934329
3360 8.456964
3361 8.548487
3362 8.767384
3363 8.163775
3364 7.869895
3365 6.878912
3366 8.435740
3367 7.623608
3368 8.355700
3369 10.319480
3370 9.324772
3371 8.883441
3372 8.194247
3373 8.690737
3374 8.820012
3375 7.380794
3376 7.738349
3377 8.138022
3378 9.684101
3379 9.007132
3380 8.010527
3381 8.271090
3382 8.929524
3383 8.767589
3384 9.050009
3385 8.935246
3386 9.228752
3387 8.792119
3388 9.153831
3389 9.136838
3390 7.911034
3391 7.391036
3392 8.382393
3393 8.934210
3394 7.773853
3395 7.846824
3396 7.621031
3397 8.161533
3398 8.255649
3399 7.197763
3400 6.651013
3401 6.607708
3402 7.575968
3403 7.009461
3404 8.298440
3405 7.440504
3406 7.236167
3407 7.523574
3408 7.382993
3409 7.635927
3410 6.958571
3411 7.606926
3412 8.415521
3413 7.058646
3414 7.762794
3415 9.179114
3416 7.565998
3417 8.591359
3418 7.903038
3419 7.300070
3420 8.416369
3421 8.747880
3422 8.261161
3423 7.668727
3424 8.433943
3425 8.823838
3426 9.641151
3427 7.615331
3428 7.081032
3429 8.731473
3430 7.442918
3431 8.415190
3432 6.850205
3433 7.101696
3434 7.033812
3435 7.437328
3436 9.137939
3437 7.994982
3438 8.223996
3439 7.580511
3440 8.437732
3441 8.431311
3442 8.753998
3443 7.606715
3444 8.533230
3445 9.971403
3446 8.270856
3447 7.966692
3448 8.451753
3449 9.751655
3450 8.830416
3451 8.374499
3452 8.445298
3453 8.533047
3454 9.472793
3455 7.885115
3456 7.460478
3457 8.442909
3458 8.974263
3459 9.139988
3460 8.638507
3461 8.600117
3462 7.464945
3463 7.590529
3464 7.525430
3465 8.527989
3466 8.168242
3467 7.029608
3468 7.681118
3469 7.907027
3470 7.400250
3471 8.182673
3472 7.632911
3473 7.954959
3474 7.172188
3475 7.704582
3476 8.942446
3477 7.888124
3478 7.315255
3479 6.624628
3480 7.646077
3481 7.538815
3482 8.405196
3483 7.683996
3484 7.366911
3485 7.602433
3486 9.443141
3487 7.309871
3488 7.024287
3489 6.743413
3490 7.249350
3491 7.209639
3492 8.837702
3493 8.259322
3494 8.607792
3495 8.952877
3496 9.279689
3497 7.512182
3498 7.158109
3499 7.929780
3500 7.320936
3501 7.624204
3502 8.217164
3503 8.868013
3504 7.992447
3505 7.701548
3506 6.155764
3507 7.933795
3508 7.898924
3509 8.145705
3510 8.563176
3511 8.498083
3512 7.866859
3513 7.778519
3514 7.806631
3515 7.604244
3516 8.318226
3517 8.257328
3518 7.410755
3519 7.904307
3520 6.952682
3521 8.033736
3522 7.609899
3523 6.882890
3524 9.692599
3525 7.365983
3526 9.227632
3527 8.395749
3528 9.518312
3529 7.525274
3530 8.381549
3531 8.836905
3532 6.205884
3533 8.696011
3534 8.051665
3535 9.103810
3536 8.679481
3537 8.650166
3538 9.232230
3539 8.921549
3540 6.715311
3541 8.219812
3542 8.504102
3543 8.724499
3544 9.842788
3545 7.766111
3546 7.539457
3547 7.670263
3548 8.788508
3549 7.726738
3550 8.970452
3551 7.932262
3552 7.658736
3553 8.209327
3554 9.388572
3555 8.676826
3556 9.728397
3557 8.992920
3558 9.183799
3559 8.310555
3560 8.196256
3561 8.092888
3562 7.246779
3563 9.612090
3564 8.309926
3565 7.875899
3566 7.505338
3567 8.377144
3568 8.007210
3569 8.322218
3570 9.870047
3571 7.349759
3572 8.754136
3573 7.377167
3574 8.004783
3575 8.373590
3576 8.899373
3577 8.215770
3578 7.612215
3579 7.790577
3580 8.274107
3581 8.453343
3582 8.070644
3583 10.234671
3584 7.978652
3585 8.972384
3586 9.161887
3587 8.017488
3588 7.598323
3589 8.009114
3590 7.620328
3591 7.792727
3592 7.300484
3593 8.344750
3594 8.690418
3595 8.782996
3596 7.541569
3597 7.727101
3598 7.879658
3599 8.130474
3600 7.839321
3601 8.464288
3602 7.790219
3603 8.376710
3604 7.834439
3605 7.090549
3606 9.791742
3607 8.901580
3608 7.900545
3609 8.391167
3610 6.986578
3611 7.887877
3612 7.266787
3613 7.610167
3614 7.742436
3615 7.311531
3616 8.464815
3617 8.344562
3618 8.706489
3619 7.297159
3620 6.615519
3621 9.184965
3622 8.050498
3623 7.917607
3624 8.713811
3625 8.802073
3626 7.686366
3627 8.442392
3628 8.554976
3629 9.396447
3630 10.336582
3631 8.774190
3632 9.552325
3633 8.315031
3634 7.945577
3635 7.155059
3636 8.639964
3637 7.110593
3638 8.967522
3639 6.662207
3640 7.113044
3641 7.549761
3642 7.668971
3643 7.331120
3644 7.298613
3645 6.565135
3646 8.982080
3647 7.989782
3648 8.046304
3649 9.193071
3650 9.334552
3651 11.282076
3652 8.720394
3653 8.722330
3654 7.156153
3655 7.263466
3656 6.586977
3657 6.972946
3658 7.659151
3659 8.014544
3660 8.176688
3661 7.083254
3662 8.390835
3663 7.971038
3664 9.048848
3665 7.822488
3666 8.923009
3667 6.614234
3668 7.982792
3669 8.011023
3670 7.607875
3671 8.898793
3672 7.620189
3673 7.983465
3674 7.710876
3675 7.173883
3676 8.300042
3677 7.533744
3678 7.892600
3679 7.267230
3680 7.259656
3681 7.149250
3682 7.365902
3683 7.772135
3684 7.433361
3685 7.212586
3686 8.998279
3687 7.355120
3688 7.384832
3689 8.166736
3690 7.671495
3691 6.947956
3692 7.965714
3693 8.454606
3694 7.415142
3695 7.567047
3696 8.230072
3697 7.359953
3698 7.312508
3699 8.133023
3700 7.083423
3701 7.943314
3702 7.871224
3703 10.692564
3704 9.047525
3705 6.433089
3706 6.653086
3707 7.757247
3708 7.930076
3709 6.815100
3710 7.687292
3711 8.350366
3712 7.544807
3713 6.361430
3714 6.783340
3715 9.529450
3716 7.575421
3717 7.518683
3718 7.122379
3719 7.619460
3720 8.346649
3721 6.966219
3722 7.514180
3723 6.531144
3724 7.069245
3725 7.784458
3726 6.829150
3727 6.694160
3728 6.734315
3729 7.832758
3730 7.841716
3731 7.765076
3732 7.822070
3733 6.907533
3734 8.586186
3735 9.672449
3736 9.287782
3737 9.540891
3738 9.772882
3739 6.885970
3740 8.806366
3741 9.037136
3742 6.769961
3743 8.480870
3744 7.649367
3745 8.534830
3746 7.989630
3747 5.788262
3748 7.938829
3749 7.466490
3750 8.018586
3751 6.920679
3752 7.879755
3753 6.650671
3754 6.865064
3755 7.047703
3756 7.900139
3757 7.206594
3758 8.726491
3759 8.358500
3760 7.986775
3761 6.971217
3762 6.379328
3763 7.634901
3764 8.817646
3765 8.803549
3766 8.612622
3767 9.350593
3768 11.099771
3769 9.978985
3770 8.238384
3771 8.017890
3772 9.486526
3773 8.057579
3774 7.963497
3775 8.480554
3776 7.444375
3777 6.942432
3778 7.309591
3779 7.072465
3780 9.216454
3781 8.641441
3782 7.782258
3783 7.449927
3784 7.874830
3785 6.826494
3786 7.814736
3787 7.964775
3788 7.781986
3789 8.188054
3790 8.437784
3791 7.319402
3792 7.785354
3793 8.932800
3794 8.066290
3795 7.261586
3796 8.249730
3797 8.078157
3798 7.730342
3799 8.584804
3800 8.531968
3801 8.440316
3802 8.301178
3803 8.052143
3804 8.737662
3805 9.205835
3806 7.468395
3807 9.386085
3808 10.071925
3809 10.227657
3810 8.722344
3811 9.070659
3812 9.482540
3813 7.149606
3814 8.263157
3815 8.421575
3816 7.535734
3817 7.959913
3818 8.324266
3819 8.573807
3820 7.868640
3821 7.476855
3822 7.551862
3823 7.289016
3824 6.248761
3825 6.519767
3826 6.969213
3827 8.332598
3828 7.445279
3829 7.342314
3830 8.171109
3831 6.992440
3832 6.271474
3833 5.812885
3834 5.969212
3835 5.758304
3836 5.071931
3837 5.241782
3838 5.962422
3839 5.426471
3840 5.143393
3841 5.153714
3842 5.243635
3843 5.586788
3844 5.931275
3845 4.924854
3846 5.993414
3847 4.561668
3848 6.193318
3849 4.739304
3850 5.552560
3851 5.515841
3852 4.828661
3853 5.308946
3854 5.551912
3855 5.546000
3856 5.614881
3857 5.486836
3858 5.185847
3859 5.246227
3860 5.614935
3861 5.325065
3862 5.699772
3863 5.113471
3864 5.382805
3865 5.518578
3866 5.468060
3867 5.008851
3868 4.920115
3869 7.637815
3870 8.209532
3871 7.351851
3872 7.697911
3873 8.186349
3874 8.237292
3875 7.342483
3876 7.500359
3877 7.073024
3878 8.070756
3879 6.712689
3880 5.768060
3881 6.609824
3882 5.956863
3883 6.544785
3884 7.171483
3885 7.800828
3886 7.281339
3887 6.423962
3888 9.575370
3889 8.195230
3890 9.006063
3891 8.002512
3892 8.601875
3893 10.386385
3894 8.081207
3895 8.941100
3896 8.847991
3897 8.766042
3898 7.741485
3899 8.041579
3900 7.954031
3901 8.532560
3902 7.364109
3903 7.283571
3904 7.814806
3905 8.373753
3906 7.512855
3907 7.254495
3908 8.018500
3909 7.629384
3910 7.679416
3911 7.904215
3912 7.894060
3913 8.154816
3914 8.393128
3915 7.718781
3916 8.475408
3917 8.630191
3918 8.218644
3919 9.314191
3920 8.284088
3921 9.156322
3922 9.610302
3923 8.452282
3924 8.982077
3925 9.238235
3926 9.023130
3927 8.374138
3928 8.393483
3929 9.420093
3930 7.997813
3931 8.970653
3932 8.820713
3933 8.775614
3934 8.559725
3935 9.321451
3936 7.977849
3937 8.327900
3938 8.127799
3939 8.783859
3940 8.631236
3941 7.866981
3942 9.244311
3943 8.106333
3944 7.512450
3945 8.698704
3946 8.227016
3947 6.970988
3948 9.212885
3949 7.889605
3950 9.089587
3951 8.905261
3952 8.631992
3953 7.569391
3954 7.398447
3955 7.082020
3956 7.384539
3957 8.120115
3958 8.451127
3959 8.184359
3960 7.576140
3961 8.194548
3962 7.717775
3963 8.142570
3964 8.874282
3965 8.824313
3966 8.275727
3967 8.454851
3968 7.869339
3969 9.785364
3970 8.368885
3971 7.942048
3972 8.474911
3973 8.137311
3974 8.002540
3975 8.655760
3976 9.179569
3977 8.044284
3978 8.705335
3979 8.623068
3980 7.946805
3981 7.656638
3982 7.689789
3983 7.297630
3984 7.605321
3985 7.625983
3986 7.938447
3987 9.503714
3988 9.529083
3989 9.285817
3990 8.901045
3991 8.663128
3992 8.654497
3993 8.250775
3994 9.271953
3995 8.893447
3996 7.357420
3997 8.851550
3998 9.830769
3999 8.391389
4000 8.892076
4001 8.614947
4002 6.388199
4003 8.472567
4004 8.532314
4005 7.970551
4006 7.117918
4007 7.186604
4008 9.709474
4009 5.620873
4010 6.002049
4011 9.458357
4012 9.523536
4013 10.234339
4014 8.462836
4015 9.359871
4016 8.805533
4017 9.583295
4018 8.026527
4019 8.061721
4020 8.931261
4021 9.247059
4022 7.411321
4023 9.558358
4024 9.788005
4025 9.259127
4026 9.712243
4027 9.883492
4028 9.225234
4029 9.191529
4030 9.822780
4031 10.387615
4032 9.620819
4033 8.625591
4034 9.500663
4035 9.265712
4036 7.987453
4037 9.776348
4038 8.559653
4039 7.884270
4040 9.755494
4041 8.130080
4042 8.699444
4043 8.983193
4044 7.330247
4045 6.860416
4046 7.851637
4047 8.637787
4048 8.360055
4049 8.257700
4050 9.387870
4051 8.926370
4052 8.200538
4053 9.112990
4054 7.956897
4055 7.635031
4056 7.839249
4057 8.677633
4058 8.556432
4059 6.330468
4060 8.205738
4061 8.724736
4062 7.046768
4063 7.977446
4064 9.110461
4065 7.194034
4066 7.446783
4067 8.365752
4068 7.836663
4069 7.206621
4070 8.427258
4071 7.979524
4072 7.487617
4073 7.220484
4074 8.508261
4075 8.496995
4076 8.516948
4077 7.657736
4078 7.398200
4079 6.559924
4080 6.970876
4081 7.088361
4082 5.847018
4083 5.190502
4084 5.819115
4085 5.426939
4086 5.446487
4087 5.079656
4088 5.792063
4089 4.752567
4090 5.924296
4091 4.973289
4092 5.693698
4093 5.467505
4094 6.156574
4095 5.280019
4096 5.320676
4097 6.213390
4098 5.676697
4099 5.060131
4100 5.319116
4101 5.754551
4102 5.414137
4103 5.518578
4104 5.268103
4105 5.438869
4106 5.035712
4107 6.000518
4108 5.324741
4109 5.679906
4110 6.260688
4111 8.494903
4112 5.571111
4113 4.269251
4114 3.197576
4115 3.691640
4116 4.871773
4117 5.201052
4118 5.478513
4119 5.163423
4120 5.514393
4121 5.737066
4122 5.082783
4123 5.410092
4124 5.532829
4125 5.676497
4126 4.313859
4127 5.717746
4128 5.603483
4129 5.737274
4130 5.394848
4131 6.070412
4132 11.678517
4133 9.792231
4134 9.286041
4135 7.873016
4136 9.003744
4137 10.391430
4138 7.697177
4139 8.256471
4140 6.931652
4141 7.249620
4142 7.375785
4143 7.743094
4144 7.437594
4145 7.628615
4146 8.676558
4147 5.956802
4148 8.838768
4149 6.108503
4150 7.632098
4151 7.561607
4152 8.570483
4153 8.798152
4154 8.077877
4155 8.781348
4156 8.288127
4157 6.851469
4158 8.434605
4159 7.180566
4160 7.095583
4161 7.219008
4162 6.735115
4163 7.565694
4164 7.480970
4165 7.519341
4166 8.042673
4167 8.395886
4168 6.711641
4169 6.981730
4170 7.577262
4171 6.794729
4172 8.969675
4173 7.595405
4174 6.837587
4175 7.993966
4176 9.387071
4177 8.183599
4178 7.239656
4179 9.396240
4180 8.375746
4181 8.623837
4182 8.617241
4183 8.515980
4184 7.987021
4185 8.324550
4186 7.489765
4187 7.761301
4188 7.342499
4189 8.848040
4190 6.574696
4191 6.763083
4192 7.056840
4193 6.846575
4194 8.406677
4195 6.934904
4196 7.919004
4197 8.052938
4198 9.530344
4199 9.274252
4200 9.247537
4201 9.063476
4202 8.414770
4203 8.095083
4204 7.379121
4205 8.346851
4206 7.995961
4207 6.072346
4208 8.366270
4209 7.932136
4210 7.304443
4211 7.344863
4212 8.698256
4213 8.891932
4214 8.388236
4215 7.459800
4216 8.110093
4217 8.436824
4218 7.665080
4219 8.482754
4220 7.423886
4221 8.078671
4222 10.283010
4223 8.665672
4224 8.777209
4225 9.217338
4226 8.893937
4227 7.703048
4228 8.343356
4229 8.678724
4230 7.322273
4231 7.376650
4232 8.060106
4233 8.394253
4234 7.438016
4235 7.938420
4236 7.891229
4237 8.416869
4238 7.161522
4239 6.801072
4240 7.660850
4241 8.547812
4242 8.473549
4243 7.741969
4244 8.061645
4245 7.539854
4246 7.392196
4247 7.561708
4248 7.814411
4249 7.645746
4250 8.665131
4251 7.879735
4252 8.028676
4253 6.559162
4254 8.388886
4255 8.251051
4256 7.940994
4257 7.612439
4258 7.917376
4259 6.622997
4260 7.817998
4261 8.375452
4262 8.325676
4263 8.007414
4264 8.605869
4265 7.593970
4266 8.968941
4267 7.740396
4268 8.225802
4269 7.941611
4270 8.775913
4271 8.368566
4272 8.008046
4273 8.458475
4274 9.107743
4275 8.436024
4276 9.362039
4277 8.114461
4278 7.975519
4279 7.227844
4280 7.786978
4281 7.798359
4282 7.128324
4283 7.416127
4284 8.082880
4285 8.646527
4286 8.258970
4287 7.338760
4288 7.227457
4289 8.296265
4290 11.201288
4291 8.688296
4292 7.907250
4293 7.846007
4294 7.698507
4295 8.273195
4296 7.604473
4297 8.342646
4298 9.311857
4299 7.948361
4300 6.777351
4301 6.530889
4302 8.058593
4303 8.465557
4304 7.324383
4305 7.726309
4306 6.933492
4307 6.516777
4308 8.427421
4309 7.135283
4310 7.775841
4311 8.175884
4312 7.762344
4313 6.507759
4314 7.385974
4315 8.765615
4316 7.289378
4317 8.325150
4318 7.069390
4319 7.814728
4320 7.659891
4321 8.832136
4322 9.315713
4323 8.797440
4324 7.118633
4325 7.391470
4326 8.088547
4327 8.796869
4328 7.458693
4329 8.961931
4330 7.431484
4331 7.979762
4332 7.066069
4333 8.033536
4334 7.150805
4335 7.404025
4336 7.489304
4337 7.909823
4338 8.362939
4339 9.719744
4340 8.607521
4341 9.013916
4342 7.411458
4343 7.571319
4344 7.886432
4345 7.248950
4346 7.707898
4347 7.643365
4348 7.366452
4349 6.997746
4350 9.431849
4351 7.801517
4352 7.216874
4353 8.737999
4354 7.615103
4355 8.173045
4356 7.690104
4357 7.990172
4358 7.654658
4359 8.182408
4360 7.765939
4361 7.266147
4362 7.880126
4363 7.413887
4364 10.014063
4365 7.317765
4366 7.308262
4367 7.680155
4368 8.670717
4369 8.663615
4370 7.598121
4371 7.072048
4372 7.052211
4373 7.872921
4374 8.050399
4375 7.993272
4376 7.923744
4377 9.627600
4378 8.609054
4379 9.155224
4380 8.423784
4381 8.397528
4382 9.114281
4383 8.396214
4384 9.182182
4385 7.347001
4386 6.932251
4387 7.682605
4388 7.855624
4389 7.873968
4390 8.090392
4391 8.472652
4392 7.118497
4393 7.943482
4394 7.878939
4395 7.594718
4396 8.326140
4397 7.128544
4398 6.848051
4399 8.087540
4400 8.568019
4401 7.046916
4402 8.349437
4403 8.528546
4404 7.969049
4405 7.655816
4406 7.953999
4407 8.919264
4408 9.065821
4409 8.461007
4410 9.288380
4411 10.053886
4412 10.304040
4413 7.411813
4414 7.664801
4415 7.524793
4416 7.590238
4417 8.752015
4418 9.472394
4419 8.907673
4420 7.388228
4421 7.017428
4422 7.216676
4423 8.247092
4424 8.887356
4425 8.473148
4426 7.519469
4427 8.326735
4428 7.597381
4429 7.753998
4430 7.993182
4431 9.002989
4432 8.167674
4433 9.509673
4434 8.342118
4435 8.276751
4436 6.953518
4437 9.997409
4438 8.823621
4439 8.623417
4440 8.395124
4441 8.189163
4442 7.960291
4443 7.205141
4444 7.143869
4445 9.045942
4446 6.880603
4447 8.077338
4448 8.199155
4449 8.344609
4450 7.747231
4451 8.128770
4452 7.063739
4453 7.887776
4454 8.350316
4455 7.463607
4456 5.192207
4457 5.730376
4458 4.396329
4459 5.502699
4460 6.383581
4461 5.624611
4462 5.867455
4463 4.846388
4464 5.497509
4465 5.588657
4466 5.530334
4467 5.640507
4468 6.235021
4469 4.541662
4470 5.406413
4471 5.823214
4472 5.411644
4473 5.201933
4474 5.546774
4475 5.219715
4476 5.437286
4477 6.119199
4478 5.363291
4479 4.885088
4480 5.537679
4481 5.680323
4482 5.706141
4483 5.615349
4484 6.897310
4485 5.436519
4486 6.552543
4487 5.612032
4488 5.902220
4489 9.066978
4490 7.581399
4491 7.268906
4492 6.749236
4493 9.049867
4494 11.354140
4495 8.445660
4496 10.383202
4497 8.939519
4498 8.998650
4499 7.896874
4500 8.785451
4501 7.331419
4502 5.089097
4503 5.218179
4504 5.305977
4505 5.074454
4506 6.343526
4507 5.265060
4508 5.612514
4509 6.833436
4510 4.938940
4511 5.535653
4512 4.983364
4513 5.768450
4514 5.632913
4515 5.331445
4516 5.309923
4517 5.906515
4518 6.145610
4519 5.369819
4520 5.325768
4521 5.994883
4522 5.581282
4523 5.150660
4524 5.660627
4525 5.157750
4526 6.461798
4527 6.581748
4528 6.010441
4529 5.713655
4530 6.032429
4531 5.713914
4532 5.493325
4533 5.743639
4534 4.818029
4535 5.375378
4536 5.272438
4537 7.508649
4538 6.473346
4539 6.801863
4540 6.688424
4541 7.751816
4542 8.598055
4543 7.351667
4544 10.011414
4545 9.408106
4546 8.578542
4547 7.772711
4548 7.835115
4549 8.115350
4550 7.600718
4551 7.546730
4552 7.610170
4553 9.300872
4554 6.965819
4555 8.033200
4556 6.874473
4557 8.071096
4558 7.528703
4559 7.634642
4560 6.821158
4561 7.360829
4562 8.156335
4563 8.723150
4564 7.511813
4565 8.426986
4566 8.154133
4567 8.075969
4568 8.266783
4569 7.696421
4570 8.247441
4571 8.133212
4572 7.452416
4573 7.695250
4574 7.847295
4575 7.717680
4576 7.609208
4577 7.878135
4578 7.405787
4579 6.729108
4580 7.351223
4581 6.683016
4582 7.459243
4583 6.837996
4584 6.849886
4585 7.633749
4586 7.384802
4587 7.761512
4588 7.306029
4589 6.839208
4590 8.196980
4591 7.408052
4592 7.843836
4593 7.648036
4594 6.834713
4595 6.982609
4596 7.579320
4597 7.894313
4598 7.424543
4599 7.220950
4600 7.547988
4601 7.716065
4602 7.654031
4603 7.656076
4604 7.340415
4605 7.316517
4606 7.828951
4607 8.298441
4608 8.118315
4609 7.605195
4610 7.675584
4611 8.581661
4612 7.895904
4613 7.752716
4614 8.537804
4615 8.891001
4616 9.325990
4617 9.639922
4618 8.162406
4619 9.393302
4620 9.530319
4621 9.559908
4622 8.588280
4623 8.428435
4624 8.911945
4625 7.552516
4626 9.806111
4627 9.678568
4628 8.992946
4629 8.463790
4630 7.749155
4631 9.292650
4632 9.421278
4633 9.436924
4634 8.837157
4635 10.442042
4636 10.758634
4637 9.872981
4638 8.862630
4639 9.328456
4640 9.661583
4641 7.401243
4642 9.679012
4643 9.506341
4644 11.199692
4645 8.951320
4646 8.828149
4647 8.429122
4648 9.690975
4649 8.682217
4650 9.871580
4651 9.432756
4652 9.472999
4653 8.230023
4654 9.448996
4655 8.896675
4656 9.547948
4657 8.726385
4658 10.379530
4659 8.619933
4660 9.774570
4661 9.206368
4662 9.136374
4663 10.779339
4664 7.968446
4665 8.652698
4666 8.704764
4667 8.408247
4668 9.258413
4669 8.399321
4670 7.701487
4671 9.207741
4672 8.409018
4673 8.861956
4674 7.112096
4675 9.290587
4676 9.711468
4677 9.894023
4678 8.764619
4679 10.639260
4680 10.488785
4681 9.058923
4682 9.067056
4683 8.516479
4684 8.977196
4685 8.362360
4686 8.394937
4687 7.884895
4688 8.786821
4689 7.782506
4690 7.925465
4691 7.206698
4692 7.721780
4693 7.932847
4694 8.118776
4695 6.703463
4696 7.198962
4697 7.812776
4698 7.908660
4699 7.428895
4700 9.203425
4701 7.034835
4702 7.914422
4703 8.670433
4704 7.742672
4705 7.284813
4706 9.278733
4707 9.446508
4708 6.866214
4709 8.230998
4710 7.918806
4711 5.837544
4712 8.782266
4713 9.996825
4714 9.438488
4715 10.035845
4716 8.004336
4717 7.367727
4718 7.389681
4719 7.579452
4720 8.518215
4721 9.312760
4722 9.422320
4723 10.361477
4724 8.342937
4725 9.779108
4726 9.818900
4727 11.946975
4728 10.371275
4729 11.001287
4730 7.948842
4731 9.757898
4732 8.551679
4733 6.930663
4734 7.718405
4735 7.481238
4736 8.542610
4737 9.771031
4738 8.614423
4739 8.186595
4740 7.169519
4741 6.716762
4742 7.738325
4743 7.282159
4744 9.168633
4745 7.836235
4746 6.887920
4747 9.476290
4748 8.349628
4749 6.957872
4750 8.103564
4751 7.408741
4752 8.650768
4753 8.469114
4754 8.182580
4755 8.862578
4756 7.468923
4757 7.744459
4758 7.587373
4759 6.890669
4760 7.055383
4761 5.978730
4762 9.728366
4763 8.748379
4764 8.657302
4765 7.814027
4766 8.082487
4767 8.125447
4768 8.631465
4769 7.891950
4770 7.857398
4771 7.147439
4772 6.747846
4773 8.072161
4774 8.457994
4775 6.665096
4776 7.552600
4777 8.322240
4778 8.938769
4779 8.642736
4780 9.394723
4781 7.526844
4782 10.203156
4783 8.933181
4784 7.948554
4785 9.151295
4786 8.506377
4787 8.983999
4788 8.275620
4789 7.255633
4790 7.660758
4791 7.266562
4792 6.939135
4793 8.814019
4794 7.652776
4795 7.044154
4796 8.348348
4797 7.704605
4798 10.117337
4799 6.902092
4800 7.767767
4801 8.445388
4802 8.580171
4803 7.449651
4804 9.258096
4805 8.329764
4806 9.184222
4807 10.102408
4808 8.313739
4809 7.927585
4810 8.950403
4811 7.887874
4812 7.211914
4813 7.120459
4814 6.986238
4815 7.093307
4816 7.337780
4817 7.751322
4818 7.273108
4819 7.990525
4820 7.828087
4821 8.032213
4822 7.225469
4823 7.290556
4824 7.908298
4825 8.336501
4826 8.243557
4827 7.476076
4828 6.936895
4829 7.964079
4830 7.147937
4831 7.259521
4832 7.001787
4833 7.582071
4834 7.314957
4835 7.855400
4836 7.778399
4837 7.490516
4838 8.324116
4839 8.985400
4840 9.317046
4841 7.645974
4842 8.442039
4843 7.390920
4844 6.629233
4845 7.901707
4846 8.120064
4847 8.543571
4848 7.015254
4849 8.348569
4850 8.843636
4851 8.862675
4852 8.910830
4853 7.056949
4854 3.284953
4855 3.166781
4856 3.197031
4857 3.928945
4858 3.492534
4859 3.103257
4860 3.378433
4861 3.472769
4862 3.072624
4863 3.760494
4864 3.474334
4865 3.348149
4866 3.150842
4867 3.240698
4868 3.275409
4869 3.834830
4870 3.207645
4871 3.205775
4872 3.477485
4873 3.521223
4874 3.593605
4875 3.828759
4876 3.576743
4877 4.997640
4878 5.271898
4879 3.317003
4880 3.731018
4881 3.303575
4882 3.550634
4883 6.761680
4884 9.159773
4885 9.427606
4886 6.238557
4887 8.620111
4888 8.507285
4889 7.748322
4890 7.421117
4891 7.395657
4892 5.468756
4893 8.644273
4894 5.286520
4895 5.837285
4896 5.116729
4897 5.518924
4898 5.562446
4899 6.030097
4900 5.519239
4901 5.172679
4902 5.422887
4903 5.149845
4904 5.341033
4905 5.373591
4906 4.639181
4907 5.176718
4908 5.462133
4909 5.069015
4910 5.474971
4911 4.549024
4912 5.973784
4913 5.255865
4914 7.421328
4915 4.826324
4916 6.287043
4917 5.940380
4918 5.665871
4919 5.334427
4920 5.588035
4921 5.278504
4922 5.974968
4923 5.399593
4924 5.444530
4925 5.486183
4926 5.046770
4927 5.141496
4928 5.305572
4929 5.387514
4930 4.762413
4931 5.410788
4932 5.653131
4933 5.275880
4934 5.841993
4935 5.628910
4936 5.196588
4937 5.453898
4938 5.699307
4939 5.815929
4940 5.197412
4941 5.299754
4942 4.802093
4943 5.574234
4944 5.357068
4945 5.216138
4946 5.601508
4947 5.316185
4948 5.528164
4949 5.517111
4950 5.320205
4951 5.300927
4952 5.248879
4953 4.893538
4954 5.641648
4955 5.101539
4956 5.749600
4957 5.066184
4958 5.312399
4959 5.538394
4960 5.800423
4961 5.162651
4962 5.476542
4963 4.987676
4964 5.062855
4965 5.569462
4966 5.606293
4967 4.986591
4968 5.827659
4969 5.027215
4970 6.156109
4971 5.302163
4972 4.990761
4973 5.754545
4974 5.433064
4975 5.069072
4976 5.212224
4977 5.388589
4978 5.451769
4979 5.585633
4980 5.466497
4981 5.438355
4982 5.588641
4983 5.165838
4984 5.490181
4985 5.549467
4986 5.525313
4987 5.372730
4988 5.577685
4989 5.801498
4990 5.644664
4991 5.303263
4992 5.764819
4993 5.214520
4994 5.386855
4995 5.962581
4996 4.910621
4997 7.971107
4998 7.324862
4999 6.948913
5000 5.462363
5001 3.500185

