0 5.388610
1 6.947266
2 6.508557
3 7.237416
4 6.256528
5 7.303175
6 6.886254
7 5.914814
8 7.081759
9 7.173903
10 6.424905
11 7.255575
12 7.797954
13 7.952579
14 6.918903
15 7.776667
16 8.651769
17 10.643298
18 9.689775
19 9.194505
20 7.118300
21 8.171714
22 8.634415
23 7.787817
24 8.280157
25 9.035604
26 10.249118
27 8.702075
28 8.283347
29 6.971392
30 5.580054
31 7.179879
32 8.567087
33 7.629770
34 4.510132
35 5.752159
36 7.667817
37 6.941515
38 5.653363
39 6.152825
40 3.438097
41 3.621297
42 3.318705
43 3.773845
44 3.573696
45 3.145362
46 2.978354
47 5.607620
48 3.714555
49 3.585790
50 3.748106
51 4.992242
52 3.106091
53 3.128035
54 3.348105
55 3.802713
56 3.250165
57 3.919454
58 3.422792
59 3.284797
60 3.404763
61 3.341347
62 3.056810
63 3.240913
64 3.463004
65 3.460723
66 3.699163
67 3.511412
68 3.318509
69 3.386606
70 3.315373
71 3.496327
72 3.073341
73 3.549088
74 3.346996
75 3.170015
76 3.191207
77 6.612020
78 6.782225
79 3.286791
80 3.746598
81 3.732102
82 3.580533
83 3.452331
84 3.757976
85 3.213005
86 2.963880
87 5.130866
88 5.854513
89 6.254414
90 6.178243
91 6.517136
92 8.689111
93 8.050750
94 8.877377
95 7.071929
96 8.610417
97 9.406327
98 10.481923
99 8.659873
100 8.879898
101 8.713221
102 7.925591
103 9.297946
104 7.049941
105 8.801513
106 6.367843
107 9.555170
108 7.793236
109 9.190025
110 7.251027
111 9.157647
112 6.390275
113 7.708468
114 7.852728
115 7.953923
116 8.004816
117 10.494919
118 6.519413
119 8.200009
120 7.840625
121 9.761095
122 8.005418
123 7.301072
124 7.624015
125 7.632076
126 10.207831
127 8.622078
128 6.947496
129 7.586153
130 9.221942
131 7.234418
132 8.749869
133 7.145082
134 8.789912
135 11.048622
136 9.499255
137 7.790829
138 7.543514
139 6.310992
140 5.848736
141 7.931335
142 7.181426
143 7.870069
144 6.344951
145 6.812835
146 5.007454
147 5.281155
148 5.576789
149 6.405540
150 5.673092
151 7.389785
152 7.507106
153 7.154730
154 4.522104
155 5.246531
156 6.278600
157 3.576700
158 3.655763
159 3.582806
160 3.798754
161 5.766639
162 8.533796
163 6.666198
164 8.496643
165 8.873072
166 10.412646
167 8.627868
168 6.380923
169 6.781576
170 6.816363
171 11.380960
172 7.096899
173 9.795412
174 7.327714
175 9.449137
176 9.230158
177 8.438300
178 6.970189
179 7.490188
180 6.242344
181 9.547831
182 7.110564
183 6.603461
184 6.436091
185 8.752970
186 10.646379
187 8.385613
188 7.291021
189 7.659414
190 8.112687
191 7.409651
192 3.369465
193 3.044291
194 3.477543
195 3.644983
196 6.237786
197 4.551276
198 5.016543
199 6.224218
200 4.550614
201 3.131023
202 3.281846
203 3.306432
204 4.154095
205 6.180471
206 5.001220
207 3.322305
208 3.764642
209 3.457022
210 3.777153
211 3.126435
212 3.201701
213 3.310967
214 7.164028
215 10.022056
216 10.238287
217 9.330582
218 8.302202
219 4.755693
220 5.805869
221 7.595177
222 6.838723
223 5.272995
224 4.155163
225 5.561892
226 3.107637
227 3.265853
228 3.435635
229 3.901230
230 3.665640
231 3.383682
232 3.671685
233 3.243131
234 3.401735
235 3.562961
236 7.561539
237 6.415810
238 6.393579
239 8.143305
240 9.488363
241 8.167038
242 8.523763
243 7.651314
244 4.607968
245 5.892720
246 7.830209
247 5.962665
248 10.248409
249 10.101725
250 4.432723
251 6.267573
252 7.186380
253 6.813293
254 6.673214
255 6.156695
256 6.082720
257 5.770279
258 7.305057
259 7.298445
260 5.419542
261 6.894586
262 6.897638
263 7.446542
264 5.616990
265 7.790147
266 9.494780
267 7.102317
268 6.845405
269 6.987952
270 7.638802
271 6.907285
272 6.442311
273 7.975746
274 8.077149
275 6.338809
276 7.344974
277 9.695557
278 6.021114
279 7.860947
280 6.760192
281 6.328627
282 7.816655
283 7.001174
284 7.228445
285 7.209425
286 7.372612
287 8.188788
288 9.266635
289 7.734524
290 7.782377
291 5.569614
292 6.859531
293 8.316117
294 5.572593
295 5.973750
296 3.157768
297 3.462326
298 3.092782
299 3.975980
300 3.529889
301 3.343785
302 3.520198
303 3.152478
304 3.457238
305 3.650355
306 3.279632
307 3.170629
308 5.280663
309 3.646621
310 5.077371
311 4.384552
312 4.349842
313 5.968425
314 7.420897
315 5.533047
316 7.068737
317 5.698884
318 5.435491
319 3.507979
320 3.545294
321 4.023755
322 3.739519
323 3.388276
324 3.778759
325 3.403777
326 4.165971
327 3.133609
328 3.267512
329 3.735036
330 3.088901
331 5.966780
332 5.930894
333 6.259792
334 6.524179
335 5.963113
336 5.791209
337 7.010005
338 6.324224
339 6.085934
340 8.720438
341 8.382248
342 9.889873
343 8.261478
344 8.886024
345 9.809261
346 8.337873
347 9.378304
348 8.781651
349 6.644652
350 7.153756
351 5.533969
352 6.247120
353 6.091054
354 7.652666
355 6.332787
356 8.110410
357 8.463059
358 6.892235
359 8.264080
360 8.884831
361 7.750992
362 7.235483
363 7.271520
364 6.011033
365 6.254550
366 8.080878
367 10.352532
368 9.220575
369 10.963413
370 11.115458
371 8.844807
372 5.633078
373 6.292871
374 8.461414
375 9.523352
376 8.506549
377 7.777821
378 6.847469
379 6.835589
380 10.771904
381 7.334610
382 6.233025
383 6.491886
384 5.852427
385 7.141729
386 5.453561
387 6.570344
388 6.561174
389 11.683555
390 10.731294
391 9.566405
392 9.587810
393 10.895821
394 9.989802
395 12.414553
396 12.103839
397 10.350779
398 10.793694
399 9.862668
400 9.936871
401 10.646006
402 10.758801
403 10.237138
404 9.313207
405 9.996091
406 7.572551
407 7.983948
408 8.195383
409 6.001150
410 8.903005
411 7.723753
412 6.465452
413 8.248381
414 8.544871
415 9.083012
416 7.381395
417 6.222822
418 5.366808
419 7.718325
420 8.966793
421 8.960999
422 4.673680
423 3.371974
424 3.649288
425 3.259050
426 3.472984
427 3.557444
428 3.264564
429 3.387640
430 3.380961
431 3.546749
432 3.306043
433 4.193784
434 5.071941
435 6.114862
436 5.928412
437 6.183700
438 4.899385
439 5.809277
440 5.822509
441 6.126205
442 6.855857
443 6.730721
444 7.136034
445 6.327387
446 8.141996
447 8.116180
448 9.295316
449 6.268247
450 8.673085
451 6.418409
452 4.975177
453 6.639988
454 6.404007
455 7.228035
456 6.342137
457 7.815095
458 8.026607
459 7.283613
460 5.534792
461 6.723236
462 5.042408
463 6.404152
464 5.412400
465 5.365978
466 6.861271
467 10.167153
468 9.539710
469 7.850941
470 7.710325
471 5.800560
472 7.338358
473 8.775955
474 9.298547
475 8.841735
476 8.281455
477 7.223892
478 7.185109
479 11.359076
480 6.026251
481 9.911262
482 7.576091
483 7.359268
484 9.227406
485 9.173255
486 9.742864
487 9.203877
488 10.096662
489 8.740767
490 9.041649
491 7.835438
492 7.934266
493 9.384169
494 9.098234
495 10.378334
496 8.045808
497 8.558234
498 9.238237
499 8.699933
500 10.858256
501 10.126682
502 11.631861
503 9.180268
504 5.307863
505 8.558205
506 3.281861
507 4.688475
508 3.370236
509 4.500286
510 3.311040
511 3.173563
512 3.379630
513 4.848064
514 3.359108
515 3.707639
516 4.941480
517 3.354652
518 3.657076
519 3.785715
520 3.280305
521 3.358599
522 3.435838
523 3.852288
524 3.509387
525 3.472362
526 4.043684
527 7.972306
528 3.717245
529 4.385160
530 7.230663
531 4.743419
532 3.491390
533 3.249293
534 4.779140
535 5.189787
536 5.542448
537 6.038626
538 9.771700
539 5.721453
540 5.202338
541 7.551832
542 5.629528
543 6.153222
544 6.332570
545 6.893998
546 6.556379
547 6.696245
548 7.021945
549 7.637335
550 7.534859
551 7.080545
552 7.811313
553 6.938668
554 7.724590
555 6.780096
556 7.067364
557 5.832120
558 9.597841
559 8.539838
560 7.886761
561 5.549964
562 3.320377
563 3.277283
564 3.410997
565 3.336405
566 3.433088
567 5.089067
568 3.538755
569 3.300714
570 3.176824
571 3.200407
572 3.060604
573 3.181714
574 3.334807
575 3.181997
576 3.190158
577 3.353952
578 3.467262
579 3.156535
580 3.425463
581 3.295663
582 3.069281
583 3.055933
584 3.091471
585 3.392302
586 3.478361
587 3.292263
588 3.150778
589 3.051128
590 3.433409
591 3.717328
592 3.718141
593 3.202559
594 3.431459
595 3.858031
596 3.048556
597 3.612936
598 3.910624
599 3.718853
600 5.166451
601 5.745654
602 6.882458
603 6.029218
604 9.282922
605 5.699824
606 7.034467
607 7.742080
608 6.495205
609 7.634487
610 7.711524
611 9.442997
612 7.954596
613 5.669611
614 5.968199
615 7.399156
616 5.713608
617 5.601404
618 6.200804
619 4.717343
620 5.377446
621 5.571752
622 6.092718
623 6.734138
624 8.134017
625 5.477528
626 6.514152
627 6.928479
628 7.512829
629 7.190361
630 7.522406
631 8.057152
632 8.319702
633 8.034648
634 7.113960
635 6.893020
636 8.687575
637 9.450697
638 8.177954
639 7.921928
640 7.387786
641 6.351212
642 6.447861
643 6.712185
644 6.277143
645 8.340872
646 8.972536
647 6.693138
648 5.699148
649 9.020078
650 5.949498
651 5.172742
652 3.742476
653 3.446755
654 3.692614
655 3.857523
656 3.224314
657 3.319426
658 3.724477
659 3.432341
660 3.471614
661 3.633812
662 3.361814
663 3.397499
664 3.422410
665 3.187934
666 3.325210
667 3.659792
668 3.403895
669 3.352071
670 3.746866
671 3.370237
672 3.395083
673 3.397366
674 3.203813
675 3.335434
676 3.402368
677 3.873768
678 3.887324
679 3.866279
680 3.235355
681 3.205040
682 3.761133
683 3.177815
684 3.390370
685 3.477495
686 3.323294
687 3.320375
688 3.651371
689 7.576794
690 5.424252
691 5.071134
692 7.052392
693 6.065715
694 3.324302
695 5.440993
696 5.407901
697 3.455560
698 3.342659
699 6.303784
700 3.166703
701 3.344429
702 3.473040
703 3.412976
704 3.192335
705 3.376836
706 5.183804
707 3.672955
708 3.755397
709 3.383888
710 3.254977
711 3.771208
712 3.897769
713 3.704187
714 3.468226
715 3.130496
716 3.317486
717 3.641456
718 3.185122
719 3.213500
720 3.203078
721 3.688646
722 3.292736
723 3.192287
724 3.458817
725 3.433134
726 3.402472
727 3.085206
728 3.607729
729 3.611990
730 3.825613
731 3.242901
732 3.121716
733 3.589232
734 3.305572
735 3.315222
736 3.395082
737 3.485108
738 3.585721
739 4.697043
740 3.473687
741 3.113100
742 3.749525
743 3.539164
744 3.187817
745 3.306038
746 3.468430
747 3.281864
748 3.509454
749 3.622873
750 3.517969
751 3.386605
752 3.153914
753 3.774298
754 3.732371
755 3.208145
756 3.206373
757 3.444546
758 3.280519
759 3.593956
760 3.226440
761 5.633020
762 3.661661
763 3.155885
764 3.321369
765 3.457444
766 3.496584
767 3.305073
768 3.245967
769 3.385023
770 4.148603
771 5.122839
772 7.397551
773 6.202684
774 7.246908
775 6.237837
776 6.913154
777 7.331774
778 9.045141
779 6.874497
780 5.645972
781 7.067573
782 6.779503
783 7.598975
784 7.120493
785 3.844216
786 7.291538
787 5.641882
788 6.730194
789 4.468341
790 3.543462
791 5.020655
792 7.142814
793 6.778174
794 4.942278
795 6.678906
796 5.698514
797 5.882136
798 6.088719
799 5.966582
800 6.208687
801 4.629105
802 6.110608
803 5.785317
804 6.626152
805 7.256985
806 4.883289
807 7.398174
808 8.104796
809 6.310580
810 6.207625
811 5.830216
812 5.108561
813 5.472533
814 5.778892
815 5.378345
816 5.341139
817 6.401046
818 5.209925
819 4.665633
820 7.150846
821 7.648117
822 7.411129
823 8.333716
824 7.588925
825 6.845973
826 5.494772
827 6.923364
828 6.559794
829 4.943418
830 3.331157
831 3.338215
832 4.438255
833 4.152373
834 3.225490
835 3.189310
836 3.121713
837 3.762167
838 3.278369
839 3.552764
840 3.268884
841 3.253707
842 3.803501
843 4.990440
844 4.900043
845 3.490473
846 3.286062
847 5.829760
848 4.963276
849 5.861589
850 5.718963
851 3.973274
852 3.968941
853 3.565083
854 3.481795
855 3.025592
856 4.472741
857 5.773786
858 6.579163
859 6.977167
860 7.112763
861 6.139904
862 6.231284
863 5.372986
864 8.602052
865 6.492869
866 6.006538
867 6.310219
868 7.725548
869 7.387348
870 7.222167
871 7.459286
872 11.419725
873 9.048863
874 9.977606
875 9.145421
876 9.701598
877 12.095177
878 8.168699
879 9.083843
880 7.315880
881 8.329002
882 11.514152
883 10.700297
884 10.371134
885 9.638839
886 9.556627
887 11.977287
888 8.709190
889 10.249084
890 10.659990
891 5.936939
892 8.815183
893 7.721958
894 8.129415
895 12.278484
896 9.043795
897 6.999238
898 10.326262
899 9.293741
900 7.134523
901 6.109165
902 6.247920
903 5.543088
904 4.899081
905 7.891147
906 10.169297
907 8.209131
908 7.153112
909 6.976568
910 9.953884
911 8.206181
912 4.945185
913 7.539315
914 7.400175
915 9.670998
916 7.016439
917 9.867671
918 7.507403
919 6.017889
920 5.319455
921 5.111291
922 5.998209
923 6.503077
924 5.879005
925 8.639221
926 11.810036
927 9.704663
928 6.524975
929 7.775694
930 6.845919
931 8.473050
932 7.994507
933 9.181529
934 6.600400
935 8.352199
936 7.108592
937 5.821831
938 4.838037
939 5.205711
940 5.989634
941 5.662085
942 5.662722
943 5.678661
944 3.643912
945 3.808225
946 4.551656
947 3.659907
948 3.816226
949 3.874366
950 3.755225
951 3.710065
952 3.760878
953 3.126401
954 3.083571
955 3.990600
956 3.984981
957 3.713449
958 3.318825
959 3.684741
960 4.751732
961 4.020757
962 3.779990
963 3.198703
964 3.955258
965 5.200328
966 3.647093
967 3.430365
968 3.063868
969 3.401661
970 4.826698
971 3.467338
972 3.560560
973 3.304195
974 3.116422
975 3.342739
976 3.400060
977 3.374167
978 4.199465
979 3.345459
980 3.593856
981 3.647258
982 3.324894
983 3.305797
984 3.102405
985 3.457832
986 3.329878
987 3.332642
988 3.482786
989 3.539562
990 3.756289
991 3.354532
992 3.523544
993 3.375749
994 3.389039
995 3.251306
996 3.297485
997 3.754493
998 3.854297
999 3.721156
1000 5.231025
1001 7.085482
1002 5.879167
1003 5.777085
1004 3.486130
1005 5.389201
1006 5.761279
1007 5.186867
1008 5.127504
1009 5.363508
1010 5.198843
1011 4.753865
1012 5.510465
1013 6.099293
1014 4.835049
1015 6.509485
1016 6.727415
1017 5.707237
1018 3.958409
1019 6.872855
1020 6.550084
1021 3.306205
1022 3.183616
1023 3.373081
1024 3.677822
1025 3.549041
1026 3.143408
1027 3.432902
1028 3.415787
1029 3.441875
1030 5.346401
1031 5.747390
1032 6.830585
1033 7.373649
1034 7.679021
1035 6.769936
1036 8.476564
1037 6.016794
1038 6.052420
1039 5.286240
1040 8.212709
1041 7.569009
1042 9.491607
1043 5.918016
1044 7.033215
1045 6.792622
1046 6.508841
1047 7.014187
1048 6.905080
1049 7.405625
1050 5.606586
1051 5.461329
1052 5.547234
1053 5.672469
1054 5.047630
1055 8.922187
1056 6.513170
1057 5.421718
1058 8.812089
1059 7.257140
1060 4.901356
1061 7.018623
1062 6.960668
1063 4.974827
1064 8.106233
1065 7.417498
1066 7.009394
1067 6.439241
1068 5.324389
1069 9.576059
1070 6.378902
1071 8.223953
1072 4.764209
1073 5.545638
1074 6.330672
1075 5.419538
1076 5.764910
1077 9.260827
1078 7.440176
1079 6.588825
1080 8.217945
1081 7.604446
1082 6.401438
1083 8.033586
1084 4.920667
1085 5.093192
1086 7.504052
1087 6.202815
1088 5.645608
1089 3.412256
1090 4.624408
1091 8.718688
1092 7.164676
1093 6.534328
1094 7.366313
1095 6.546251
1096 7.216610
1097 5.384849
1098 8.086518
1099 8.062016
1100 3.409283
1101 4.559562
1102 3.185499
1103 3.689908
1104 3.566078
1105 3.801949
1106 3.178630
1107 3.443210
1108 4.382921
1109 4.793215
1110 3.680693
1111 5.748187
1112 10.216427
1113 7.422680
1114 7.916535
1115 7.757072
1116 6.516257
1117 8.221263
1118 8.964429
1119 7.946936
1120 4.178544
1121 4.781945
1122 7.455275
1123 7.711445
1124 5.513841
1125 7.339085
1126 8.096310
1127 7.598409
1128 6.440513
1129 6.757655
1130 8.191251
1131 7.364044
1132 6.203121
1133 6.009247
1134 7.973783
1135 8.773234
1136 6.973709
1137 8.525209
1138 8.758254
1139 6.368177
1140 6.912351
1141 5.891530
1142 7.616858
1143 6.492618
1144 5.391800
1145 5.732181
1146 7.340586
1147 7.521297
1148 6.941284
1149 7.196179
1150 8.091812
1151 7.422508
1152 8.969531
1153 6.458708
1154 6.542490
1155 7.444913
1156 8.069021
1157 9.215514
1158 7.933805
1159 8.261687
1160 8.149937
1161 8.988939
1162 9.651373
1163 5.460179
1164 6.444003
1165 8.113213
1166 6.404125
1167 6.502994
1168 8.002158
1169 8.759727
1170 10.608643
1171 8.691544
1172 8.558331
1173 9.310349
1174 6.312258
1175 5.551579
1176 8.613599
1177 5.774587
1178 5.284678
1179 6.300428
1180 6.512456
1181 6.891162
1182 5.821157
1183 8.040329
1184 7.881245
1185 8.345281
1186 7.048645
1187 6.747934
1188 7.537832
1189 6.401570
1190 7.323038
1191 7.973763
1192 7.041649
1193 8.709126
1194 7.391182
1195 7.237624
1196 3.826758
1197 3.772126
1198 5.415996
1199 3.797909
1200 3.704998
1201 3.669034
1202 3.823623
1203 3.780450
1204 3.233416
1205 3.445609
1206 3.554956
1207 3.470186
1208 3.368351
1209 3.293694
1210 3.678846
1211 3.265350
1212 3.092669
1213 3.492977
1214 3.359360
1215 3.432783
1216 3.229164
1217 3.140462
1218 3.317923
1219 5.961093
1220 5.864673
1221 5.306049
1222 5.996651
1223 7.676672
1224 5.941332
1225 6.689739
1226 5.039982
1227 3.374331
1228 3.112861
1229 5.672557
1230 3.444474
1231 3.158178
1232 3.633440
1233 3.373587
1234 5.973124
1235 7.538575
1236 9.617738
1237 6.587670
1238 7.512430
1239 7.765652
1240 5.772814
1241 5.042263
1242 9.715372
1243 8.300202
1244 9.926277
1245 7.490266
1246 4.603164
1247 5.715452
1248 8.063765
1249 8.101507
1250 7.577245
1251 6.185257
1252 7.342110
1253 6.473393
1254 8.721021
1255 7.947165
1256 8.280737
1257 6.764689
1258 8.087238
1259 7.190141
1260 6.588308
1261 5.410120
1262 7.107587
1263 5.718575
1264 6.960077
1265 6.685394
1266 6.432467
1267 6.348826
1268 7.880235
1269 7.389241
1270 6.779337
1271 7.020200
1272 6.050143
1273 6.244206
1274 6.021945
1275 9.017807
1276 6.683848
1277 7.453395
1278 9.622110
1279 8.352396
1280 8.576698
1281 6.396332
1282 9.744013
1283 5.619706
1284 7.098071
1285 5.014410
1286 6.707753
1287 6.105982
1288 3.107072
1289 3.165266
1290 3.172675
1291 3.159318
1292 3.529266
1293 3.258633
1294 3.342456
1295 3.322425
1296 3.373500
1297 3.194716
1298 3.569719
1299 3.512395
1300 3.259324
1301 3.372374
1302 4.151821
1303 3.279603
1304 3.420425
1305 3.376698
1306 3.175752
1307 3.309395
1308 4.316351
1309 3.748082
1310 3.878002
1311 3.529278
1312 3.695958
1313 3.656911
1314 3.888626
1315 3.547351
1316 3.617199
1317 3.529646
1318 3.470979
1319 3.736562
1320 3.380030
1321 3.596358
1322 3.286913
1323 3.630134
1324 3.787953
1325 3.607845
1326 3.835569
1327 3.995260
1328 5.197855
1329 5.920008
1330 5.128140
1331 6.672487
1332 5.280236
1333 8.179403
1334 7.163018
1335 5.009778
1336 7.179023
1337 5.734991
1338 10.485521
1339 6.036662
1340 5.632221
1341 9.274291
1342 6.502877
1343 6.583359
1344 5.939738
1345 6.837348
1346 5.763586
1347 5.818496
1348 7.325359
1349 5.402904
1350 6.280241
1351 6.582353
1352 4.663457
1353 6.758532
1354 5.934117
1355 5.066549
1356 5.458507
1357 5.226192
1358 5.438882
1359 5.593576
1360 5.641561
1361 6.935508
1362 5.721266
1363 7.467246
1364 7.946433
1365 9.774529
1366 10.921889
1367 7.962531
1368 8.194570
1369 9.874541
1370 8.096249
1371 7.400680
1372 8.351591
1373 7.960842
1374 8.495493
1375 5.891433
1376 7.511393
1377 5.909232
1378 7.067063
1379 7.227004
1380 6.913822
1381 7.679326
1382 6.663831
1383 7.099780
1384 6.248688
1385 6.919405
1386 7.582230
1387 4.951155
1388 5.811204
1389 6.672771
1390 5.413372
1391 6.846211
1392 7.647751
1393 5.306759
1394 6.314286
1395 5.417573
1396 6.392043
1397 5.807280
1398 6.804242
1399 7.769591
1400 3.578055
1401 6.206732
1402 5.445120
1403 6.637657
1404 6.419924
1405 8.103816
1406 7.194778
1407 8.630284
1408 8.231174
1409 5.608467
1410 6.363685
1411 3.299348
1412 3.891901
1413 3.253137
1414 3.140605
1415 3.321820
1416 3.405185
1417 3.611121
1418 3.276907
1419 3.622305
1420 7.880919
1421 7.191256
1422 6.324024
1423 6.534432
1424 4.542035
1425 5.820076
1426 3.584327
1427 3.773990
1428 4.360894
1429 3.786000
1430 3.683434
1431 3.629627
1432 3.181964
1433 3.315809
1434 3.288619
1435 3.224377
1436 3.815455
1437 3.755983
1438 3.552253
1439 3.637181
1440 3.700135
1441 4.814354
1442 5.062261
1443 4.068156
1444 3.737031
1445 3.434882
1446 3.198031
1447 3.251597
1448 3.855738
1449 3.790581
1450 3.102592
1451 3.313397
1452 3.470633
1453 3.642540
1454 3.619433
1455 3.586462
1456 3.505666
1457 3.592036
1458 3.364489
1459 3.510367
1460 3.719312
1461 3.447955
1462 3.358959
1463 3.313369
1464 3.137019
1465 3.545784
1466 3.293661
1467 3.797960
1468 3.526658
1469 3.476259
1470 3.223139
1471 3.206685
1472 3.621340
1473 3.297651
1474 3.095257
1475 7.409439
1476 5.444044
1477 6.875957
1478 7.624974
1479 7.461193
1480 5.677086
1481 8.220919
1482 6.997433
1483 5.819167
1484 7.301621
1485 6.567474
1486 6.297389
1487 8.189975
1488 9.285871
1489 9.292740
1490 8.679879
1491 7.294745
1492 7.780237
1493 9.466000
1494 7.553986
1495 6.759920
1496 7.310437
1497 7.035978
1498 8.642809
1499 8.695496
1500 8.075729
1501 7.123936
1502 6.308237
1503 8.862026
1504 7.256832
1505 5.589258
1506 9.113446
1507 7.211281
1508 7.165570
1509 7.011485
1510 9.313560
1511 7.346904
1512 6.130433
1513 6.991236
1514 6.651407
1515 6.809706
1516 6.561480
1517 7.717481
1518 7.741328
1519 6.765420
1520 7.266544
1521 7.109009
1522 6.719293
1523 5.799981
1524 6.989828
1525 6.886353
1526 3.332626
1527 3.112732
1528 4.075156
1529 3.576268
1530 3.243547
1531 3.205446
1532 2.992271
1533 3.774509
1534 3.721894
1535 4.197248
1536 3.358718
1537 3.503484
1538 3.386463
1539 3.253014
1540 3.531728
1541 3.159316
1542 3.468518
1543 3.431820
1544 3.862965
1545 3.230989
1546 3.839827
1547 3.469065
1548 3.276369
1549 3.491738
1550 3.841954
1551 2.996750
1552 3.722686
1553 3.591781
1554 3.720709
1555 3.243670
1556 3.402015
1557 3.064785
1558 3.280274
1559 3.295590
1560 5.520841
1561 3.306372
1562 3.473801
1563 3.348987
1564 3.264749
1565 3.517089
1566 3.530567
1567 3.135047
1568 3.849424
1569 3.847154
1570 5.025066
1571 7.726774
1572 6.934629
1573 5.850931
1574 7.425180
1575 6.882820
1576 7.882417
1577 8.525209
1578 7.606633
1579 7.227039
1580 4.613818
1581 9.345934
1582 9.534476
1583 7.328007
1584 7.886153
1585 6.753171
1586 5.962131
1587 7.621004
1588 3.539793
1589 3.537484
1590 3.422528
1591 3.792701
1592 5.205198
1593 5.206580
1594 7.225162
1595 6.262477
1596 5.306430
1597 7.826961
1598 4.812576
1599 6.227276
1600 5.508867
1601 5.856014
1602 5.206017
1603 5.507285
1604 9.946383
1605 5.207810
1606 5.438971
1607 4.826727
1608 5.149221
1609 6.892300
1610 9.041112
1611 8.266980
1612 10.209243
1613 9.696466
1614 9.848113
1615 8.039653
1616 7.666903
1617 9.463006
1618 10.290393
1619 9.975224
1620 6.712831
1621 8.848367
1622 3.748629
1623 3.787254
1624 3.568463
1625 3.378001
1626 3.690920
1627 3.785633
1628 3.574271
1629 3.594815
1630 5.215909
1631 3.878040
1632 4.427202
1633 3.114222
1634 3.395969
1635 3.295391
1636 3.710218
1637 3.512223
1638 3.352089
1639 3.164715
1640 3.343247
1641 3.609114
1642 3.239135
1643 3.633524
1644 3.151854
1645 3.205088
1646 3.276782
1647 3.601236
1648 3.427082
1649 3.261424
1650 3.631651
1651 3.395777
1652 3.255732
1653 3.356917
1654 3.128868
1655 3.890552
1656 3.343084
1657 3.263342
1658 3.665515
1659 3.666240
1660 3.224857
1661 3.407083
1662 4.741405
1663 7.053777
1664 6.263507
1665 6.022009
1666 6.301754
1667 5.159157
1668 5.398455
1669 8.523499
1670 9.330798
1671 6.009735
1672 5.723653
1673 5.722456
1674 6.536713
1675 5.150970
1676 5.958170
1677 5.869116
1678 5.742550
1679 5.342445
1680 5.062188
1681 6.276125
1682 5.726903
1683 6.493792
1684 6.794452
1685 7.186052
1686 5.448384
1687 4.850898
1688 6.054133
1689 5.211190
1690 6.654693
1691 5.492915
1692 4.778640
1693 6.277032
1694 5.226488
1695 7.393106
1696 7.690279
1697 7.546516
1698 5.793965
1699 8.109045
1700 8.443465
1701 7.293052
1702 8.510736
1703 7.947462
1704 7.211450
1705 5.896193
1706 6.578496
1707 5.268566
1708 6.580394
1709 5.141304
1710 7.100345
1711 7.047645
1712 6.863725
1713 6.928045
1714 7.815134
1715 8.248189
1716 7.465715
1717 5.685217
1718 6.660336
1719 7.869162
1720 7.043137
1721 7.295012
1722 7.672980
1723 7.611557
1724 6.509425
1725 4.952934
1726 9.699821
1727 6.319091
1728 6.692011
1729 8.349048
1730 8.535508
1731 10.035839
1732 8.965949
1733 8.056357
1734 9.412606
1735 7.271925
1736 7.657034
1737 5.410830
1738 5.275916
1739 6.578134
1740 6.064372
1741 10.479916
1742 5.487934
1743 3.393448
1744 3.732470
1745 3.537148
1746 3.776363
1747 3.798500
1748 3.965779
1749 3.331503
1750 3.755926
1751 3.514272
1752 3.225909
1753 3.473756
1754 3.651124
1755 3.177073
1756 3.104526
1757 3.714015
1758 3.965919
1759 3.356219
1760 3.525563
1761 3.387166
1762 3.200156
1763 7.301740
1764 6.675209
1765 7.326731
1766 7.136525
1767 6.152841
1768 7.987922
1769 7.850026
1770 7.994436
1771 7.574648
1772 7.121193
1773 5.508920
1774 9.782908
1775 9.361894
1776 5.885015
1777 6.966249
1778 5.835845
1779 7.937520
1780 8.141659
1781 6.644190
1782 8.432441
1783 7.245427
1784 5.773074
1785 6.496297
1786 6.812869
1787 5.941537
1788 8.235065
1789 7.014133
1790 7.044055
1791 7.765398
1792 8.332498
1793 9.035939
1794 6.689163
1795 5.384897
1796 8.533961
1797 7.286576
1798 6.691905
1799 7.614474
1800 5.989443
1801 4.489998
1802 7.996282
1803 8.997184
1804 8.768996
1805 10.178063
1806 7.450921
1807 7.647600
1808 9.392669
1809 10.073860
1810 9.494050
1811 8.742204
1812 9.221136
1813 7.050737
1814 7.955559
1815 9.876967
1816 8.123555
1817 6.995727
1818 8.604008
1819 8.591463
1820 9.867612
1821 9.399414
1822 8.795989
1823 9.631459
1824 7.607176
1825 10.513445
1826 11.430465
1827 10.549723
1828 9.266220
1829 6.732116
1830 5.858272
1831 5.825576
1832 6.603406
1833 7.765647
1834 7.671351
1835 6.804129
1836 6.840015
1837 7.254992
1838 5.694438
1839 6.296872
1840 7.982018
1841 5.989959
1842 7.012475
1843 7.336836
1844 7.520563
1845 9.011211
1846 10.178294
1847 9.432978
1848 8.938953
1849 9.960294
1850 5.903034
1851 7.115378
1852 4.971702
1853 6.839862
1854 7.307072
1855 6.592212
1856 7.327085
1857 6.331515
1858 7.934884
1859 8.283641
1860 7.964609
1861 7.727187
1862 7.983270
1863 7.322062
1864 8.006567
1865 6.840690
1866 5.205100
1867 6.684476
1868 6.576382
1869 6.056046
1870 8.158617
1871 6.896705
1872 5.783848
1873 5.304605
1874 5.557387
1875 5.292597
1876 7.167558
1877 9.629387
1878 6.069181
1879 6.172958
1880 8.968255
1881 9.399394
1882 8.412379
1883 5.848195
1884 8.759440
1885 5.602983
1886 8.568237
1887 6.278385
1888 5.660124
1889 4.833631
1890 8.256513
1891 7.117373
1892 7.237754
1893 7.802122
1894 8.862761
1895 9.543972
1896 9.924409
1897 7.582137
1898 7.474443
1899 7.433119
1900 10.209455
1901 9.265164
1902 6.235044
1903 5.086397
1904 4.128374
1905 7.494699
1906 6.740350
1907 9.001850
1908 6.652828
1909 6.722000
1910 6.155341
1911 8.612502
1912 5.298954
1913 5.638671
1914 5.349391
1915 6.305945
1916 7.958079
1917 5.986301
1918 5.686130
1919 7.459543
1920 6.431946
1921 5.316864
1922 4.743227
1923 3.713167
1924 5.670915
1925 7.793831
1926 5.794005
1927 7.492449
1928 6.091485
1929 6.213541
1930 4.065701
1931 3.382145
1932 3.089806
1933 3.469105
1934 3.442762
1935 3.256578
1936 3.569845
1937 4.084213
1938 3.432219
1939 3.147459
1940 4.077415
1941 3.577123
1942 3.363423
1943 3.421464
1944 3.722591
1945 3.200766
1946 3.501043
1947 3.151143
1948 3.934834
1949 3.586502
1950 3.433205
1951 3.409529
1952 3.605411
1953 3.206695
1954 3.167177
1955 3.716102
1956 3.725852
1957 4.491615
1958 3.142705
1959 3.162734
1960 3.303652
1961 3.267017
1962 3.677091
1963 3.412709
1964 3.374224
1965 4.395388
1966 3.599180
1967 3.557442
1968 3.537857
1969 3.311937
1970 3.772877
1971 3.885538
1972 3.255241
1973 3.667220
1974 3.189576
1975 3.560001
1976 3.289515
1977 3.466094
1978 3.313986
1979 3.655652
1980 3.217901
1981 3.233031
1982 3.347431
1983 3.511879
1984 3.093736
1985 3.641015
1986 3.705365
1987 3.389909
1988 3.616036
1989 3.221817
1990 3.113421
1991 3.698350
1992 5.692969
1993 5.276163
1994 5.064709
1995 6.257906
1996 6.728456
1997 6.234578
1998 5.703278
1999 6.230641
2000 5.611229
2001 5.728034
2002 5.099050
2003 6.941919
2004 6.372651
2005 7.989929
2006 4.430286
2007 3.768888
2008 3.883507
2009 3.770555
2010 5.114031
2011 3.640565
2012 3.827023
2013 4.006970
2014 5.488978
2015 3.596500
2016 4.557158
2017 5.424107
2018 4.911464
2019 3.533694
2020 3.529434
2021 5.921766
2022 5.449350
2023 9.831892
2024 5.126217
2025 5.567100
2026 8.690308
2027 5.192082
2028 7.234457
2029 6.169879
2030 5.672608
2031 5.854733
2032 5.745754
2033 5.329974
2034 5.456035
2035 4.829193
2036 5.467780
2037 5.549831
2038 8.313351
2039 7.911644
2040 6.582933
2041 6.014681
2042 4.890266
2043 5.690281
2044 4.791848
2045 3.399617
2046 3.697799
2047 3.809512
2048 3.748307
2049 3.557373
2050 3.849091
2051 3.872545
2052 3.857562
2053 3.161739
2054 3.574886
2055 3.237685
2056 6.299945
2057 3.756673
2058 3.402044
2059 3.463755
2060 3.272383
2061 3.173481
2062 3.798643
2063 3.410589
2064 3.255780
2065 3.621889
2066 3.538262
2067 3.971712
2068 3.023653
2069 3.142373
2070 3.236371
2071 3.474682
2072 3.293112
2073 3.398735
2074 3.562651
2075 3.324065
2076 3.586654
2077 5.613824
2078 7.095217
2079 6.982308
2080 7.369329
2081 6.470618
2082 6.161133
2083 5.169431
2084 6.657064
2085 5.298322
2086 9.076153
2087 7.021640
2088 5.477502
2089 5.537470
2090 4.676730
2091 8.848524
2092 5.969643
2093 3.887274
2094 4.412553
2095 3.611819
2096 6.096852
2097 4.868226
2098 3.695699
2099 3.503569
2100 3.643487
2101 6.429102
2102 4.977880
2103 6.002607
2104 5.561796
2105 6.288976
2106 5.524257
2107 5.617152
2108 5.473328
2109 6.006000
2110 5.648877
2111 4.862161
2112 4.921058
2113 4.983984
2114 5.314744
2115 7.761311
2116 7.004241
2117 6.427081
2118 5.747712
2119 7.266272
2120 6.022035
2121 3.724260
2122 3.636055
2123 3.173236
2124 3.741631
2125 3.221087
2126 3.600125
2127 3.287919
2128 3.373795
2129 3.402188
2130 3.813045
2131 3.637047
2132 3.683271
2133 4.917215
2134 3.726473
2135 5.400990
2136 5.752929
2137 6.467782
2138 6.092732
2139 4.825660
2140 5.533722
2141 5.980663
2142 5.885856
2143 5.400898
2144 6.497617
2145 5.303710
2146 5.360392
2147 6.534253
2148 5.533294
2149 5.855765
2150 5.748057
2151 5.842003
2152 5.190508
2153 5.477616
2154 7.122428
2155 6.941941
2156 3.846014
2157 3.644023
2158 3.682456
2159 4.062625
2160 3.978971
2161 6.021720
2162 7.076310
2163 7.453268
2164 7.207905
2165 8.729327
2166 7.139617
2167 6.959915
2168 6.492177
2169 5.898592
2170 5.902849
2171 5.115166
2172 6.598865
2173 8.817773
2174 6.907107
2175 7.953119
2176 5.771627
2177 7.431036
2178 5.327671
2179 5.547873
2180 4.959162
2181 4.258615
2182 3.808937
2183 3.448797
2184 3.711307
2185 3.096596
2186 3.552648
2187 3.521887
2188 3.433770
2189 3.746389
2190 3.558328
2191 3.440944
2192 3.681167
2193 3.667001
2194 3.824254
2195 3.184477
2196 3.747864
2197 3.556529
2198 3.417397
2199 3.319607
2200 3.236463
2201 8.392870
2202 6.527689
2203 8.139863
2204 5.875918
2205 4.393280
2206 7.064806
2207 6.141537
2208 7.391354
2209 6.364817
2210 7.773911
2211 5.765017
2212 8.579628
2213 7.196430
2214 8.407741
2215 4.975573
2216 6.030604
2217 6.180824
2218 6.221625
2219 5.351916
2220 6.104368
2221 5.027053
2222 5.668002
2223 3.638488
2224 5.385887
2225 4.247318
2226 3.660316
2227 3.439552
2228 4.508151
2229 3.311844
2230 3.452840
2231 3.498543
2232 3.647465
2233 3.765498
2234 3.897037
2235 4.165920
2236 3.288968
2237 5.508945
2238 6.891515
2239 7.488728
2240 7.391685
2241 5.341237
2242 8.272839
2243 10.053592
2244 8.954703
2245 7.203503
2246 6.262484
2247 8.271494
2248 6.012638
2249 8.785013
2250 7.633546
2251 9.074760
2252 9.346088
2253 6.901753
2254 8.848783
2255 6.631665
2256 5.523359
2257 6.199911
2258 6.557424
2259 9.035591
2260 9.573522
2261 10.888798
2262 6.396213
2263 6.870990
2264 8.926871
2265 6.899777
2266 7.640693
2267 6.182367
2268 6.965021
2269 8.868331
2270 6.435139
2271 7.249281
2272 6.205271
2273 6.177545
2274 6.494266
2275 6.012453
2276 5.202441
2277 8.428747
2278 5.824197
2279 3.528826
2280 3.706816
2281 4.423236
2282 3.409533
2283 4.779070
2284 7.464328
2285 6.475314
2286 6.999727
2287 4.992882
2288 7.593807
2289 6.086556
2290 8.629583
2291 5.492520
2292 5.921062
2293 7.252430
2294 5.374038
2295 5.879099
2296 8.671543
2297 5.141923
2298 5.908443
2299 4.700010
2300 6.412871
2301 7.223497
2302 5.877764
2303 5.240364
2304 5.310697
2305 5.242185
2306 5.167292
2307 4.703359
2308 3.770002
2309 3.627534
2310 3.687969
2311 5.801873
2312 7.126393
2313 7.745154
2314 8.220819
2315 8.539098
2316 9.309899
2317 10.760283
2318 4.794641
2319 5.704569
2320 7.196389
2321 4.496243
2322 6.637384
2323 7.662937
2324 7.185890
2325 8.406635
2326 7.362041
2327 5.325350
2328 5.424077
2329 7.082563
2330 8.087995
2331 7.516980
2332 8.590281
2333 6.981835
2334 4.475597
2335 5.371902
2336 5.738334
2337 9.527832
2338 8.074763
2339 7.892816
2340 3.675826
2341 3.337679
2342 3.398738
2343 3.485758
2344 3.468673
2345 3.249689
2346 3.384746
2347 3.235381
2348 3.169654
2349 3.335476
2350 3.725228
2351 3.261613
2352 3.517158
2353 3.644294
2354 3.455966
2355 2.985919
2356 3.550057
2357 3.090794
2358 3.758873
2359 3.794795
2360 3.671036
2361 3.477501
2362 3.838686
2363 3.561545
2364 3.869120
2365 3.226654
2366 3.423038
2367 3.233279
2368 3.665857
2369 3.158147
2370 3.658265
2371 3.665529
2372 3.112972
2373 3.891181
2374 3.697850
2375 3.899793
2376 3.809801
2377 3.827543
2378 3.233963
2379 3.616643
2380 3.520315
2381 3.368992
2382 3.215040
2383 6.719125
2384 5.971639
2385 5.395000
2386 6.231992
2387 7.601605
2388 7.208288
2389 7.303171
2390 8.375208
2391 5.302655
2392 7.549646
2393 6.526837
2394 6.035584
2395 7.014977
2396 5.649080
2397 7.330291
2398 7.641131
2399 7.505893
2400 5.537761
2401 9.873832
2402 7.636411
2403 6.582384
2404 8.297024
2405 7.376482
2406 9.636023
2407 6.224036
2408 6.001931
2409 5.997692
2410 7.578588
2411 5.149895
2412 6.688206
2413 8.577440
2414 8.360440
2415 6.039587
2416 7.779681
2417 6.465067
2418 6.889340
2419 7.872230
2420 7.580989
2421 6.652066
2422 6.922529
2423 4.957237
2424 5.945903
2425 7.715497
2426 5.905837
2427 5.624126
2428 8.068192
2429 9.228153
2430 9.785269
2431 5.843714
2432 5.058001
2433 3.365902
2434 3.228419
2435 3.435127
2436 3.183491
2437 3.605506
2438 3.764014
2439 3.832090
2440 3.132091
2441 3.473239
2442 3.337861
2443 3.427609
2444 3.188634
2445 3.528994
2446 3.116567
2447 3.211805
2448 3.365280
2449 3.367221
2450 3.174050
2451 5.961383
2452 7.895633
2453 8.202917
2454 6.833284
2455 7.325362
2456 7.826526
2457 7.663922
2458 8.972167
2459 8.666792
2460 8.363958
2461 8.984085
2462 6.947942
2463 7.782661
2464 8.486519
2465 4.941476
2466 5.615077
2467 7.404384
2468 7.915831
2469 8.874381
2470 8.456513
2471 7.399852
2472 6.546670
2473 7.061206
2474 4.867495
2475 3.634954
2476 5.527022
2477 3.469297
2478 5.640268
2479 3.401265
2480 3.390784
2481 5.693912
2482 7.907187
2483 6.422416
2484 7.623137
2485 9.238213
2486 6.270078
2487 3.716207
2488 5.900739
2489 6.143764
2490 3.369516
2491 3.816625
2492 3.628856
2493 6.388747
2494 5.574988
2495 4.926863
2496 9.987335
2497 4.855152
2498 4.978542
2499 5.630356
2500 7.517693
2501 5.440182
2502 6.930866
2503 2.971544
2504 3.235028
2505 3.170773
2506 2.999834
2507 4.443356
2508 4.415008
2509 5.295065
2510 4.194435
2511 3.588956
2512 3.314637
2513 3.135237
2514 3.356322
2515 8.180518
2516 3.591183
2517 3.748094
2518 3.781654
2519 3.718253
2520 3.484986
2521 7.290556
2522 3.157418
2523 4.864626
2524 3.441016
2525 3.968715
2526 3.156805
2527 3.499230
2528 4.005102
2529 3.160588
2530 3.449420
2531 3.337379
2532 6.040424
2533 6.937213
2534 8.222385
2535 9.943610
2536 6.171947
2537 5.949535
2538 6.306224
2539 5.227143
2540 5.935730
2541 8.290017
2542 6.078933
2543 6.205105
2544 3.680504
2545 3.549396
2546 3.403661
2547 3.329414
2548 4.070113
2549 3.655037
2550 4.635103
2551 5.974239
2552 7.143825
2553 6.938172
2554 6.855896
2555 4.360746
2556 5.880184
2557 6.179781
2558 6.790123
2559 7.563505
2560 7.766119
2561 6.827226
2562 5.577414
2563 7.119953
2564 5.644344
2565 8.402440
2566 6.544199
2567 5.785871
2568 6.980358
2569 6.344340
2570 6.947562
2571 5.967824
2572 5.322577
2573 6.550465
2574 5.231957
2575 6.328575
2576 5.631929
2577 5.923160
2578 5.844676
2579 4.553831
2580 8.816767
2581 7.302890
2582 8.003655
2583 8.830981
2584 8.523494
2585 9.503613
2586 7.025357
2587 5.944415
2588 6.669166
2589 3.797225
2590 3.059514
2591 3.082437
2592 3.758657
2593 3.741473
2594 3.347030
2595 3.196809
2596 3.270918
2597 5.768102
2598 6.590392
2599 6.077571
2600 5.493461
2601 3.337499
2602 6.375726
2603 7.038082
2604 6.823789
2605 7.224978
2606 7.540411
2607 4.677716
2608 5.199243
2609 5.200951
2610 6.459397
2611 5.869857
2612 7.259127
2613 6.262412
2614 4.489067
2615 7.522381
2616 3.450016
2617 3.504980
2618 3.716854
2619 4.636086
2620 4.841240
2621 3.282470
2622 3.388126
2623 5.238376
2624 3.612051
2625 4.992365
2626 5.099274
2627 3.433860
2628 3.353357
2629 3.668052
2630 3.751558
2631 3.314996
2632 3.644465
2633 3.392860
2634 3.128419
2635 3.523109
2636 3.444330
2637 3.596122
2638 3.349104
2639 3.667168
2640 3.782604
2641 3.374169
2642 3.466942
2643 3.234487
2644 3.325702
2645 3.474295
2646 3.516631
2647 3.579329
2648 2.946231
2649 3.472020
2650 3.397367
2651 3.612561
2652 3.587600
2653 3.423816
2654 3.516433
2655 3.371896
2656 3.328662
2657 3.420906
2658 3.236464
2659 3.515409
2660 3.213441
2661 3.280993
2662 3.403541
2663 3.364002
2664 3.467995
2665 4.947484
2666 3.330139
2667 3.407376
2668 3.924489
2669 3.695941
2670 8.214837
2671 5.582812
2672 4.288939
2673 3.794968
2674 7.984623
2675 10.106662
2676 5.547368
2677 5.207938
2678 6.724596
2679 5.556996
2680 7.238926
2681 6.202016
2682 3.500986
2683 4.557827
2684 7.192391
2685 6.860539
2686 5.646194
2687 5.830137
2688 4.885582
2689 6.086820
2690 3.683328
2691 3.724353
2692 3.130878
2693 3.522528
2694 3.724422
2695 3.711682
2696 6.960467
2697 6.912318
2698 6.983566
2699 7.503314
2700 3.702297
2701 8.450008
2702 5.791806
2703 4.562248
2704 6.188967
2705 3.567252
2706 4.927909
2707 6.687666
2708 6.554523
2709 6.721825
2710 4.954200
2711 4.593438
2712 6.229239
2713 3.643527
2714 3.413986
2715 5.096380
2716 7.179846
2717 8.796032
2718 7.144997
2719 8.155176
2720 6.493820
2721 11.367312
2722 12.246842
2723 9.819574
2724 10.466088
2725 8.754896
2726 8.496311
2727 3.755588
2728 3.046537
2729 3.391489
2730 3.663945
2731 3.578168
2732 3.665751
2733 4.009014
2734 3.512532
2735 3.647915
2736 3.266102
2737 3.303695
2738 3.260968
2739 3.332459
2740 3.235353
2741 3.441000
2742 3.378492
2743 3.257897
2744 4.147586
2745 3.274766
2746 3.552026
2747 3.394716
2748 3.193440
2749 3.496997
2750 4.111556
2751 3.476795
2752 3.439317
2753 3.518664
2754 3.888792
2755 3.458801
2756 3.322004
2757 3.698056
2758 3.182028
2759 3.292005
2760 3.250387
2761 3.115030
2762 3.382099
2763 3.384627
2764 3.473744
2765 3.129955
2766 3.366075
2767 3.677022
2768 3.533792
2769 3.694942
2770 3.298257
2771 5.120948
2772 3.264018
2773 3.208209
2774 3.226471
2775 3.444009
2776 3.525949
2777 3.697038
2778 3.859783
2779 3.793533
2780 3.392223
2781 3.160297
2782 3.197953
2783 3.761130
2784 3.780241
2785 3.370505
2786 3.945184
2787 3.398839
2788 3.157611
2789 3.223090
2790 3.297075
2791 3.361325
2792 3.523077
2793 3.505382
2794 3.544434
2795 3.944170
2796 3.358422
2797 3.555628
2798 3.205446
2799 3.162418
2800 3.339295
2801 3.952229
2802 3.269573
2803 3.503329
2804 3.437047
2805 3.289898
2806 3.338456
2807 3.375812
2808 3.462223
2809 3.856489
2810 3.643472
2811 3.207526
2812 3.430763
2813 3.706021
2814 3.091100
2815 3.832834
2816 3.551013
2817 3.396836
2818 3.015296
2819 3.461153
2820 3.026861
2821 3.440888
2822 3.500712
2823 3.515635
2824 3.388617
2825 3.879395
2826 3.731837
2827 3.557441
2828 3.787074
2829 3.479553
2830 3.836993
2831 3.553156
2832 6.506211
2833 3.098870
2834 3.453809
2835 3.355594
2836 3.274796
2837 6.197247
2838 6.297722
2839 3.181761
2840 3.217980
2841 3.155647
2842 3.520880
2843 3.599583
2844 3.111866
2845 3.136256
2846 3.324258
2847 5.297415
2848 3.233032
2849 3.567227
2850 3.782845
2851 3.316715
2852 3.626194
2853 5.893072
2854 3.260876
2855 3.408534
2856 3.291579
2857 3.373274
2858 3.320541
2859 5.480620
2860 4.804811
2861 5.332600
2862 4.774293
2863 6.223389
2864 4.966753
2865 7.288826
2866 5.974222
2867 6.274401
2868 4.572210
2869 5.380836
2870 8.111011
2871 3.143260
2872 3.725437
2873 3.730923
2874 5.200655
2875 5.697621
2876 7.780424
2877 7.413836
2878 9.095378
2879 3.535618
2880 6.067525
2881 5.583912
2882 4.783063
2883 6.177573
2884 6.418730
2885 6.415373
2886 7.539387
2887 5.694417
2888 5.711121
2889 7.344448
2890 7.136150
2891 5.865572
2892 7.147146
2893 5.990818
2894 6.360322
2895 7.441781
2896 5.779525
2897 5.858916
2898 8.450457
2899 5.247958
2900 5.460740
2901 5.249506
2902 3.422699
2903 3.730643
2904 3.638737
2905 3.775118
2906 5.102757
2907 3.758456
2908 3.433338
2909 3.707628
2910 3.330661
2911 3.531077
2912 4.119587
2913 3.844242
2914 3.506122
2915 3.375484
2916 3.388583
2917 5.502909
2918 5.953561
2919 5.280691
2920 4.999890
2921 7.044076
2922 5.304203
2923 5.568941
2924 5.891156
2925 7.360229
2926 6.053650
2927 6.584914
2928 5.581738
2929 8.790243
2930 7.148047
2931 5.303941
2932 5.437224
2933 5.626909
2934 5.107456
2935 7.550395
2936 8.583344
2937 8.014338
2938 7.605979
2939 7.029789
2940 6.430195
2941 6.568438
2942 7.773940
2943 8.676647
2944 6.137581
2945 4.904292
2946 5.886117
2947 7.718567
2948 7.256693
2949 8.273030
2950 7.550742
2951 7.194838
2952 5.444345
2953 3.817301
2954 8.122747
2955 7.277540
2956 5.129348
2957 6.975192
2958 3.811482
2959 7.436650
2960 6.355999
2961 6.185645
2962 5.965795
2963 6.914110
2964 8.288596
2965 8.408193
2966 6.504046
2967 7.838876
2968 5.934594
2969 4.858724
2970 5.939347
2971 5.742542
2972 5.977494
2973 5.009691
2974 5.513819
2975 5.821049
2976 5.910616
2977 5.207427
2978 7.268520
2979 5.545816
2980 7.078199
2981 6.380957
2982 6.554837
2983 6.243468
2984 7.817473
2985 6.355134
2986 5.509854
2987 6.112200
2988 6.800808
2989 5.612114
2990 5.834905
2991 5.296291
2992 6.447575
2993 3.805128
2994 3.500487
2995 6.988607
2996 3.414673
2997 5.377221
2998 6.089409
2999 5.675042
3000 5.639266
3001 3.143518
3002 3.567829
3003 3.804472
3004 5.984296
3005 3.411950
3006 3.765930
3007 4.637273
3008 3.158750
3009 3.343129
3010 3.239056
3011 3.048295
3012 3.413109
3013 3.372150
3014 3.181463
3015 3.320377
3016 3.450187
3017 3.272278
3018 3.584090
3019 3.576704
3020 6.428942
3021 7.863181
3022 5.767099
3023 7.752761
3024 7.055189
3025 8.685868
3026 7.744223
3027 5.099754
3028 6.864844
3029 6.992776
3030 6.776437
3031 8.365403
3032 7.623688
3033 9.787708
3034 6.050802
3035 6.513477
3036 7.673516
3037 7.662608
3038 6.390319
3039 5.831433
3040 5.680143
3041 3.740616
3042 3.484967
3043 7.156885
3044 8.592171
3045 5.611886
3046 7.303321
3047 6.630271
3048 7.338155
3049 11.387826
3050 6.598948
3051 5.433769
3052 3.470361
3053 5.005975
3054 5.750990
3055 6.101107
3056 7.401282
3057 5.210864
3058 3.060622
3059 3.205636
3060 3.189250
3061 3.624403
3062 3.160382
3063 3.407422
3064 3.362813
3065 3.234952
3066 3.463943
3067 3.262192
3068 3.269542
3069 3.275576
3070 5.918454
3071 8.355721
3072 7.666718
3073 7.729488
3074 7.408544
3075 5.658957
3076 3.335793
3077 3.652356
3078 3.191882
3079 3.210016
3080 3.394145
3081 3.568431
3082 6.618114
3083 5.635423
3084 5.633701
3085 5.443712
3086 6.438019
3087 5.899126
3088 5.076869
3089 5.581487
3090 6.819393
3091 6.411691
3092 8.749292
3093 8.539302
3094 7.090880
3095 6.569704
3096 7.738663
3097 6.761516
3098 6.192430
3099 6.030150
3100 7.702955
3101 8.636355
3102 8.364335
3103 8.137581
3104 7.928661
3105 7.280224
3106 6.669942
3107 7.094186
3108 7.645109
3109 7.387141
3110 5.331962
3111 3.504425
3112 3.293706
3113 4.645192
3114 4.397420
3115 3.958816
3116 3.302317
3117 2.977952
3118 3.448041
3119 3.343126
3120 3.221207
3121 2.992423
3122 3.003232
3123 3.774574
3124 3.377247
3125 3.700947
3126 3.728097
3127 3.550126
3128 3.409059
3129 3.369182
3130 3.213362
3131 3.493491
3132 3.403588
3133 3.265239
3134 3.236679
3135 3.346850
3136 3.162813
3137 3.579176
3138 3.328079
3139 3.392654
3140 3.261121
3141 3.211991
3142 3.440029
3143 3.494710
3144 3.422630
3145 5.574274
3146 3.082286
3147 3.539649
3148 3.122979
3149 3.481452
3150 3.579568
3151 3.410235
3152 3.408999
3153 3.505837
3154 6.188126
3155 3.257561
3156 3.784137
3157 3.967707
3158 3.196656
3159 4.852545
3160 3.795709
3161 3.152553
3162 4.624596
3163 3.409425
3164 3.580978
3165 3.621520
3166 4.689275
3167 3.300819
3168 3.076118
3169 3.814367
3170 3.472593
3171 3.659301
3172 5.891934
3173 5.362623
3174 4.793108
3175 5.201643
3176 3.154647
3177 3.523438
3178 3.370343
3179 3.202781
3180 5.128636
3181 3.960214
3182 3.295527
3183 3.019567
3184 3.873580
3185 3.626926
3186 3.430948
3187 4.297488
3188 3.371543
3189 3.389747
3190 3.309016
3191 3.393007
3192 3.922881
3193 4.729208
3194 4.769969
3195 3.226281
3196 3.152807
3197 3.584982
3198 3.083728
3199 3.536214
3200 3.441773
3201 3.077435
3202 3.120290
3203 4.350840
3204 3.169684
3205 5.265479
3206 3.361800
3207 3.116812
3208 3.309527
3209 3.137150
3210 3.493792
3211 3.789417
3212 3.477216
3213 3.694659
3214 3.186061
3215 3.196656
3216 3.435596
3217 4.847949
3218 4.132735
3219 3.502244
3220 3.403147
3221 3.645942
3222 3.551255
3223 3.309696
3224 3.376673
3225 3.151602
3226 3.284448
3227 3.589554
3228 3.196197
3229 3.970972
3230 3.873048
3231 3.730014
3232 5.417574
3233 3.488428
3234 3.308431
3235 3.159145
3236 3.364786
3237 3.647151
3238 3.963472
3239 6.456409
3240 3.729745
3241 3.727117
3242 3.619906
3243 3.806273
3244 3.401738
3245 7.098041
3246 8.109364
3247 3.521775
3248 3.686161
3249 6.546061
3250 3.497154
3251 3.419388
3252 6.562201
3253 5.707207
3254 6.807477
3255 4.702218
3256 7.031114
3257 7.114305
3258 9.340096
3259 3.830576
3260 3.370385
3261 3.427085
3262 3.512422
3263 3.321400
3264 3.600016
3265 3.515765
3266 3.442295
3267 3.228530
3268 3.630732
3269 3.381211
3270 3.360597
3271 3.151045
3272 3.239586
3273 3.627522
3274 3.404779
3275 3.348046
3276 3.459796
3277 3.296849
3278 3.767519
3279 3.307490
3280 3.091506
3281 3.584717
3282 4.056648
3283 5.071733
3284 4.997502
3285 6.226212
3286 3.446561
3287 4.009401
3288 5.219893
3289 4.232505
3290 3.434326
3291 3.398987
3292 3.664218
3293 3.009418
3294 3.587770
3295 3.129793
3296 3.258358
3297 3.243873
3298 3.325838
3299 3.093927
3300 3.772916
3301 3.433164
3302 3.078573
3303 3.513491
3304 3.405440
3305 3.688375
3306 3.471974
3307 3.228590
3308 3.503068
3309 8.471140
3310 6.151951
3311 7.833404
3312 7.834854
3313 9.780184
3314 9.212200
3315 7.178106
3316 6.764001
3317 5.554826
3318 5.925539
3319 7.046884
3320 3.751772
3321 6.591214
3322 5.806586
3323 7.437567
3324 5.409384
3325 4.810882
3326 7.687503
3327 6.831589
3328 5.070462
3329 6.982302
3330 8.253440
3331 3.873448
3332 3.371308
3333 6.098368
3334 7.277325
3335 7.389837
3336 7.759389
3337 7.218512
3338 8.604574
3339 6.035146
3340 6.344668
3341 7.007573
3342 6.050836
3343 7.103316
3344 6.221978
3345 6.671085
3346 7.368480
3347 5.928018
3348 6.759702
3349 7.089683
3350 5.525876
3351 3.839832
3352 3.590408
3353 4.130571
3354 3.529267
3355 3.541726
3356 3.366956
3357 3.772957
3358 3.523435
3359 3.440438
3360 3.917113
3361 3.717700
3362 3.196041
3363 3.776783
3364 3.941101
3365 3.498144
3366 3.397923
3367 3.409049
3368 3.442674
3369 3.976696
3370 3.887943
3371 3.187256
3372 3.209765
3373 3.543372
3374 3.177246
3375 3.264569
3376 3.227647
3377 3.555122
3378 5.744771
3379 3.806873
3380 3.324350
3381 3.144186
3382 3.318646
3383 3.157132
3384 3.775895
3385 3.492677
3386 3.818967
3387 3.645572
3388 3.634842
3389 4.901079
3390 3.337813
3391 3.286611
3392 3.333003
3393 4.111263
3394 3.656310
3395 3.132840
3396 5.705673
3397 5.729792
3398 5.534309
3399 7.679225
3400 7.620452
3401 7.875875
3402 5.486612
3403 5.323212
3404 6.349142
3405 6.547596
3406 7.130709
3407 7.364064
3408 7.911346
3409 9.435390
3410 8.520804
3411 6.345179
3412 5.986735
3413 7.020509
3414 6.022717
3415 5.948159
3416 5.504625
3417 5.281620
3418 5.540125
3419 7.655549
3420 7.651205
3421 6.447898
3422 6.255565
3423 5.461467
3424 3.668175
3425 5.603579
3426 6.620558
3427 6.220725
3428 6.394567
3429 6.160635
3430 5.042193
3431 8.200280
3432 6.592042
3433 6.128557
3434 6.098801
3435 7.820457
3436 5.640801
3437 3.568203
3438 3.686325
3439 4.757026
3440 5.310898
3441 3.692752
3442 3.692831
3443 3.705090
3444 5.167136
3445 5.798080
3446 5.599938
3447 4.356123
3448 5.837902
3449 7.387376
3450 5.235709
3451 6.225997
3452 5.261880
3453 6.436496
3454 7.545742
3455 5.204854
3456 4.567744
3457 5.721338
3458 5.208387
3459 5.244290
3460 6.607975
3461 7.981586
3462 7.088484
3463 7.801499
3464 6.354573
3465 5.871746
3466 6.535773
3467 8.256982
3468 8.024350
3469 6.688403
3470 8.629449
3471 8.456371
3472 10.514306
3473 8.696727
3474 8.014354
3475 8.401316
3476 6.380391
3477 6.528544
3478 5.299615
3479 3.726256
3480 3.606661
3481 4.954049
3482 5.549243
3483 5.451990
3484 5.869957
3485 6.324035
3486 4.775237
3487 6.158281
3488 5.531446
3489 5.130097
3490 5.169006
3491 4.126525
3492 5.642065
3493 5.519510
3494 3.611053
3495 3.648822
3496 5.765145
3497 5.825505
3498 3.615866
3499 3.662403
3500 3.339594
3501 3.744262
3502 3.347324
3503 3.539054
3504 3.623229
3505 5.132259
3506 4.856511
3507 5.250456
3508 3.707747
3509 3.217144
3510 3.740053
3511 3.484781
3512 4.354228
3513 3.731675
3514 3.291337
3515 3.557329
3516 4.736098
3517 3.172569
3518 3.474174
3519 3.660643
3520 3.402660
3521 3.419490
3522 3.186442
3523 3.634405
3524 3.113663
3525 3.770371
3526 3.635356
3527 3.356354
3528 3.522799
3529 3.771803
3530 3.926435
3531 3.865050
3532 3.534376
3533 3.672846
3534 3.382986
3535 3.938184
3536 3.739690
3537 3.877489
3538 3.683596
3539 3.819686
3540 3.804551
3541 3.881444
3542 3.523674
3543 3.669799
3544 3.557792
3545 3.773356
3546 3.747998
3547 3.514740
3548 3.545617
3549 3.808055
3550 3.616824
3551 3.423231
3552 5.190175
3553 6.756102
3554 6.292868
3555 5.629139
3556 4.981005
3557 6.304054
3558 7.323312
3559 6.215740
3560 7.706317
3561 6.120343
3562 8.793322
3563 5.652833
3564 6.072477
3565 6.803729
3566 5.730081
3567 5.544773
3568 8.623579
3569 7.701542
3570 7.393334
3571 7.047795
3572 5.970870
3573 10.388717
3574 8.388618
3575 7.116925
3576 7.616410
3577 10.287825
3578 9.627430
3579 11.447646
3580 10.384144
3581 7.805856
3582 8.565472
3583 6.444263
3584 6.773264
3585 6.947906
3586 8.872570
3587 8.482509
3588 6.962968
3589 5.601751
3590 8.266976
3591 7.355938
3592 6.056558
3593 5.966723
3594 6.187317
3595 5.506752
3596 5.715497
3597 8.191910
3598 6.407652
3599 8.578171
3600 7.350953
3601 7.023562
3602 6.023959
3603 8.868919
3604 6.542607
3605 7.878851
3606 5.485153
3607 6.774660
3608 7.217994
3609 9.350985
3610 8.531168
3611 6.659355
3612 10.263296
3613 8.382638
3614 6.990168
3615 6.686918
3616 5.613707
3617 7.697922
3618 3.634643
3619 7.039618
3620 7.834444
3621 7.669459
3622 6.519392
3623 8.197473
3624 4.871409
3625 6.864264
3626 7.460202
3627 7.785633
3628 7.539610
3629 6.630054
3630 5.273413
3631 6.324257
3632 5.341187
3633 3.501000
3634 7.537779
3635 6.701329
3636 6.995977
3637 7.248449
3638 5.496635
3639 7.299020
3640 6.874052
3641 6.249505
3642 5.356324
3643 8.364220
3644 10.401170
3645 8.256598
3646 9.423450
3647 7.466424
3648 9.230214
3649 6.061980
3650 3.205541
3651 4.839682
3652 3.752079
3653 7.950634
3654 3.747770
3655 5.406293
3656 7.676169
3657 6.774024
3658 7.897785
3659 9.756004
3660 8.316573
3661 6.274845
3662 5.306355
3663 5.676917
3664 8.199154
3665 8.001580
3666 10.895920
3667 8.107603
3668 10.324119
3669 7.579056
3670 8.068340
3671 6.860168
3672 8.822930
3673 5.142792
3674 7.140622
3675 5.840534
3676 4.672795
3677 3.273819
3678 5.128121
3679 6.143630
3680 7.206116
3681 8.035757
3682 7.186640
3683 8.774213
3684 8.856038
3685 8.698839
3686 7.053517
3687 6.567106
3688 6.851685
3689 7.246697
3690 9.609335
3691 7.636500
3692 8.780438
3693 8.040655
3694 10.942627
3695 9.252077
3696 7.943622
3697 7.076032
3698 8.723622
3699 7.462963
3700 6.842550
3701 6.176957
3702 6.673218
3703 7.007754
3704 6.212087
3705 7.808568
3706 7.492042
3707 7.146418
3708 6.613027
3709 6.986653
3710 6.990522
3711 3.450567
3712 5.289697
3713 3.715173
3714 3.280394
3715 6.781960
3716 6.979608
3717 8.499853
3718 6.941628
3719 3.158400
3720 3.218589
3721 3.582817
3722 3.644624
3723 3.026632
3724 3.522174
3725 3.292430
3726 3.723357
3727 3.866278
3728 3.239722
3729 3.602026
3730 3.172478
3731 4.680544
3732 3.471443
3733 6.177927
3734 4.667611
3735 5.654848
3736 5.950739
3737 5.331922
3738 6.272440
3739 8.131450
3740 6.939093
3741 7.390216
3742 7.280502
3743 3.474794
3744 3.755982
3745 3.381714
3746 5.365082
3747 4.565984
3748 5.360315
3749 6.864357
3750 8.575322
3751 5.268062
3752 3.882281
3753 3.346791
3754 3.828526
3755 7.411491
3756 8.949384
3757 7.266725
3758 6.804978
3759 6.357868
3760 7.093948
3761 7.344234
3762 7.053044
3763 8.179399
3764 8.083302
3765 6.513840
3766 10.690062
3767 6.348591
3768 7.045808
3769 7.756687
3770 8.909999
3771 7.989931
3772 5.735835
3773 8.051244
3774 6.458638
3775 8.691957
3776 8.256180
3777 6.328579
3778 8.600011
3779 7.405032
3780 8.101245
3781 7.383231
3782 7.759156
3783 9.549711
3784 6.683120
3785 5.999666
3786 6.354676
3787 6.506651
3788 5.847170
3789 6.722449
3790 3.218028
3791 3.429488
3792 3.598954
3793 3.450292
3794 3.164316
3795 3.654585
3796 4.026490
3797 3.714230
3798 3.976042
3799 3.114544
3800 3.599293
3801 3.775616
3802 3.312856
3803 4.888702
3804 3.379704
3805 3.536736
3806 3.505798
3807 3.773992
3808 3.750921
3809 3.160850
3810 3.427014
3811 3.426968
3812 3.515191
3813 3.324894
3814 3.969637
3815 3.315327
3816 3.569103
3817 3.233700
3818 3.374449
3819 3.283442
3820 3.828641
3821 3.252707
3822 5.139776
3823 6.121805
3824 6.116777
3825 5.249846
3826 4.682150
3827 5.572217
3828 6.806134
3829 6.837913
3830 6.901629
3831 5.420425
3832 6.758840
3833 7.437112
3834 5.889066
3835 6.552871
3836 8.111986
3837 5.772853
3838 5.008490
3839 6.236102
3840 5.583376
3841 6.268173
3842 6.124819
3843 5.052774
3844 5.762930
3845 6.568962
3846 5.275616
3847 5.629465
3848 4.892411
3849 4.778537
3850 5.714988
3851 5.227945
3852 6.340813
3853 6.254200
3854 5.301595
3855 5.821039
3856 5.694043
3857 3.662870
3858 3.684792
3859 5.071747
3860 8.494283
3861 6.461433
3862 8.885149
3863 5.604016
3864 5.943155
3865 5.312562
3866 5.067906
3867 5.224653
3868 9.171021
3869 6.833740
3870 8.334711
3871 6.229429
3872 7.310165
3873 9.965017
3874 9.417377
3875 8.900889
3876 9.065197
3877 8.703614
3878 10.267469
3879 8.865829
3880 10.136140
3881 9.083106
3882 9.618253
3883 9.870049
3884 8.539534
3885 9.425205
3886 8.072633
3887 9.611231
3888 7.824440
3889 6.236362
3890 6.619035
3891 6.688719
3892 6.218021
3893 5.558580
3894 6.107636
3895 6.189298
3896 5.582238
3897 6.770477
3898 6.675253
3899 5.694755
3900 7.248373
3901 7.015285
3902 5.158070
3903 6.638613
3904 5.943826
3905 6.742174
3906 5.704466
3907 6.128281
3908 4.676763
3909 7.023747
3910 5.892374
3911 6.006621
3912 9.022097
3913 7.185083
3914 6.852403
3915 3.542229
3916 3.730538
3917 4.509055
3918 3.670328
3919 5.389785
3920 7.337781
3921 5.393039
3922 7.997013
3923 5.270648
3924 8.486230
3925 8.361639
3926 9.228159
3927 5.492276
3928 7.296719
3929 7.571652
3930 7.409468
3931 8.106326
3932 8.303240
3933 7.115624
3934 7.530506
3935 6.417709
3936 7.553084
3937 8.787794
3938 7.698448
3939 7.695785
3940 7.483922
3941 7.140229
3942 5.913814
3943 6.313813
3944 7.897069
3945 9.145392
3946 8.102899
3947 8.469103
3948 9.212437
3949 6.320611
3950 7.701356
3951 7.874345
3952 5.614866
3953 6.009684
3954 5.411985
3955 4.482611
3956 4.602175
3957 8.001054
3958 6.454442
3959 5.152301
3960 4.963891
3961 8.749977
3962 7.187398
3963 8.258802
3964 5.290926
3965 5.228001
3966 8.704250
3967 8.772470
3968 5.896347
3969 6.897492
3970 6.551198
3971 9.184586
3972 6.522271
3973 8.873015
3974 8.902844
3975 6.026824
3976 7.734863
3977 5.426130
3978 6.089839
3979 7.484471
3980 5.215228
3981 6.500869
3982 7.485545
3983 6.994070
3984 7.471988
3985 8.812864
3986 5.521404
3987 5.128997
3988 6.786160
3989 5.220087
3990 6.828689
3991 8.178962
3992 7.326850
3993 6.905345
3994 6.281919
3995 7.352945
3996 6.347551
3997 7.024030
3998 8.435853
3999 6.441203
4000 6.358474
4001 3.629336
4002 5.902753
4003 5.176995
4004 5.413493
4005 6.819129
4006 6.450379
4007 6.382914
4008 7.348260
4009 5.560827
4010 6.556071
4011 6.521180
4012 5.585033
4013 6.422258
4014 5.951556
4015 5.132913
4016 5.386339
4017 5.698375
4018 4.999955
4019 6.488905
4020 7.153467
4021 7.385217
4022 7.406186
4023 7.523018
4024 7.470376
4025 7.763233
4026 6.838246
4027 6.272144
4028 6.477384
4029 7.056889
4030 6.931127
4031 6.849197
4032 6.996193
4033 7.974817
4034 7.101922
4035 7.627590
4036 10.305386
4037 9.238647
4038 5.870554
4039 9.400218
4040 9.577704
4041 9.454327
4042 7.957544
4043 9.299382
4044 8.163983
4045 6.302150
4046 6.822235
4047 9.606025
4048 8.267868
4049 8.569301
4050 8.764976
4051 7.468692
4052 7.816482
4053 6.836879
4054 5.569427
4055 5.182383
4056 9.084939
4057 6.608791
4058 5.018378
4059 6.872307
4060 5.802462
4061 5.569659
4062 7.115660
4063 6.447558
4064 7.828928
4065 5.414832
4066 9.019023
4067 7.649762
4068 6.764946
4069 6.835298
4070 3.429082
4071 7.428982
4072 5.761752
4073 6.426509
4074 6.612815
4075 6.242739
4076 6.840525
4077 5.425498
4078 8.087447
4079 6.843230
4080 6.675605
4081 6.801805
4082 8.552057
4083 10.304146
4084 7.649797
4085 7.881776
4086 6.057896
4087 7.588242
4088 7.049886
4089 7.589321
4090 6.956499
4091 7.012823
4092 8.655867
4093 9.677235
4094 6.758121
4095 5.585911
4096 5.609153
4097 6.993059
4098 9.255420
4099 5.888338
4100 8.174578
4101 6.004518
4102 9.085467
4103 7.591659
4104 7.686789
4105 7.974975
4106 7.636498
4107 7.432370
4108 5.857789
4109 6.636515
4110 8.012859
4111 8.728454
4112 8.055347
4113 6.508718
4114 6.533960
4115 7.530152
4116 7.091438
4117 7.750052
4118 7.142751
4119 5.212227
4120 9.195307
4121 7.729743
4122 7.223137
4123 7.877341
4124 6.398225
4125 5.136287
4126 6.770473
4127 6.705626
4128 6.618315
4129 7.936209
4130 6.846292
4131 6.736691
4132 5.980550
4133 7.754212
4134 6.160553
4135 7.270668
4136 7.546827
4137 6.640082
4138 7.999205
4139 6.647971
4140 5.926500
4141 5.190163
4142 6.882914
4143 5.686977
4144 5.843748
4145 5.157531
4146 5.732512
4147 6.940246
4148 8.051958
4149 8.804325
4150 6.754695
4151 7.055990
4152 10.081711
4153 9.468246
4154 7.367399
4155 7.068792
4156 6.319066
4157 5.521937
4158 8.130667
4159 9.639824
4160 8.672448
4161 8.408651
4162 8.951877
4163 9.375559
4164 9.627103
4165 10.046396
4166 9.801969
4167 6.972698
4168 6.855698
4169 5.976805
4170 7.991584
4171 6.720074
4172 6.097348
4173 6.545234
4174 5.675437
4175 8.882985
4176 5.192660
4177 5.225801
4178 5.786309
4179 5.554152
4180 5.257081
4181 9.249271
4182 7.161976
4183 8.321336
4184 8.249764
4185 7.175466
4186 8.775705
4187 5.704829
4188 6.744191
4189 6.192254
4190 6.477931
4191 7.298061
4192 8.824303
4193 7.311984
4194 7.962418
4195 5.422923
4196 6.843072
4197 6.746385
4198 6.753732
4199 7.193026
4200 6.033324
4201 6.043293
4202 5.723930
4203 4.894763
4204 5.900009
4205 6.489647
4206 5.848390
4207 6.817185
4208 5.718865
4209 7.495133
4210 7.864217
4211 6.044791
4212 6.943982
4213 9.252831
4214 5.735667
4215 6.238015
4216 6.159139
4217 4.831864
4218 4.225328
4219 7.376138
4220 4.464760
4221 4.640871
4222 5.480237
4223 6.104074
4224 5.391644
4225 6.694876
4226 6.380290
4227 6.960137
4228 7.579850
4229 6.800330
4230 6.071120
4231 5.884464
4232 5.167620
4233 3.932289
4234 3.608795
4235 3.553844
4236 3.486561
4237 3.713235
4238 3.462958
4239 3.349838
4240 3.524261
4241 3.636387
4242 4.229811
4243 5.250012
4244 5.049456
4245 5.581308
4246 5.356688
4247 3.591033
4248 3.573879
4249 5.186494
4250 5.728091
4251 5.654202
4252 5.140800
4253 4.304940
4254 5.786407
4255 8.025267
4256 5.660582
4257 7.388484
4258 7.148603
4259 5.397497
4260 4.669592
4261 4.830091
4262 4.139081
4263 3.639642
4264 4.715909
4265 8.178124
4266 5.511308
4267 8.860482
4268 7.223823
4269 7.089869
4270 5.663044
4271 5.709112
4272 5.008287
4273 5.262634
4274 4.931713
4275 6.576092
4276 5.287768
4277 8.523342
4278 5.435670
4279 6.480131
4280 7.182576
4281 7.618097
4282 6.630195
4283 5.025744
4284 5.691292
4285 5.234358
4286 5.441418
4287 5.714199
4288 5.012242
4289 5.205129
4290 8.337308
4291 5.470852
4292 5.130555
4293 10.207415
4294 6.224186
4295 6.220265
4296 6.273196
4297 5.461781
4298 6.877824
4299 6.168548
4300 5.618907
4301 7.330420
4302 6.500964
4303 6.140098
4304 6.367359
4305 6.218303
4306 7.444912
4307 7.317713
4308 8.994466
4309 9.992503
4310 10.117972
4311 9.992265
4312 7.421435
4313 7.270586
4314 7.597823
4315 6.291908
4316 8.504082
4317 4.883503
4318 5.411201
4319 6.664850
4320 6.047758
4321 5.584210
4322 6.609736
4323 6.697654
4324 6.869842
4325 6.410468
4326 5.204208
4327 6.408192
4328 5.566766
4329 7.262743
4330 6.939836
4331 6.138183
4332 5.880358
4333 6.642693
4334 8.743807
4335 5.765912
4336 7.114872
4337 6.186386
4338 5.743847
4339 7.152127
4340 5.612779
4341 8.760509
4342 8.930498
4343 9.635523
4344 7.582928
4345 5.796456
4346 7.311671
4347 7.527849
4348 9.097498
4349 10.824578
4350 5.642648
4351 6.148991
4352 8.802780
4353 8.155454
4354 10.299448
4355 9.254908
4356 8.478537
4357 7.125295
4358 7.147549
4359 6.242457
4360 6.271848
4361 6.735598
4362 6.753324
4363 5.601592
4364 6.807687
4365 7.001320
4366 5.562514
4367 7.634151
4368 6.458957
4369 7.092484
4370 7.629458
4371 6.854262
4372 9.972470
4373 6.834578
4374 5.582293
4375 5.026771
4376 6.859016
4377 6.380548
4378 9.102633
4379 7.671676
4380 6.137478
4381 8.219572
4382 8.952516
4383 9.060406
4384 7.193873
4385 6.225389
4386 7.752429
4387 5.982865
4388 7.746133
4389 6.325228
4390 7.891984
4391 7.980238
4392 5.757236
4393 7.197430
4394 9.219376
4395 8.106086
4396 8.436161
4397 9.713544
4398 6.804771
4399 5.175460
4400 6.895609
4401 5.989835
4402 7.850983
4403 7.304451
4404 7.230345
4405 8.087770
4406 9.055133
4407 8.474791
4408 8.816944
4409 8.874965
4410 5.881456
4411 7.346897
4412 4.528597
4413 4.882725
4414 5.478403
4415 4.704528
4416 5.242320
4417 5.337518
4418 6.363692
4419 5.355259
4420 4.495696
4421 5.682518
4422 5.007164
4423 6.098474
4424 4.535650
4425 7.019804
4426 5.699831
4427 5.948154
4428 5.533111
4429 6.300144
4430 4.885517
4431 5.460670
4432 5.961246
4433 4.486980
4434 6.367142
4435 5.604159
4436 5.532614
4437 3.556025
4438 3.641496
4439 3.791806
4440 5.326642
4441 4.580089
4442 3.699296
4443 3.626984
4444 3.760121
4445 3.611880
4446 4.009951
4447 3.673446
4448 5.447725
4449 5.338223
4450 5.778010
4451 5.787384
4452 5.548206
4453 4.954047
4454 7.048532
4455 7.982529
4456 6.197046
4457 6.852014
4458 4.517090
4459 3.515195
4460 5.393746
4461 4.958073
4462 5.319307
4463 7.318014
4464 5.521430
4465 5.122061
4466 5.724457
4467 7.534635
4468 7.417256
4469 5.513385
4470 9.717623
4471 6.527489
4472 5.126103
4473 3.780902
4474 4.639194
4475 5.246658
4476 7.723617
4477 6.996192
4478 5.024627
4479 6.258100
4480 6.931273
4481 6.372479
4482 6.335810
4483 6.275177
4484 6.835593
4485 7.727106
4486 7.714079
4487 5.350039
4488 4.107334
4489 5.667537
4490 7.039505
4491 4.943216
4492 5.335665
4493 5.672552
4494 3.360907
4495 3.509787
4496 3.665695
4497 3.895675
4498 3.362219
4499 3.537527
4500 3.413004
4501 3.630894
4502 3.512290
4503 3.572493
4504 3.464348
4505 4.340151
4506 3.363287
4507 3.380444
4508 5.309787
4509 3.360969
4510 3.607574
4511 3.328136
4512 4.633638
4513 5.296131
4514 3.915063
4515 4.046467
4516 3.639492
4517 3.615864
4518 3.835388
4519 3.559030
4520 3.617194
4521 5.856691
4522 3.639904
4523 4.149518
4524 3.508049
4525 3.629452
4526 3.500358
4527 5.309989
4528 4.564569
4529 3.860800
4530 3.648205
4531 3.676765
4532 3.724860
4533 3.678547
4534 4.433309
4535 5.684125
4536 4.745746
4537 5.796604
4538 5.602806
4539 5.561960
4540 3.666907
4541 3.690541
4542 4.548966
4543 3.486962
4544 3.862964
4545 3.345938
4546 4.895312
4547 3.670315
4548 5.552451
4549 5.932843
4550 5.028446
4551 3.723778
4552 5.234599
4553 3.701368
4554 3.439274
4555 5.020970
4556 3.658334
4557 3.687792
4558 5.253219
4559 5.216185
4560 3.812636
4561 5.128984
4562 3.785259
4563 6.012496
4564 3.673285
4565 3.876968
4566 3.607562
4567 6.151232
4568 5.055342
4569 6.221445
4570 6.820830
4571 5.282179
4572 6.885742
4573 8.171494
4574 8.949297
4575 8.755028
4576 8.121489
4577 9.004939
4578 9.169104
4579 8.644177
4580 6.748591
4581 9.900538
4582 8.987413
4583 9.052657
4584 8.911394
4585 8.890945
4586 6.586510
4587 5.559602
4588 11.436175
4589 9.337544
4590 10.100662
4591 10.694751
4592 6.642718
4593 7.347198
4594 7.622029
4595 7.986807
4596 8.842864
4597 6.785147
4598 7.615194
4599 5.603410
4600 8.297674
4601 8.581662
4602 6.512704
4603 10.208185
4604 7.527262
4605 8.786675
4606 8.140141
4607 8.581997
4608 6.891488
4609 5.712214
4610 5.846546
4611 4.199746
4612 6.504771
4613 5.717224
4614 5.706052
4615 7.497915
4616 8.075507
4617 8.003823
4618 7.350845
4619 6.366482
4620 6.505691
4621 5.062973
4622 6.235782
4623 6.224445
4624 7.897273
4625 6.453943
4626 5.586576
4627 6.698007
4628 6.966824
4629 7.003113
4630 9.019655
4631 8.819983
4632 7.974668
4633 9.029631
4634 6.999149
4635 7.132243
4636 7.520672
4637 7.567278
4638 8.387615
4639 7.470612
4640 7.015204
4641 7.566321
4642 8.660145
4643 7.913287
4644 8.308152
4645 5.970232
4646 6.732357
4647 5.597552
4648 6.864407
4649 5.551192
4650 6.703276
4651 5.943004
4652 5.189248
4653 3.837956
4654 3.482946
4655 3.892416
4656 3.809987
4657 3.339341
4658 3.502314
4659 3.504583
4660 3.955517
4661 3.514555
4662 3.399000
4663 3.486445
4664 3.210279
4665 5.276924
4666 3.356010
4667 5.206879
4668 3.297391
4669 6.158000
4670 5.959489
4671 6.160632
4672 6.086138
4673 5.577009
4674 3.469425
4675 3.266085
4676 3.834296
4677 3.271467
4678 4.949031
4679 3.365903
4680 4.049124
4681 3.523934
4682 3.348150
4683 4.434783
4684 3.319801
4685 3.891092
4686 3.599667
4687 4.011199
4688 3.493811
4689 3.373591
4690 3.349339
4691 3.270995
4692 3.825207
4693 3.534816
4694 3.519588
4695 3.444910
4696 3.235832
4697 3.826499
4698 3.617748
4699 3.320842
4700 3.616092
4701 3.192744
4702 3.876983
4703 3.180410
4704 3.816843
4705 3.421022
4706 5.314830
4707 4.218758
4708 3.651985
4709 5.412106
4710 3.640783
4711 3.693627
4712 3.315689
4713 3.517498
4714 3.377705
4715 3.756659
4716 3.326014
4717 3.540137
4718 3.333105
4719 3.519004
4720 3.721209
4721 3.288721
4722 3.739227
4723 3.230252
4724 3.680273
4725 5.163509
4726 4.104766
4727 3.926142
4728 3.249215
4729 3.382972
4730 3.278703
4731 3.789750
4732 3.625536
4733 3.387113
4734 3.717650
4735 3.807914
4736 3.164758
4737 3.127378
4738 3.728509
4739 3.890308
4740 3.307701
4741 3.253843
4742 3.754544
4743 2.980237
4744 3.831303
4745 3.654736
4746 3.475196
4747 3.561040
4748 3.429765
4749 3.557273
4750 3.547801
4751 3.204465
4752 3.541835
4753 3.051261
4754 3.478161
4755 3.463077
4756 3.645943
4757 3.613545
4758 3.317079
4759 3.915163
4760 3.142386
4761 3.613323
4762 3.171560
4763 3.278307
4764 5.149970
4765 3.169227
4766 3.046393
4767 3.438807
4768 3.745209
4769 3.535322
4770 3.314239
4771 3.251400
4772 3.114950
4773 3.121699
4774 3.578838
4775 3.255059
4776 3.385264
4777 3.467695
4778 3.630151
4779 3.407215
4780 3.237175
4781 3.642651
4782 8.322460
4783 7.869365
4784 6.452177
4785 5.232828
4786 9.456392
4787 10.332831
4788 9.124368
4789 6.554271
4790 5.175602
4791 4.576671
4792 4.615313
4793 6.081619
4794 3.650753
4795 3.729949
4796 3.332117
4797 3.809578
4798 4.613395
4799 3.951887
4800 3.156472
4801 4.071414
4802 3.575112
4803 3.892685
4804 3.787066
4805 3.177123
4806 3.586767
4807 3.593689
4808 4.792712
4809 3.855293
4810 3.697974
4811 3.303907
4812 3.358778
4813 3.679686
4814 3.818937
4815 3.240265
4816 3.118267
4817 3.563510
4818 3.321959
4819 3.332792
4820 7.173046
4821 6.789411
4822 8.115154
4823 6.808560
4824 6.255963
4825 6.533949
4826 10.140024
4827 6.845685
4828 6.636304
4829 7.464382
4830 6.104565
4831 8.113379
4832 5.766011
4833 7.374964
4834 6.306886
4835 7.584411
4836 5.792158
4837 6.448921
4838 5.576063
4839 4.457510
4840 7.285117
4841 5.486110
4842 4.788916
4843 7.641287
4844 7.669387
4845 7.451155
4846 5.594606
4847 9.980927
4848 8.363380
4849 8.450097
4850 5.786911
4851 3.510938
4852 6.421204
4853 6.407357
4854 6.328197
4855 6.691802
4856 10.654224
4857 9.765049
4858 9.586887
4859 9.666755
4860 9.473738
4861 6.757714
4862 7.141344
4863 9.002968
4864 7.683545
4865 8.351108
4866 7.475752
4867 8.303772
4868 5.923285
4869 7.793979
4870 7.641650
4871 9.252486
4872 5.589632
4873 7.332516
4874 8.838284
4875 7.996706
4876 7.879758
4877 7.293592
4878 5.512032
4879 5.712531
4880 8.633064
4881 5.489526
4882 3.874739
4883 7.141685
4884 3.339176
4885 3.727005
4886 3.840024
4887 4.258381
4888 2.958398
4889 3.281069
4890 3.239799
4891 3.815797
4892 3.661124
4893 3.532206
4894 4.220561
4895 3.562710
4896 3.216270
4897 3.735683
4898 3.569231
4899 3.255226
4900 3.187147
4901 3.237172
4902 3.124885
4903 3.171752
4904 3.098435
4905 3.214421
4906 3.568909
4907 3.162736
4908 3.419254
4909 3.452899
4910 3.371557
4911 3.091685
4912 3.209935
4913 3.150444
4914 3.369166
4915 3.763510
4916 3.630687
4917 3.338114
4918 3.019373
4919 3.314497
4920 3.305768
4921 3.540480
4922 3.831697
4923 3.680193
4924 3.904689
4925 3.637254
4926 3.929390
4927 4.119138
4928 3.326471
4929 5.519721
4930 5.489382
4931 3.607186
4932 3.718749
4933 3.510113
4934 3.566806
4935 3.469523
4936 3.433207
4937 3.682662
4938 3.908260
4939 3.559047
4940 3.487962
4941 6.020548
4942 6.538049
4943 6.485709
4944 8.519204
4945 6.097656
4946 7.048014
4947 7.599698
4948 7.713281
4949 8.564505
4950 5.094082
4951 5.926821
4952 9.155468
4953 5.343086
4954 6.293402
4955 5.603398
4956 9.885447
4957 8.848560
4958 5.994340
4959 7.320580
4960 7.606064
4961 6.983990
4962 7.084559
4963 5.441507
4964 6.936315
4965 5.866726
4966 5.061089
4967 4.078652
4968 5.289844
4969 4.850505
4970 3.801645
4971 3.700623
4972 3.802236
4973 3.629574
4974 4.861904
4975 5.371276
4976 5.711268
4977 3.832560
4978 3.813528
4979 6.189703
4980 3.906572
4981 4.410578
4982 5.890144
4983 7.034168
4984 5.958479
4985 5.469066
4986 5.540446
4987 3.259613
4988 3.440830
4989 5.136828
4990 7.226606
4991 5.448138
4992 5.832092
4993 5.687055
4994 5.142894
4995 9.150700
4996 8.712408
4997 8.113719
4998 3.595582
4999 8.757736
5000 8.125921
5001 3.605676

