
0 5.934796
1 6.242131
2 5.879574
3 7.296923
4 7.627149
5 8.159007
6 7.775918
7 7.269188
8 8.153437
9 7.845636
10 7.231411
11 8.589237
12 7.719126
13 7.115640
14 8.014617
15 6.016019
16 6.506868
17 6.680823
18 7.065479
19 6.440596
20 6.443270
21 6.017617
22 5.855544
23 6.250842
24 7.358131
25 6.519279
26 4.014041
27 3.624915
28 4.018819
29 3.774312
30 3.745796
31 3.809722
32 3.607825
33 3.824253
34 3.690394
35 3.854994
36 3.694714
37 3.782658
38 3.790105
39 3.956009
40 3.698431
41 3.810105
42 3.806952
43 3.539601
44 3.729692
45 3.874740
46 3.899911
47 3.857576
48 3.570854
49 3.443996
50 3.494608
51 3.421784
52 3.838802
53 3.541425
54 4.004073
55 3.752612
56 3.893032
57 3.856230
58 3.854429
59 3.441815
60 3.992166
61 3.509204
62 3.841123
63 3.519005
64 3.600249
65 3.764637
66 4.028275
67 3.836379
68 3.934337
69 3.413898
70 5.711402
71 5.815685
72 6.020438
73 5.829316
74 5.662157
75 5.504818
76 5.734988
77 6.070459
78 3.530568
79 3.670269
80 3.674494
81 3.787320
82 3.236973
83 3.681534
84 3.496028
85 3.593621
86 3.587994
87 3.603595
88 3.653025
89 3.538560
90 3.727601
91 3.535760
92 3.771924
93 3.462497
94 3.654189
95 3.784731
96 3.769217
97 3.386578
98 3.210171
99 3.230806
100 3.671565
101 3.532362
102 3.631156
103 3.791820
104 3.514271
105 3.824029
106 3.957198
107 3.977159
108 3.766763
109 3.888817
110 3.835166
111 3.909399
112 3.893637
113 3.802013
114 3.834098
115 3.756223
116 3.280562
117 3.735266
118 3.895562
119 3.859154
120 3.844541
121 3.587088
122 3.588606
123 3.385500
124 3.413418
125 3.314529
126 3.612798
127 3.617998
128 3.791571
129 3.377901
130 3.140414
131 3.643266
132 3.116475
133 3.820538
134 3.253567
135 3.537840
136 3.260279
137 3.338877
138 3.040083
139 3.527606
140 3.705389
141 3.246859
142 3.472304
143 3.390429
144 3.532903
145 3.366020
146 3.845763
147 3.184605
148 3.753304
149 3.433378
150 3.442034
151 3.661013
152 3.555997
153 3.858680
154 3.888355
155 3.830538
156 3.559005
157 3.215681
158 3.420321
159 3.591115
160 3.109306
161 3.098079
162 3.424864
163 3.421930
164 3.426499
165 3.136493
166 3.703997
167 3.475757
168 3.560013
169 3.615978
170 3.511780
171 3.596735
172 3.817394
173 3.686407
174 3.980429
175 3.735949
176 3.612106
177 3.842342
178 3.976508
179 3.615661
180 3.593634
181 3.916134
182 3.711403
183 3.758218
184 3.836470
185 3.794745
186 3.798697
187 3.931883
188 3.742381
189 3.760676
190 3.950964
191 3.766882
192 3.963294
193 3.272551
194 3.391090
195 3.671784
196 3.643255
197 3.669835
198 3.700948
199 3.726996
200 3.748145
201 5.767745
202 5.318686
203 4.819722
204 5.400595
205 3.758471
206 3.730910
207 3.761942
208 3.867792
209 3.728817
210 3.915684
211 3.286306
212 3.571065
213 3.820106
214 3.699770
215 3.757686
216 3.747186
217 3.936014
218 3.799422
219 3.753093
220 3.747448
221 3.358185
222 3.467694
223 3.675023
224 3.711629
225 3.642691
226 3.694278
227 3.573262
228 3.690435
229 3.758256
230 3.541723
231 3.287584
232 3.361634
233 3.508578
234 3.833132
235 3.741498
236 3.758780
237 3.559635
238 3.524401
239 3.894021
240 3.897923
241 3.404673
242 3.784957
243 3.921967
244 3.442223
245 3.863494
246 3.914601
247 3.609392
248 3.486343
249 3.277150
250 3.713787
251 3.675664
252 3.805169
253 3.873472
254 3.791954
255 3.849622
256 3.782723
257 3.804262
258 3.587257
259 3.539350
260 3.388938
261 3.292565
262 3.730632
263 3.861879
264 3.572407
265 3.805442
266 3.779485
267 3.661216
268 3.664011
269 3.768779
270 3.581928
271 3.622831
272 3.772878
273 3.628692
274 3.583755
275 3.359777
276 3.650341
277 3.662458
278 3.623618
279 3.600778
280 3.836054
281 3.750601
282 3.519459
283 3.561025
284 3.671540
285 3.797964
286 3.444255
287 3.795406
288 3.457644
289 3.789264
290 3.616973
291 3.620733
292 3.988482
293 3.771113
294 3.443678
295 3.563505
296 3.527620
297 3.501056
298 3.611026
299 3.598749
300 3.725331
301 3.797709
302 3.646765
303 3.714204
304 3.696536
305 3.769524
306 3.685973
307 3.788747
308 3.749376
309 3.678994
310 3.659330
311 3.802840
312 3.828253
313 3.883378
314 3.760065
315 3.791965
316 3.851480
317 3.561433
318 3.838813
319 3.690284
320 3.241880
321 3.703366
322 3.659150
323 3.632905
324 3.279771
325 3.168881
326 3.890464
327 3.335324
328 3.692845
329 3.756953
330 3.768261
331 3.364197
332 3.288238
333 3.230509
334 3.553902
335 3.330196
336 3.633206
337 3.604814
338 3.887233
339 3.546828
340 5.732975
341 4.138454
342 3.285819
343 3.694373
344 3.359002
345 3.412728
346 3.752508
347 3.347311
348 3.265852
349 3.892478
350 3.561055
351 3.675134
352 3.736159
353 3.277088
354 3.698229
355 3.591362
356 3.594343
357 3.774509
358 3.703459
359 3.667082
360 3.498614
361 3.524629
362 3.680301
363 3.749279
364 3.586222
365 3.153045
366 3.575180
367 3.617401
368 3.827168
369 3.370653
370 3.715508
371 3.712290
372 3.691978
373 3.648205
374 3.821899
375 3.798646
376 3.645684
377 3.850742
378 3.841183
379 3.450290
380 3.543742
381 3.749428
382 3.501001
383 3.512464
384 3.744341
385 3.728309
386 3.564405
387 3.920624
388 3.616548
389 3.846153
390 3.607006
391 3.580727
392 3.774055
393 3.779629
394 3.436656
395 3.576157
396 3.609018
397 3.498470
398 3.369809
399 3.616476
400 3.717809
401 3.485756
402 3.833158
403 3.355640
404 3.675909
405 3.622996
406 3.462570
407 3.638969
408 3.462498
409 3.294783
410 3.748026
411 3.876530
412 3.927275
413 3.508391
414 3.276628
415 3.380443
416 3.390619
417 3.935809
418 3.750853
419 3.780080
420 3.949860
421 3.515709
422 3.404026
423 3.670262
424 3.618259
425 3.637814
426 3.785099
427 3.636495
428 3.774159
429 3.526825
430 3.732803
431 3.574605
432 3.835649
433 3.429331
434 4.010650
435 3.777367
436 3.744767
437 3.886194
438 3.543472
439 4.056266
440 3.762525
441 3.776917
442 3.890783
443 3.652657
444 3.882386
445 3.683152
446 3.910049
447 3.757899
448 3.698337
449 3.807281
450 3.618619
451 3.879550
452 3.708746
453 3.738838
454 3.563721
455 3.716599
456 3.701054
457 3.697498
458 3.709190
459 3.819698
460 3.698512
461 3.345639
462 3.613834
463 3.245627
464 3.684155
465 3.581859
466 3.732827
467 3.624611
468 3.357916
469 3.217360
470 3.566526
471 3.645519
472 3.705521
473 3.393081
474 3.220774
475 3.760451
476 3.798026
477 3.877499
478 3.530749
479 3.468113
480 3.496984
481 3.666389
482 3.560197
483 3.312779
484 3.614554
485 3.653859
486 3.432229
487 3.346848
488 3.195623
489 3.109501
490 3.822093
491 3.094335
492 3.381378
493 3.320888
494 3.541935
495 3.752505
496 3.287096
497 3.507622
498 3.352523
499 3.884443
500 3.575735
501 3.674901
502 3.679318
503 3.189170
504 3.525509
505 3.511554
506 3.507038
507 3.730227
508 3.754541
509 3.557498
510 3.741991
511 3.760612
512 3.217049
513 3.580014
514 3.690162
515 3.844436
516 3.495155
517 3.577737
518 3.602124
519 3.393833
520 3.560746
521 3.629107
522 3.856023
523 3.561953
524 3.612617
525 3.639972
526 3.501656
527 3.597390
528 3.825324
529 3.732891
530 3.703635
531 3.733884
532 3.630166
533 3.691977
534 3.553998
535 3.482084
536 3.744728
537 3.611799
538 3.476924
539 3.650766
540 3.857641
541 3.760174
542 3.626307
543 3.766418
544 3.642044
545 3.717795
546 3.884019
547 3.985814
548 3.728823
549 4.225173
550 3.606745
551 3.975035
552 3.925174
553 3.851818
554 3.756594
555 3.535098
556 3.606706
557 3.920102
558 3.795868
559 3.909923
560 3.566302
561 3.642500
562 3.810421
563 3.781084
564 3.852065
565 3.816923
566 3.583367
567 3.793599
568 3.754956
569 3.696418
570 3.668285
571 3.706464
572 4.208300
573 3.448421
574 4.165704
575 3.977008
576 3.908261
577 3.971611
578 3.812154
579 3.524797
580 3.610348
581 3.775964
582 3.466426
583 3.627245
584 3.662649
585 3.366838
586 3.815453
587 3.865373
588 3.624652
589 3.583251
590 3.376595
591 3.770600
592 3.774719
593 3.382870
594 3.848544
595 3.417629
596 3.618190
597 3.741270
598 3.751548
599 3.808844
600 3.273866
601 3.607825
602 3.244213
603 3.546532
604 3.687344
605 3.413927
606 3.818863
607 3.769522
608 3.779418
609 3.673539
610 3.603861
611 3.836690
612 3.604401
613 3.900743
614 3.703985
615 3.618854
616 3.885730
617 3.978480
618 3.806219
619 3.799761
620 3.826512
621 4.075256
622 3.448565
623 3.786965
624 3.905762
625 3.781494
626 3.743912
627 3.756672
628 3.607438
629 3.795339
630 3.918485
631 3.776691
632 3.850728
633 3.629298
634 3.751840
635 3.915982
636 5.379446
637 3.802697
638 3.876802
639 3.908515
640 3.606133
641 3.482328
642 3.702662
643 3.522159
644 3.970265
645 3.495452
646 3.362530
647 3.174793
648 3.364168
649 3.685932
650 3.648055
651 3.732910
652 3.221460
653 3.699326
654 3.829502
655 3.880335
656 3.920075
657 3.605300
658 3.774056
659 3.973336
660 3.820133
661 3.875952
662 3.302029
663 3.674153
664 3.735519
665 3.693902
666 3.668381
667 3.500301
668 3.884506
669 3.999712
670 3.443617
671 3.834709
672 3.854622
673 3.832204
674 3.601792
675 3.869029
676 3.629133
677 3.685823
678 3.565544
679 3.783410
680 3.782515
681 3.691126
682 3.908772
683 3.924298
684 3.902065
685 3.881716
686 3.722338
687 3.778085
688 3.625274
689 3.771698
690 3.696946
691 3.748344
692 3.952478
693 3.854271
694 3.790011
695 3.664794
696 3.839439
697 3.924820
698 3.744624
699 3.578045
700 3.708343
701 3.941902
702 3.699418
703 3.766911
704 3.833757
705 3.830676
706 3.697040
707 3.984194
708 3.678995
709 3.463685
710 3.490118
711 3.729840
712 3.847360
713 3.758352
714 4.115638
715 5.761296
716 3.562640
717 3.389233
718 3.680353
719 3.737703
720 3.767517
721 3.351732
722 3.468331
723 3.615368
724 3.477946
725 3.724914
726 3.756925
727 3.751559
728 3.685022
729 3.800236
730 3.913068
731 3.481466
732 3.840378
733 3.874467
734 3.146651
735 3.978957
736 3.574256
737 3.439418
738 3.600403
739 3.827793
740 3.657008
741 3.862359
742 3.753795
743 3.857148
744 3.687141
745 3.873127
746 3.928996
747 3.702771
748 3.738127
749 3.933904
750 3.838933
751 3.730069
752 3.522400
753 3.618358
754 3.662704
755 3.484521
756 5.317338
757 3.555545
758 3.658113
759 3.569551
760 3.686053
761 3.749772
762 3.690758
763 3.398516
764 3.521166
765 3.926908
766 4.812712
767 5.986533
768 6.518144
769 6.014925
770 6.200470
771 7.856340
772 6.522126
773 7.669740
774 5.457050
775 7.997118
776 5.774477
777 5.279290
778 4.985551
779 6.422540
780 5.077497
781 5.529203
782 4.933082
783 3.705750
784 3.458280
785 4.005320
786 3.764520
787 3.630673
788 3.455283
789 3.749308
790 3.713288
791 6.242667
792 5.867497
793 3.465648
794 3.748291
795 3.876507
796 3.779867
797 3.637279
798 3.589597
799 3.822629
800 3.077451
801 3.865295
802 3.737926
803 3.714591
804 3.678873
805 3.554489
806 3.971802
807 3.823897
808 3.796183
809 3.938048
810 3.658896
811 3.729746
812 3.708936
813 3.770688
814 3.703257
815 3.750108
816 3.806062
817 3.720713
818 4.041348
819 3.969786
820 3.684413
821 3.736241
822 3.590111
823 3.918187
824 3.833028
825 3.532437
826 3.699810
827 5.076702
828 3.550141
829 3.757313
830 3.800067
831 4.046505
832 3.816227
833 3.721156
834 3.814000
835 3.880437
836 3.787096
837 3.641445
838 3.618536
839 3.830901
840 3.922284
841 3.740335
842 3.662528
843 3.816567
844 3.662694
845 3.752028
846 3.613006
847 3.657650
848 3.349118
849 3.228295
850 3.585861
851 3.371853
852 3.745584
853 3.911467
854 3.847833
855 3.813269
856 3.790051
857 3.559226
858 3.753293
859 3.462757
860 3.852635
861 3.861684
862 3.734353
863 3.756821
864 3.808727
865 3.210374
866 3.598237
867 3.766431
868 3.499387
869 3.416797
870 3.495940
871 3.757033
872 3.686367
873 3.183460
874 3.850533
875 3.521208
876 3.672792
877 2.952253
878 3.916953
879 3.532451
880 3.828757
881 3.942054
882 3.622512
883 3.616737
884 3.825820
885 3.488011
886 3.669289
887 3.622707
888 3.734087
889 3.587173
890 3.567971
891 3.605606
892 3.423478
893 3.669291
894 3.830482
895 3.822056
896 3.602361
897 3.810509
898 3.718616
899 3.697053
900 3.685225
901 4.022003
902 3.929504
903 3.749785
904 3.670599
905 3.766031
906 3.831200
907 3.676059
908 3.707955
909 3.888973
910 3.674970
911 3.883734
912 3.898525
913 3.693208
914 3.775790
915 3.727922
916 3.747989
917 3.723695
918 3.356501
919 3.833548
920 3.638801
921 3.794114
922 3.640085
923 3.495638
924 3.952492
925 3.583211
926 3.543870
927 3.619366
928 3.844477
929 3.582595
930 3.627588
931 4.008855
932 3.781680
933 3.318464
934 3.883310
935 3.685987
936 3.726795
937 3.681858
938 3.192163
939 3.677324
940 3.544588
941 3.092021
942 3.676494
943 3.800538
944 3.690717
945 3.828864
946 3.759337
947 3.926943
948 3.854064
949 3.698459
950 3.888096
951 3.710647
952 3.849066
953 3.608406
954 4.078260
955 3.530711
956 3.694712
957 3.844425
958 3.799474
959 3.468084
960 3.866923
961 3.545153
962 3.760083
963 3.503868
964 3.731233
965 3.892456
966 3.904609
967 3.535096
968 3.743019
969 3.690485
970 3.681059
971 3.744623
972 3.586571
973 3.834122
974 3.536737
975 5.792504
976 5.321297
977 3.972278
978 3.383328
979 3.788682
980 3.952895
981 3.804377
982 5.542093
983 3.557780
984 5.425130
985 3.604192
986 3.856398
987 5.595901
988 6.305513
989 5.692504
990 5.642650
991 5.209345
992 5.340607
993 5.743491
994 5.158422
995 5.728788
996 4.979698
997 5.652415
998 5.769644
999 5.788101
1000 3.765875
1001 3.868864
1002 3.762883
1003 3.087070
1004 3.797958
1005 3.510584
1006 3.688280
1007 3.556713
1008 3.872016
1009 3.447986
1010 3.780488
1011 3.773276
1012 3.306750
1013 3.346252
1014 3.673772
1015 3.922778
1016 3.890977
1017 3.420263
1018 3.728447
1019 3.933270
1020 3.136176
1021 3.753055
1022 3.466785
1023 3.755558
1024 3.344640
1025 3.649918
1026 3.393065
1027 3.685473
1028 3.763961
1029 3.837267
1030 3.897426
1031 4.018323
1032 3.856489
1033 3.753958
1034 3.590181
1035 3.885742
1036 3.729100
1037 3.817931
1038 3.781548
1039 3.873721
1040 3.900641
1041 4.043920
1042 3.847348
1043 3.641291
1044 3.931744
1045 3.943209
1046 3.725441
1047 3.782872
1048 3.748413
1049 3.824446
1050 3.768676
1051 3.815153
1052 3.607395
1053 3.600194
1054 3.881249
1055 3.629064
1056 4.115398
1057 3.825245
1058 3.601029
1059 3.806246
1060 3.857061
1061 3.881934
1062 3.718896
1063 3.645118
1064 3.555431
1065 3.612921
1066 3.798486
1067 3.673282
1068 3.763669
1069 3.914906
1070 3.798538
1071 3.936118
1072 3.648835
1073 3.885123
1074 3.744142
1075 3.904074
1076 3.817552
1077 3.857799
1078 3.515409
1079 3.930562
1080 4.082855
1081 3.658238
1082 3.716180
1083 3.920624
1084 3.908824
1085 3.869949
1086 3.681848
1087 3.741991
1088 3.623122
1089 3.784855
1090 3.821491
1091 3.487735
1092 3.823730
1093 3.788973
1094 3.803933
1095 3.782287
1096 3.823010
1097 3.572309
1098 3.836313
1099 3.873628
1100 3.771790
1101 3.904808
1102 3.759470
1103 3.686773
1104 3.889294
1105 3.998213
1106 3.797580
1107 3.701756
1108 3.837941
1109 3.636837
1110 3.645820
1111 3.674250
1112 3.751320
1113 4.823089
1114 7.888105
1115 10.551755
1116 9.022039
1117 8.814541
1118 8.019714
1119 5.398455
1120 6.308874
1121 6.321030
1122 5.713013
1123 5.968226
1124 7.134067
1125 5.805740
1126 6.165922
1127 5.138544
1128 3.745038
1129 3.660205
1130 3.829268
1131 3.822839
1132 5.898356
1133 3.874544
1134 3.975663
1135 3.768104
1136 3.758433
1137 3.690611
1138 3.765355
1139 3.792875
1140 3.732573
1141 3.841275
1142 4.003013
1143 3.666578
1144 3.765223
1145 3.828954
1146 3.792637
1147 3.732213
1148 3.732814
1149 3.407343
1150 3.740240
1151 3.704850
1152 3.748839
1153 3.717014
1154 3.831774
1155 3.705996
1156 3.995522
1157 3.841939
1158 3.755876
1159 3.699001
1160 3.520044
1161 3.667942
1162 3.750987
1163 3.847348
1164 3.622045
1165 3.511610
1166 3.743901
1167 3.771698
1168 3.910026
1169 3.678397
1170 3.206808
1171 3.516829
1172 3.702351
1173 3.920447
1174 3.846165
1175 3.947013
1176 3.985286
1177 3.831619
1178 3.746868
1179 3.734551
1180 4.045601
1181 3.673362
1182 4.087700
1183 3.673010
1184 3.811286
1185 3.686218
1186 3.715024
1187 4.001450
1188 3.803011
1189 3.876208
1190 4.064211
1191 3.678627
1192 3.658020
1193 3.831530
1194 3.563174
1195 3.634240
1196 3.858212
1197 3.676602
1198 3.714902
1199 3.464720
1200 3.038436
1201 3.450884
1202 3.711903
1203 3.705066
1204 3.676561
1205 3.333242
1206 3.719141
1207 3.817497
1208 3.731929
1209 4.130085
1210 3.800446
1211 3.685906
1212 3.813359
1213 3.783305
1214 3.805024
1215 3.703433
1216 3.894265
1217 3.876840
1218 3.785946
1219 3.892157
1220 3.943474
1221 3.914769
1222 3.942995
1223 3.813831
1224 3.756222
1225 3.604012
1226 3.638049
1227 3.778479
1228 3.952761
1229 3.826825
1230 3.755141
1231 3.850884
1232 3.677202
1233 3.931222
1234 3.743477
1235 3.846429
1236 3.539296
1237 3.833618
1238 4.023604
1239 3.929811
1240 3.476119
1241 3.481494
1242 3.756423
1243 3.528781
1244 3.759161
1245 3.562919
1246 3.592299
1247 3.672234
1248 3.685324
1249 3.602817
1250 3.696944
1251 3.608782
1252 3.530170
1253 3.665979
1254 3.804524
1255 3.586557
1256 3.631788
1257 3.686271
1258 3.743901
1259 3.881365
1260 3.694065
1261 3.673501
1262 3.841226
1263 3.345397
1264 3.797593
1265 3.816241
1266 3.732278
1267 3.985801
1268 3.793219
1269 3.663944
1270 3.397236
1271 3.795210
1272 3.747227
1273 3.856709
1274 3.634473
1275 3.759002
1276 3.585930
1277 3.703079
1278 3.752866
1279 3.793864
1280 3.632646
1281 3.933511
1282 3.842058
1283 3.782934
1284 3.584300
1285 3.720918
1286 3.626405
1287 3.665107
1288 3.814368
1289 3.863677
1290 3.786344
1291 3.907988
1292 4.097489
1293 3.880991
1294 3.847661
1295 3.809487
1296 3.780795
1297 3.542682
1298 3.823425
1299 3.599846
1300 3.559734
1301 3.294937
1302 3.707907
1303 3.642582
1304 3.536780
1305 3.652394
1306 3.248954
1307 3.263572
1308 3.630771
1309 4.003494
1310 3.887739
1311 3.663343
1312 3.822316
1313 3.789841
1314 3.665666
1315 3.363778
1316 3.658566
1317 3.796698
1318 3.996508
1319 3.768037
1320 3.846245
1321 4.051591
1322 3.820589
1323 3.945199
1324 3.900204
1325 3.680720
1326 3.761663
1327 3.707736
1328 3.635352
1329 3.644643
1330 3.557498
1331 3.839517
1332 3.722337
1333 3.624487
1334 3.726850
1335 3.491663
1336 3.503285
1337 3.696566
1338 3.564631
1339 3.665667
1340 3.636755
1341 3.784838
1342 4.057548
1343 3.657499
1344 3.739104
1345 3.738785
1346 3.494480
1347 3.832948
1348 3.901809
1349 3.601805
1350 3.823205
1351 3.873357
1352 3.710551
1353 3.886038
1354 3.635947
1355 3.854309
1356 3.775844
1357 3.600613
1358 3.796433
1359 3.409019
1360 3.736710
1361 3.763895
1362 3.390365
1363 3.642445
1364 3.839401
1365 3.530397
1366 3.681589
1367 3.730497
1368 3.555460
1369 3.708827
1370 3.709204
1371 3.886863
1372 3.849910
1373 3.730578
1374 3.497014
1375 3.481322
1376 3.722649
1377 3.590389
1378 3.787730
1379 3.964986
1380 3.638944
1381 3.747478
1382 3.515252
1383 3.890746
1384 3.642280
1385 3.705144
1386 3.703431
1387 3.496024
1388 3.597599
1389 3.579413
1390 3.661190
1391 3.804184
1392 3.892290
1393 3.390057
1394 3.597571
1395 3.953239
1396 3.729424
1397 3.755556
1398 3.394496
1399 3.616076
1400 3.436013
1401 3.813411
1402 3.807387
1403 3.722968
1404 3.827192
1405 3.920038
1406 3.857537
1407 4.015745
1408 3.650641
1409 3.498828
1410 3.841797
1411 3.392729
1412 3.707789
1413 3.741149
1414 3.781558
1415 3.820223
1416 3.664875
1417 3.608725
1418 4.049546
1419 3.368206
1420 3.867634
1421 3.847805
1422 3.549674
1423 3.632534
1424 3.912927
1425 3.531119
1426 4.138480
1427 3.803500
1428 3.855530
1429 3.858638
1430 3.616102
1431 3.723588
1432 3.633085
1433 3.695255
1434 3.720241
1435 3.711725
1436 3.630990
1437 3.664618
1438 3.577779
1439 3.684575
1440 3.671364
1441 3.715387
1442 3.822488
1443 3.706778
1444 3.775714
1445 3.854415
1446 3.901335
1447 3.842123
1448 3.803090
1449 3.830220
1450 3.819173
1451 3.920932
1452 3.645108
1453 3.365235
1454 3.734728
1455 3.822369
1456 3.729895
1457 3.818561
1458 3.588553
1459 3.760890
1460 3.597168
1461 3.906533
1462 3.981596
1463 3.884947
1464 3.622071
1465 3.823102
1466 3.674314
1467 3.752815
1468 3.881558
1469 3.778411
1470 3.997462
1471 3.780872
1472 3.967002
1473 3.879418
1474 3.401088
1475 3.477270
1476 3.654161
1477 3.473670
1478 3.848818
1479 3.730483
1480 3.756275
1481 3.526371
1482 3.567142
1483 3.733967
1484 3.839869
1485 3.719758
1486 3.437296
1487 3.179482
1488 3.472692
1489 3.680719
1490 3.782144
1491 3.908975
1492 3.777168
1493 3.698840
1494 3.657347
1495 3.704028
1496 3.654708
1497 3.168376
1498 3.802802
1499 4.791942
1500 3.799029
1501 3.770529
1502 3.718830
1503 3.736561
1504 3.925974
1505 3.743661
1506 3.528018
1507 3.906481
1508 3.694170
1509 3.811010
1510 4.027604
1511 3.671087
1512 3.729692
1513 3.937523
1514 4.081482
1515 3.652218
1516 3.878479
1517 3.689363
1518 3.953743
1519 3.797957
1520 3.543798
1521 3.393656
1522 3.589905
1523 3.695307
1524 3.796921
1525 3.719747
1526 3.853182
1527 3.515281
1528 3.815244
1529 3.470014
1530 3.974290
1531 3.721800
1532 3.708260
1533 3.607658
1534 3.594790
1535 3.807492
1536 4.156766
1537 3.798368
1538 3.777568
1539 3.946557
1540 3.837159
1541 3.872339
1542 3.572450
1543 3.703052
1544 3.793392
1545 3.796340
1546 3.716707
1547 3.834502
1548 3.850327
1549 3.668419
1550 3.892173
1551 3.991827
1552 3.848426
1553 4.050148
1554 3.749055
1555 3.675323
1556 3.784982
1557 3.779272
1558 3.881214
1559 4.265689
1560 3.627754
1561 3.379053
1562 3.560013
1563 3.893184
1564 3.674374
1565 3.807625
1566 3.756532
1567 3.869536
1568 3.763972
1569 3.832088
1570 3.761982
1571 3.809739
1572 3.648150
1573 3.684847
1574 3.769509
1575 3.383044
1576 3.614084
1577 3.526062
1578 4.065681
1579 3.627314
1580 4.136691
1581 3.927622
1582 3.716032
1583 3.482498
1584 3.558948
1585 3.992720
1586 3.592617
1587 3.054260
1588 3.593232
1589 3.944273
1590 4.024463
1591 3.733013
1592 3.781337
1593 3.262054
1594 3.616545
1595 3.773723
1596 3.825416
1597 3.766962
1598 3.794771
1599 3.972542
1600 3.850001
1601 3.886940
1602 3.898064
1603 3.819084
1604 3.689633
1605 3.787838
1606 3.796644
1607 3.977699
1608 3.607517
1609 3.707439
1610 3.749043
1611 4.024497
1612 3.721116
1613 3.798119
1614 3.918112
1615 3.637650
1616 3.784507
1617 3.628236
1618 3.739586
1619 3.553138
1620 3.598400
1621 3.655899
1622 3.880051
1623 3.604525
1624 3.994959
1625 3.880126
1626 3.783043
1627 3.696201
1628 3.671253
1629 3.994599
1630 5.471835
1631 3.823415
1632 3.635948
1633 3.861022
1634 3.736054
1635 3.738051
1636 3.861206
1637 3.703377
1638 3.747454
1639 5.690148
1640 5.501811
1641 5.487970
1642 5.368854
1643 4.466696
1644 3.748199
1645 3.831003
1646 3.926224
1647 3.798487
1648 3.567829
1649 3.612382
1650 3.640742
1651 4.427246
1652 3.668050
1653 3.705957
1654 3.721210
1655 3.836275
1656 3.597442
1657 3.687939
1658 3.757739
1659 3.879755
1660 3.708181
1661 3.926016
1662 3.609737
1663 3.774362
1664 3.647505
1665 3.626929
1666 3.751279
1667 3.738916
1668 3.597444
1669 3.768766
1670 3.782462
1671 4.054724
1672 3.659250
1673 3.866845
1674 3.597346
1675 3.821128
1676 3.816439
1677 3.962436
1678 3.735305
1679 3.776255
1680 3.971711
1681 3.838096
1682 3.532069
1683 3.820722
1684 3.558456
1685 3.588719
1686 3.803539
1687 3.966927
1688 3.714307
1689 4.015308
1690 3.726958
1691 3.709853
1692 3.586376
1693 3.790448
1694 3.652520
1695 3.666622
1696 3.564842
1697 3.457834
1698 3.622886
1699 3.517853
1700 3.757682
1701 3.902115
1702 3.626350
1703 3.633207
1704 3.773236
1705 3.450826
1706 3.644464
1707 3.769388
1708 3.689733
1709 3.907567
1710 3.671197
1711 3.757553
1712 3.683870
1713 3.606814
1714 3.606023
1715 3.814993
1716 3.838269
1717 3.755904
1718 3.928370
1719 4.004735
1720 3.750865
1721 3.890013
1722 3.737844
1723 3.864960
1724 3.701080
1725 3.404246
1726 3.882100
1727 3.408768
1728 3.884187
1729 3.394598
1730 3.700944
1731 3.624970
1732 3.906878
1733 3.565360
1734 3.589333
1735 3.727492
1736 3.953455
1737 3.587047
1738 3.664572
1739 3.319051
1740 3.764586
1741 3.373632
1742 3.673378
1743 3.709785
1744 3.511922
1745 3.759058
1746 3.511251
1747 3.649081
1748 3.923950
1749 3.732519
1750 3.496412
1751 3.495570
1752 3.744077
1753 3.442951
1754 3.696497
1755 3.778835
1756 3.405248
1757 3.905562
1758 3.570094
1759 3.543588
1760 3.498584
1761 3.483561
1762 3.402380
1763 3.798001
1764 3.558020
1765 3.586308
1766 3.477844
1767 3.717431
1768 3.648587
1769 3.649233
1770 3.486572
1771 3.724112
1772 3.528427
1773 3.426518
1774 3.537796
1775 3.792559
1776 3.285316
1777 3.580278
1778 3.477367
1779 3.693360
1780 3.798331
1781 3.721909
1782 3.602723
1783 3.362751
1784 3.653342
1785 3.838358
1786 3.660424
1787 3.271592
1788 3.940835
1789 3.775525
1790 3.647164
1791 3.721637
1792 3.814827
1793 3.805362
1794 3.845218
1795 3.561136
1796 3.806036
1797 3.807819
1798 3.703148
1799 3.522571
1800 3.691004
1801 3.772466
1802 3.896525
1803 3.906611
1804 3.612562
1805 3.577123
1806 3.460724
1807 3.574059
1808 3.673379
1809 3.697526
1810 3.938260
1811 3.643912
1812 3.602306
1813 3.236510
1814 3.411686
1815 3.617321
1816 3.346359
1817 3.372863
1818 3.917381
1819 3.920051
1820 3.899371
1821 3.286670
1822 3.514697
1823 3.293523
1824 3.690761
1825 3.553137
1826 3.555814
1827 3.608892
1828 3.814958
1829 3.542019
1830 3.619849
1831 3.597748
1832 3.488036
1833 3.578407
1834 3.375499
1835 3.645889
1836 3.708881
1837 3.549057
1838 3.530070
1839 3.828800
1840 3.699744
1841 3.576786
1842 3.256151
1843 3.757670
1844 3.593897
1845 3.864130
1846 3.219768
1847 3.971509
1848 3.817303
1849 3.480891
1850 3.898015
1851 3.815301
1852 3.587228
1853 3.996227
1854 3.613680
1855 3.240818
1856 4.091038
1857 3.766921
1858 3.633029
1859 3.621834
1860 3.635065
1861 3.702512
1862 3.824514
1863 3.819647
1864 3.638657
1865 3.660177
1866 3.846895
1867 3.464753
1868 3.675556
1869 3.592063
1870 3.763482
1871 3.616212
1872 3.635727
1873 3.815833
1874 3.795011
1875 3.707144
1876 3.787163
1877 3.807073
1878 3.727736
1879 3.711741
1880 3.887802
1881 3.527745
1882 3.935328
1883 3.864013
1884 3.629409
1885 3.755344
1886 3.805601
1887 3.665584
1888 3.868760
1889 3.769071
1890 3.847594
1891 3.688618
1892 3.608061
1893 3.734033
1894 3.907172
1895 3.852417
1896 3.727600
1897 3.697811
1898 3.647766
1899 3.539054
1900 3.487480
1901 3.596581
1902 3.527280
1903 3.795272
1904 3.661773
1905 3.926755
1906 3.518665
1907 3.156406
1908 3.545958
1909 3.667927
1910 3.701269
1911 3.788152
1912 3.693903
1913 3.606992
1914 3.713179
1915 3.616210
1916 3.957891
1917 3.914194
1918 3.726783
1919 3.794707
1920 3.506480
1921 3.744262
1922 3.739371
1923 3.672287
1924 3.652833
1925 3.824278
1926 3.100710
1927 3.860324
1928 3.746158
1929 3.432127
1930 3.780224
1931 3.961109
1932 3.508533
1933 3.805812
1934 3.609183
1935 3.512347
1936 3.805718
1937 4.016740
1938 3.683395
1939 3.784627
1940 3.701137
1941 3.782975
1942 3.864144
1943 3.932849
1944 3.860440
1945 3.698405
1946 3.806705
1947 3.896436
1948 4.153906
1949 3.757073
1950 3.725708
1951 3.957942
1952 3.870762
1953 3.721479
1954 3.629035
1955 3.905650
1956 3.339476
1957 3.675283
1958 3.631997
1959 3.583450
1960 3.490717
1961 4.038736
1962 3.727169
1963 3.943742
1964 3.584451
1965 3.797339
1966 3.729936
1967 3.604511
1968 3.722433
1969 3.583086
1970 3.764175
1971 3.607589
1972 3.750480
1973 3.698781
1974 3.690135
1975 3.443995
1976 3.695661
1977 3.810262
1978 3.679825
1979 3.661093
1980 4.077623
1981 3.971510
1982 3.729047
1983 3.721653
1984 3.310484
1985 3.515977
1986 4.248694
1987 3.692507
1988 3.505000
1989 3.611495
1990 3.747294
1991 3.705171
1992 3.716207
1993 3.727852
1994 3.597902
1995 3.576226
1996 3.853840
1997 3.838101
1998 3.495741
1999 3.485512
2000 3.938349
2001 3.540890
2002 3.853454
2003 3.692073
2004 3.767188
2005 4.024140
2006 3.802501
2007 3.785512
2008 3.662580
2009 4.129615
2010 3.843435
2011 3.799000
2012 3.718185
2013 3.652314
2014 3.810422
2015 3.594830
2016 3.964239
2017 3.650326
2018 3.705536
2019 3.676709
2020 4.085807
2021 3.823103
2022 3.804276
2023 3.850570
2024 3.885938
2025 3.850325
2026 3.872428
2027 3.687941
2028 3.854842
2029 4.041421
2030 3.963106
2031 3.575654
2032 3.678925
2033 3.824251
2034 3.791503
2035 3.932542
2036 3.881288
2037 3.733658
2038 3.756221
2039 3.578128
2040 3.418919
2041 3.726795
2042 3.890333
2043 3.680299
2044 3.590614
2045 3.503742
2046 3.626278
2047 3.653068
2048 3.757712
2049 3.584538
2050 3.463093
2051 3.868890
2052 3.713463
2053 3.673949
2054 3.747865
2055 3.760545
2056 3.523548
2057 3.761237
2058 3.798659
2059 3.853949
2060 3.763987
2061 3.667371
2062 3.786160
2063 4.029753
2064 3.721209
2065 3.668105
2066 3.974330
2067 3.861749
2068 3.755491
2069 3.628459
2070 3.487264
2071 3.654065
2072 3.365026
2073 3.868927
2074 3.756488
2075 3.814248
2076 3.786532
2077 3.731030
2078 3.697216
2079 3.677647
2080 3.944286
2081 3.963761
2082 3.569678
2083 3.438372
2084 3.789935
2085 5.341920
2086 3.655897
2087 3.912559
2088 3.740521
2089 3.720122
2090 3.498129
2091 3.641951
2092 3.836639
2093 3.721520
2094 3.644146
2095 3.639848
2096 3.838359
2097 3.886708
2098 3.768978
2099 3.255934
2100 3.724189
2101 3.752372
2102 3.630648
2103 4.049470
2104 3.937955
2105 3.942700
2106 3.640921
2107 3.747492
2108 3.433729
2109 3.772861
2110 3.693520
2111 3.634998
2112 3.778809
2113 3.889639
2114 3.892841
2115 3.628291
2116 3.717875
2117 3.957185
2118 3.677906
2119 3.848819
2120 3.807112
2121 3.900665
2122 3.781334
2123 3.573586
2124 3.887442
2125 3.612574
2126 3.726633
2127 3.614998
2128 3.851962
2129 3.848024
2130 3.754744
2131 3.731408
2132 3.882228
2133 3.769310
2134 3.842134
2135 3.951962
2136 3.889588
2137 3.679646
2138 3.753199
2139 3.475327
2140 3.721799
2141 3.734209
2142 3.461805
2143 3.451566
2144 3.710215
2145 3.633319
2146 3.831096
2147 3.691736
2148 3.938768
2149 3.850065
2150 3.763959
2151 3.761767
2152 3.856905
2153 5.610071
2154 4.994969
2155 3.520525
2156 3.509958
2157 3.845451
2158 3.757154
2159 3.791688
2160 5.165008
2161 3.667165
2162 3.580239
2163 3.812467
2164 3.772386
2165 3.774189
2166 3.806442
2167 3.713948
2168 3.709463
2169 3.847546
2170 3.698052
2171 3.740295
2172 3.700055
2173 3.663086
2174 3.799290
2175 3.754958
2176 3.770809
2177 3.933777
2178 3.682130
2179 3.675719
2180 3.575654
2181 3.991966
2182 3.612452
2183 3.687236
2184 3.646711
2185 3.361756
2186 3.593662
2187 3.837146
2188 3.107925
2189 3.605731
2190 3.553732
2191 3.938847
2192 3.656188
2193 3.862307
2194 3.655092
2195 3.655093
2196 3.947304
2197 3.434269
2198 3.221722
2199 3.535786
2200 3.857567
2201 3.823897
2202 3.427255
2203 3.643804
2204 3.750119
2205 3.711522
2206 3.802183
2207 3.747548
2208 3.270120
2209 3.690924
2210 3.901524
2211 3.070325
2212 3.535888
2213 3.115414
2214 3.877383
2215 3.867998
2216 3.248291
2217 3.844514
2218 3.949507
2219 3.690678
2220 3.568918
2221 3.500058
2222 3.833365
2223 3.594524
2224 3.762737
2225 3.152919
2226 3.703955
2227 3.674426
2228 4.002634
2229 3.786953
2230 3.755064
2231 3.608685
2232 3.605524
2233 3.747039
2234 3.552506
2235 3.698514
2236 3.827441
2237 3.616311
2238 3.429900
2239 3.511252
2240 3.834437
2241 3.875500
2242 3.584774
2243 3.600735
2244 3.909706
2245 3.798567
2246 3.542500
2247 3.742244
2248 3.817710
2249 3.608462
2250 3.492765
2251 3.549579
2252 3.388747
2253 3.424310
2254 3.814092
2255 3.720835
2256 3.900949
2257 3.760865
2258 3.791649
2259 3.914715
2260 3.722971
2261 3.772031
2262 3.857798
2263 3.690353
2264 3.829582
2265 3.852403
2266 3.673867
2267 3.567297
2268 3.146507
2269 3.578396
2270 3.823169
2271 3.561743
2272 3.545785
2273 3.732745
2274 3.643953
2275 3.525378
2276 3.738169
2277 3.526401
2278 3.677961
2279 3.867687
2280 4.017523
2281 3.595914
2282 3.793440
2283 3.949241
2284 3.697311
2285 3.832232
2286 3.765291
2287 3.693317
2288 3.534924
2289 3.784654
2290 3.511495
2291 3.554517
2292 3.884456
2293 3.746651
2294 3.892568
2295 3.543642
2296 3.860284
2297 3.785830
2298 3.775395
2299 3.613612
2300 3.818194
2301 3.781457
2302 3.734436
2303 3.955628
2304 3.776217
2305 3.948976
2306 3.828486
2307 3.774903
2308 3.849547
2309 3.664670
2310 3.726083
2311 3.572967
2312 3.929898
2313 3.927303
2314 3.734838
2315 3.804551
2316 4.002074
2317 3.818326
2318 3.976353
2319 3.705684
2320 3.714578
2321 3.849179
2322 3.873514
2323 3.493494
2324 3.717888
2325 3.821519
2326 3.653645
2327 3.874043
2328 3.649999
2329 3.778120
2330 3.250692
2331 3.613876
2332 3.662594
2333 3.728514
2334 3.689622
2335 3.606925
2336 3.656557
2337 3.672616
2338 3.954304
2339 3.784151
2340 3.795182
2341 3.786212
2342 3.718790
2343 3.728096
2344 3.670721
2345 3.875900
2346 3.516745
2347 3.017035
2348 3.371736
2349 3.979786
2350 3.691737
2351 3.586712
2352 3.491174
2353 3.765182
2354 3.726474
2355 3.240696
2356 4.084618
2357 3.866276
2358 3.382928
2359 3.660669
2360 3.923912
2361 3.948531
2362 3.840691
2363 3.867093
2364 3.530013
2365 3.078619
2366 3.834333
2367 3.908633
2368 3.463320
2369 3.630399
2370 3.394185
2371 3.908680
2372 3.686856
2373 3.882707
2374 3.831774
2375 3.766630
2376 3.852350
2377 3.733429
2378 3.642650
2379 3.902564
2380 3.611218
2381 3.264996
2382 3.511066
2383 3.874443
2384 3.787625
2385 3.586546
2386 3.578841
2387 3.468920
2388 3.450115
2389 3.490716
2390 3.586670
2391 3.418730
2392 3.594857
2393 3.506692
2394 3.555854
2395 3.495339
2396 3.864064
2397 3.806955
2398 3.685132
2399 3.325132
2400 3.766217
2401 3.488065
2402 3.664150
2403 3.783264
2404 3.793427
2405 3.779234
2406 3.539464
2407 3.758536
2408 3.761875
2409 3.851610
2410 3.710215
2411 3.698283
2412 3.861735
2413 3.736324
2414 3.632711
2415 3.678272
2416 3.964103
2417 3.618230
2418 3.614541
2419 3.478980
2420 3.683288
2421 3.586208
2422 3.761316
2423 3.507562
2424 3.990790
2425 3.969936
2426 3.734607
2427 3.870028
2428 3.975085
2429 3.533128
2430 3.849857
2431 3.830942
2432 3.566148
2433 3.311932
2434 3.142775
2435 3.601128
2436 3.414151
2437 3.784032
2438 3.529263
2439 3.432842
2440 3.506807
2441 3.832936
2442 3.551874
2443 3.791964
2444 3.736978
2445 3.756063
2446 3.647382
2447 3.691734
2448 3.667559
2449 3.711037
2450 3.874854
2451 3.664984
2452 3.693154
2453 3.342141
2454 3.648301
2455 3.909555
2456 3.732212
2457 3.864957
2458 3.767890
2459 3.794021
2460 3.599070
2461 3.653410
2462 3.587563
2463 3.097063
2464 3.410426
2465 3.477558
2466 3.591338
2467 3.839206
2468 3.590029
2469 3.939250
2470 3.876649
2471 3.756606
2472 3.844280
2473 3.391728
2474 3.765221
2475 3.904677
2476 3.502885
2477 3.707195
2478 3.726094
2479 3.638256
2480 3.791649
2481 3.789631
2482 3.756302
2483 3.920572
2484 3.390429
2485 3.881869
2486 3.699689
2487 4.348163
2488 3.462743
2489 3.669469
2490 3.752665
2491 3.691465
2492 3.802486
2493 3.705727
2494 3.687277
2495 3.822003
2496 3.184713
2497 3.921594
2498 3.287644
2499 3.467362
2500 3.796854
2501 3.607852
2502 3.582654
2503 3.641333
2504 3.972368
2505 3.700826
2506 3.596471
2507 3.756674
2508 3.650327
2509 3.549493
2510 3.441904
2511 3.477170
2512 3.793534
2513 3.976089
2514 3.188196
2515 3.868086
2516 3.500428
2517 3.790962
2518 3.109999
2519 3.559594
2520 3.579134
2521 3.639520
2522 3.348864
2523 3.457601
2524 3.666741
2525 3.703684
2526 3.440480
2527 3.757193
2528 3.622734
2529 3.746854
2530 3.632481
2531 3.654124
2532 3.973424
2533 3.627962
2534 3.467146
2535 3.689041
2536 4.790052
2537 3.889743
2538 3.817354
2539 3.621961
2540 3.792466
2541 3.738103
2542 4.004709
2543 3.782207
2544 3.678424
2545 3.659522
2546 3.947317
2547 3.778119
2548 3.865203
2549 3.758165
2550 3.762684
2551 3.916644
2552 3.699325
2553 3.905599
2554 3.822706
2555 3.849336
2556 3.741254
2557 3.819698
2558 5.079576
2559 4.464292
2560 4.284694
2561 5.063141
2562 4.713323
2563 3.687532
2564 3.516093
2565 3.919323
2566 3.876018
2567 3.893727
2568 3.736642
2569 3.922895
2570 3.807415
2571 3.602083
2572 3.872596
2573 3.687180
2574 3.966195
2575 3.631650
2576 3.631901
2577 3.618853
2578 3.577304
2579 3.754143
2580 3.875834
2581 3.727571
2582 3.594078
2583 3.612918
2584 3.645738
2585 3.669248
2586 3.952783
2587 3.937778
2588 3.828917
2589 3.847325
2590 3.580587
2591 3.123539
2592 3.612354
2593 3.785763
2594 3.952656
2595 3.619656
2596 3.745783
2597 3.798064
2598 3.659372
2599 3.242297
2600 3.890744
2601 3.788577
2602 3.711010
2603 3.733377
2604 3.753930
2605 3.706063
2606 3.692777
2607 3.474663
2608 3.735051
2609 3.606258
2610 3.675051
2611 3.784232
2612 3.347073
2613 3.858576
2614 3.368011
2615 3.146601
2616 3.771169
2617 3.945783
2618 3.726315
2619 3.787623
2620 3.740456
2621 3.569496
2622 3.903371
2623 3.809516
2624 3.974845
2625 3.876727
2626 3.731942
2627 3.565981
2628 3.870944
2629 3.917192
2630 3.815088
2631 3.687138
2632 3.759587
2633 3.692305
2634 3.875566
2635 3.656461
2636 3.632796
2637 3.759415
2638 3.699112
2639 3.726073
2640 3.843098
2641 3.561823
2642 4.116566
2643 3.874068
2644 3.742859
2645 3.857616
2646 3.846492
2647 3.993256
2648 3.605898
2649 3.611608
2650 3.686816
2651 5.033197
2652 3.828668
2653 3.817672
2654 3.671320
2655 3.730856
2656 3.627604
2657 3.774161
2658 3.736280
2659 3.768605
2660 3.803170
2661 3.661490
2662 3.945631
2663 3.937968
2664 3.805273
2665 3.701918
2666 3.760771
2667 3.998699
2668 3.921278
2669 3.658812
2670 3.828226
2671 3.834502
2672 3.918753
2673 3.701756
2674 3.635243
2675 3.746586
2676 3.675773
2677 3.722766
2678 3.626018
2679 3.635572
2680 3.603458
2681 3.934541
2682 3.760160
2683 3.401836
2684 4.098014
2685 3.617692
2686 3.621007
2687 3.940825
2688 3.814721
2689 3.786264
2690 3.575332
2691 3.794639
2692 4.045911
2693 3.776376
2694 4.008502
2695 3.625110
2696 3.820078
2697 3.425695
2698 3.642320
2699 3.583784
2700 3.959721
2701 3.697186
2702 3.811482
2703 3.485455
2704 3.602969
2705 3.948240
2706 5.683196
2707 5.605601
2708 5.025594
2709 4.950091
2710 4.935698
2711 5.941406
2712 4.441904
2713 5.329483
2714 5.074546
2715 5.531665
2716 3.679918
2717 3.324545
2718 3.647519
2719 3.542965
2720 3.749944
2721 3.488295
2722 3.468443
2723 3.212365
2724 3.376419
2725 3.594009
2726 3.574775
2727 3.759202
2728 3.678395
2729 3.508060
2730 3.993857
2731 3.806216
2732 3.713932
2733 3.616934
2734 3.923342
2735 3.634295
2736 3.793695
2737 3.795209
2738 3.638954
2739 3.834020
2740 3.778479
2741 3.857060
2742 3.771816
2743 3.469194
2744 3.983027
2745 3.639233
2746 3.760079
2747 3.709852
2748 3.741576
2749 3.758859
2750 3.776255
2751 3.568319
2752 3.667398
2753 3.515408
2754 3.767840
2755 3.912201
2756 3.610263
2757 3.826027
2758 4.054947
2759 3.329112
2760 3.679255
2761 3.765552
2762 3.820328
2763 3.738394
2764 3.766245
2765 3.993908
2766 3.494839
2767 3.603597
2768 3.833342
2769 3.881520
2770 3.659373
2771 3.924730
2772 3.617208
2773 3.623879
2774 3.605217
2775 3.941890
2776 3.628855
2777 3.308791
2778 3.768303
2779 3.786686
2780 3.323928
2781 3.645941
2782 3.740349
2783 3.785313
2784 3.705213
2785 3.685895
2786 3.825863
2787 3.828173
2788 3.765356
2789 3.870414
2790 3.955855
2791 3.587770
2792 3.578673
2793 3.774293
2794 3.578183
2795 3.719491
2796 3.191146
2797 3.639024
2798 3.265883
2799 3.186236
2800 3.173941
2801 3.818652
2802 3.714309
2803 3.816988
2804 3.835465
2805 3.910867
2806 3.763840
2807 3.605191
2808 3.531345
2809 3.866471
2810 3.528924
2811 3.219518
2812 3.632849
2813 3.796027
2814 3.612672
2815 3.802238
2816 3.295421
2817 3.870839
2818 3.782209
2819 3.544473
2820 3.869304
2821 3.652642
2822 3.343008
2823 3.367877
2824 3.869704
2825 3.815247
2826 3.743009
2827 3.391490
2828 3.596470
2829 3.626541
2830 3.438895
2831 3.581536
2832 4.011745
2833 3.722942
2834 3.347551
2835 3.668105
2836 3.217903
2837 3.521420
2838 3.394349
2839 3.620292
2840 3.751906
2841 3.370770
2842 3.615356
2843 3.855309
2844 3.512378
2845 3.761330
2846 3.870645
2847 3.392832
2848 3.516775
2849 3.503301
2850 3.666755
2851 3.506352
2852 3.997060
2853 3.745197
2854 3.441758
2855 3.340208
2856 3.504409
2857 3.926869
2858 3.286869
2859 3.519831
2860 3.775262
2861 3.665051
2862 3.720686
2863 3.862978
2864 3.498700
2865 3.817591
2866 3.828081
2867 3.975251
2868 3.654981
2869 3.404892
2870 3.362290
2871 3.817355
2872 3.514158
2873 3.436294
2874 3.482441
2875 3.708166
2876 3.584341
2877 3.659876
2878 3.835180
2879 3.203825
2880 5.051595
2881 5.741391
2882 5.513203
2883 5.004376
2884 4.981497
2885 4.787587
2886 4.823830
2887 3.789988
2888 4.005363
2889 3.761171
2890 3.635602
2891 3.653232
2892 3.868551
2893 3.723089
2894 4.744533
2895 4.588856
2896 5.596805
2897 4.862017
2898 5.407418
2899 5.843492
2900 4.818061
2901 5.086983
2902 4.885982
2903 5.349730
2904 5.141097
2905 5.111897
2906 5.716897
2907 5.615950
2908 4.834471
2909 5.386520
2910 5.321023
2911 4.897438
2912 5.454621
2913 5.199595
2914 4.770754
2915 5.208093
2916 3.844230
2917 3.725426
2918 3.705820
2919 5.659753
2920 3.839625
2921 3.662980
2922 3.795705
2923 3.738676
2924 3.832768
2925 3.722876
2926 3.736120
2927 3.843500
2928 3.844214
2929 3.850218
2930 3.719705
2931 3.721935
2932 3.751879
2933 3.721519
2934 3.845543
2935 3.728175
2936 3.687138
2937 3.744036
2938 3.163178
2939 3.520241
2940 3.618729
2941 3.723130
2942 3.776000
2943 3.657363
2944 3.617929
2945 3.422893
2946 3.738420
2947 3.653669
2948 3.670830
2949 3.510329
2950 3.681046
2951 3.552815
2952 3.931485
2953 3.602624
2954 3.680504
2955 3.653219
2956 3.573793
2957 3.513533
2958 3.812795
2959 3.454344
2960 3.561867
2961 3.876919
2962 3.876299
2963 3.689161
2964 3.792426
2965 3.565236
2966 3.627037
2967 3.713626
2968 3.906482
2969 3.824211
2970 3.811064
2971 3.689298
2972 3.712170
2973 3.439245
2974 3.944057
2975 3.558498
2976 3.518153
2977 3.814565
2978 3.819043
2979 3.675363
2980 3.686219
2981 3.712479
2982 3.899809
2983 3.707143
2984 3.626308
2985 3.667480
2986 3.600904
2987 4.117512
2988 3.693320
2989 3.576325
2990 3.811379
2991 3.651973
2992 4.043142
2993 3.840259
2994 3.722606
2995 3.732908
2996 3.484565
2997 3.617541
2998 3.869911
2999 3.995710
3000 3.774122
3001 3.637388
3002 3.630236
3003 4.112140
3004 3.656160
3005 3.714703
3006 3.901833
3007 3.983228
3008 3.589817
3009 3.745544
3010 3.920481
3011 4.084911
3012 3.763682
3013 3.942919
3014 3.874611
3015 3.406497
3016 3.575656
3017 3.774084
3018 3.403367
3019 3.396749
3020 3.746586
3021 3.874093
3022 3.781258
3023 3.622774
3024 3.528697
3025 3.609378
3026 3.636770
3027 3.390294
3028 3.773393
3029 3.559971
3030 3.857796
3031 3.901962
3032 3.513530
3033 3.644365
3034 3.819347
3035 4.035654
3036 3.698823
3037 3.768793
3038 3.835428
3039 3.574494
3040 3.604247
3041 3.772918
3042 3.883106
3043 3.873744
3044 3.765819
3045 3.691315
3046 3.970352
3047 3.637446
3048 3.548365
3049 4.026052
3050 3.684416
3051 3.757619
3052 3.711953
3053 3.794325
3054 3.434327
3055 3.765877
3056 3.802143
3057 3.908224
3058 3.768779
3059 3.805798
3060 3.918636
3061 3.741459
3062 3.788046
3063 3.628416
3064 3.619185
3065 3.592784
3066 3.967192
3067 3.599195
3068 3.776427
3069 3.627698
3070 3.748729
3071 3.261456
3072 3.835075
3073 3.754143
3074 3.781192
3075 3.708517
3076 3.851273
3077 3.599030
3078 4.022810
3079 3.856668
3080 3.821858
3081 3.788800
3082 3.737058
3083 3.821739
3084 3.633442
3085 3.675786
3086 3.606273
3087 3.624761
3088 3.502156
3089 3.753972
3090 3.764531
3091 3.778611
3092 3.714416
3093 3.688360
3094 3.510284
3095 3.832206
3096 3.599361
3097 3.873502
3098 3.736283
3099 3.870298
3100 3.888059
3101 3.869302
3102 3.612881
3103 3.627424
3104 3.760346
3105 3.692385
3106 3.893712
3107 3.730229
3108 3.608852
3109 3.527011
3110 3.872325
3111 3.317664
3112 3.771165
3113 3.605550
3114 3.760534
3115 3.686301
3116 4.048876
3117 3.670829
3118 3.560128
3119 3.432259
3120 3.872584
3121 3.454072
3122 3.472536
3123 3.596748
3124 3.709406
3125 3.983441
3126 3.664480
3127 3.820131
3128 3.807756
3129 3.742580
3130 3.404909
3131 3.693969
3132 3.467419
3133 3.591366
3134 3.575373
3135 3.503612
3136 3.800658
3137 3.925825
3138 3.726809
3139 3.764640
3140 3.822643
3141 3.689024
3142 3.790911
3143 3.645723
3144 3.547363
3145 3.634126
3146 3.304859
3147 3.462876
3148 3.781811
3149 3.699202
3150 3.625284
3151 5.794392
3152 5.650752
3153 3.726835
3154 3.597750
3155 3.663959
3156 3.738731
3157 3.865384
3158 3.548042
3159 3.608129
3160 3.626596
3161 3.914768
3162 3.771765
3163 3.710781
3164 3.425697
3165 3.576045
3166 3.649631
3167 3.618577
3168 3.756035
3169 3.988497
3170 3.997539
3171 3.898578
3172 3.914740
3173 3.664001
3174 3.706766
3175 3.640702
3176 3.661965
3177 3.875383
3178 3.733950
3179 3.684696
3180 3.497399
3181 3.933054
3182 3.783253
3183 3.933155
3184 3.801641
3185 3.854929
3186 3.720109
3187 3.961089
3188 3.659797
3189 3.760240
3190 3.781969
3191 3.870841
3192 3.798077
3193 3.840703
3194 3.894135
3195 3.686869
3196 4.023665
3197 3.900873
3198 3.465252
3199 3.553789
3200 3.766166
3201 3.635451
3202 3.646383
3203 3.541723
3204 3.621615
3205 3.609227
3206 3.572687
3207 3.720726
3208 3.783927
3209 3.523110
3210 3.879833
3211 3.977034
3212 3.419326
3213 3.702823
3214 3.814158
3215 3.866951
3216 3.722178
3217 3.773870
3218 3.959810
3219 3.712963
3220 3.819188
3221 3.826448
3222 3.862927
3223 3.845726
3224 3.874455
3225 3.747574
3226 3.367700
3227 3.752905
3228 3.857486
3229 3.627713
3230 3.448797
3231 3.663838
3232 3.752559
3233 3.649122
3234 3.623715
3235 3.841275
3236 3.777368
3237 3.559636
3238 3.323672
3239 3.480762
3240 3.264015
3241 3.671784
3242 4.094800
3243 3.626155
3244 3.728457
3245 3.657405
3246 3.450348
3247 3.795077
3248 3.866640
3249 3.777526
3250 3.745251
3251 3.558498
3252 3.573011
3253 3.497284
3254 4.056279
3255 3.804118
3256 3.709840
3257 4.070799
3258 3.621009
3259 3.757671
3260 3.719703
3261 3.492650
3262 3.749175
3263 3.732038
3264 3.781336
3265 3.380813
3266 3.018824
3267 3.641650
3268 3.898783
3269 3.927824
3270 3.773975
3271 3.862928
3272 3.707641
3273 3.619477
3274 3.899358
3275 3.682620
3276 3.598751
3277 3.683625
3278 3.607853
3279 3.735801
3280 3.868087
3281 3.597860
3282 3.785619
3283 3.577977
3284 3.690341
3285 3.564985
3286 3.697378
3287 3.756649
3288 3.335115
3289 3.583699
3290 3.498357
3291 3.757939
3292 3.772598
3293 3.639522
3294 3.439841
3295 3.773617
3296 3.817960
3297 3.722662
3298 3.533087
3299 3.819973
3300 6.638963
3301 5.942843
3302 6.442019
3303 5.494709
3304 7.338597
3305 5.218582
3306 5.911264
3307 5.641862
3308 3.598389
3309 3.995310
3310 3.775262
3311 3.796868
3312 3.875114
3313 3.812376
3314 3.597290
3315 3.850610
3316 3.710337
3317 3.829582
3318 3.838619
3319 3.770731
3320 3.720148
3321 3.803761
3322 3.640729
3323 3.768315
3324 3.740615
3325 3.990225
3326 4.023198
3327 3.776494
3328 3.641387
3329 3.708880
3330 3.662239
3331 3.785130
3332 3.987957
3333 3.795008
3334 3.635191
3335 3.667778
3336 3.619751
3337 3.891838
3338 3.592617
3339 3.818522
3340 3.890308
3341 3.840640
3342 3.540437
3343 3.733108
3344 3.814040
3345 3.503969
3346 3.754715
3347 3.652670
3348 3.471094
3349 3.801395
3350 3.711926
3351 3.612561
3352 3.549268
3353 3.546507
3354 3.907046
3355 3.666347
3356 3.535465
3357 3.695916
3358 3.620347
3359 3.843658
3360 3.562387
3361 3.307356
3362 3.666072
3363 3.557614
3364 3.629326
3365 3.239027
3366 3.709906
3367 3.786516
3368 3.581200
3369 3.750650
3370 3.777684
3371 3.718951
3372 3.705535
3373 3.594912
3374 3.686814
3375 3.463655
3376 3.797487
3377 3.744555
3378 3.349240
3379 3.649794
3380 3.844282
3381 3.910818
3382 3.813922
3383 3.817881
3384 3.813201
3385 3.540932
3386 3.765701
3387 3.716637
3388 3.640921
3389 3.545941
3390 3.803695
3391 3.797656
3392 3.755224
3393 3.315707
3394 3.587341
3395 3.680192
3396 3.645504
3397 3.429885
3398 3.646928
3399 3.368367
3400 3.515081
3401 3.615883
3402 3.597817
3403 3.748188
3404 3.763364
3405 3.615428
3406 3.708718
3407 3.470878
3408 3.598303
3409 3.677320
3410 3.680705
3411 3.674167
3412 3.449549
3413 3.748319
3414 3.774650
3415 3.664656
3416 3.693821
3417 3.931791
3418 3.822733
3419 3.773354
3420 3.652644
3421 3.642126
3422 3.662827
3423 3.562541
3424 3.909206
3425 3.492336
3426 3.710123
3427 3.801920
3428 3.706184
3429 3.655324
3430 3.690746
3431 3.722485
3432 3.966874
3433 3.888083
3434 3.634611
3435 3.535917
3436 3.355203
3437 4.014238
3438 3.652194
3439 3.863689
3440 5.666682
3441 3.731219
3442 5.396647
3443 5.861108
3444 6.203680
3445 3.550028
3446 3.681561
3447 3.572382
3448 3.506480
3449 3.900949
3450 3.878196
3451 3.627960
3452 3.773873
3453 3.577304
3454 3.739532
3455 3.725600
3456 3.654491
3457 3.755074
3458 3.860271
3459 4.031920
3460 3.765672
3461 3.456255
3462 3.600919
3463 3.342021
3464 3.755226
3465 3.633911
3466 3.993494
3467 3.760345
3468 3.561291
3469 3.761064
3470 3.480777
3471 3.684210
3472 3.500484
3473 3.775356
3474 3.870620
3475 3.663562
3476 3.536890
3477 3.838295
3478 3.580223
3479 3.630153
3480 3.747573
3481 3.712438
3482 4.041136
3483 4.028971
3484 3.907758
3485 3.747759
3486 3.856710
3487 3.880594
3488 3.506564
3489 3.679350
3490 3.810064
3491 3.891017
3492 3.618701
3493 3.902536
3494 3.698621
3495 3.904190
3496 3.578296
3497 3.711401
3498 3.710203
3499 3.824280
3500 3.849430
3501 3.728391
3502 3.782143
3503 5.621503
3504 3.606146
3505 3.721964
3506 3.789327
3507 3.384714
3508 3.649026
3509 3.965056
3510 3.565642
3511 3.726848
3512 3.848767
3513 3.708557
3514 3.829228
3515 3.763242
3516 3.566876
3517 3.899616
3518 3.375826
3519 3.719366
3520 3.938605
3521 3.687749
3522 3.556557
3523 3.653016
3524 3.547971
3525 3.538177
3526 3.629007
3527 3.826017
3528 3.706980
3529 3.669442
3530 3.738208
3531 3.758911
3532 4.135600
3533 3.323914
3534 3.730335
3535 3.661391
3536 3.704512
3537 3.588271
3538 3.880669
3539 3.704348
3540 3.795972
3541 3.586196
3542 3.979424
3543 3.398913
3544 3.626720
3545 3.541480
3546 3.880337
3547 3.322664
3548 3.674356
3549 3.436772
3550 3.652874
3551 3.893149
3552 3.640684
3553 3.750679
3554 3.496583
3555 3.728673
3556 3.692400
3557 3.732640
3558 3.826331
3559 3.803606
3560 3.678669
3561 3.551297
3562 3.912148
3563 3.657500
3564 3.782963
3565 3.775115
3566 3.396794
3567 3.672669
3568 3.741473
3569 4.085695
3570 3.917562
3571 3.635422
3572 3.988018
3573 3.842370
3574 3.871461
3575 3.839595
3576 3.708287
3577 3.805731
3578 3.808424
3579 3.901807
3580 4.064641
3581 3.683232
3582 3.579791
3583 4.156548
3584 3.566554
3585 3.410589
3586 3.685729
3587 3.112714
3588 3.509272
3589 3.710985
3590 3.692762
3591 3.570769
3592 3.911700
3593 3.953151
3594 3.753439
3595 3.689471
3596 3.767080
3597 3.804157
3598 3.802960
3599 3.697944
3600 3.759108
3601 3.784205
3602 3.739172
3603 3.559791
3604 3.677198
3605 3.582206
3606 3.659646
3607 3.803604
3608 3.593035
3609 3.680911
3610 3.773779
3611 3.704200
3612 3.855879
3613 3.780558
3614 3.831151
3615 3.686990
3616 3.720685
3617 3.470100
3618 3.674319
3619 3.558386
3620 3.568475
3621 3.638626
3622 3.655818
3623 3.678560
3624 3.898141
3625 3.957601
3626 3.879087
3627 3.679634
3628 3.050803
3629 3.674971
3630 3.734676
3631 4.077807
3632 3.781614
3633 3.623714
3634 3.680339
3635 3.670097
3636 3.644077
3637 4.010163
3638 3.934067
3639 3.781426
3640 3.874144
3641 3.869704
3642 3.726595
3643 3.684250
3644 3.819556
3645 3.615894
3646 3.875372
3647 3.749318
3648 3.723720
3649 3.760893
3650 3.739574
3651 4.092662
3652 3.832138
3653 3.932814
3654 3.749855
3655 3.724406
3656 3.980992
3657 3.639450
3658 3.828147
3659 3.820657
3660 3.881776
3661 3.764478
3662 3.555251
3663 3.697244
3664 3.722929
3665 3.285772
3666 3.860389
3667 3.621892
3668 3.587381
3669 3.501599
3670 3.594551
3671 3.463984
3672 3.920470
3673 3.868448
3674 3.693967
3675 3.581031
3676 3.708274
3677 3.826603
3678 3.930929
3679 4.228109
3680 3.804417
3681 3.678435
3682 3.754065
3683 3.438052
3684 3.894279
3685 3.662364
3686 3.903987
3687 3.700621
3688 3.706131
3689 3.476363
3690 3.435769
3691 3.923229
3692 3.835022
3693 3.639906
3694 3.555237
3695 3.597960
3696 3.597360
3697 3.973526
3698 4.123044
3699 3.941016
3700 3.733550
3701 3.493966
3702 3.919795
3703 3.609211
3704 3.730790
3705 3.730108
3706 3.919042
3707 3.763085
3708 3.822917
3709 3.689255
3710 3.865723
3711 3.786529
3712 3.913323
3713 3.696309
3714 3.848454
3715 3.699000
3716 3.839192
3717 3.776071
3718 3.979046
3719 3.716962
3720 3.590851
3721 3.835688
3722 3.790092
3723 3.577067
3724 3.680244
3725 3.670461
3726 3.892251
3727 3.834123
3728 3.755847
3729 3.904051
3730 3.934299
3731 3.590112
3732 3.676750
3733 3.740508
3734 3.811588
3735 3.781151
3736 3.801133
3737 3.897037
3738 3.791068
3739 3.799105
3740 3.387152
3741 3.784995
3742 3.838867
3743 3.760613
3744 3.467003
3745 3.370862
3746 3.905252
3747 3.670054
3748 3.780687
3749 3.753147
3750 3.696281
3751 3.668322
3752 3.837721
3753 3.977564
3754 3.753743
3755 3.642113
3756 3.680598
3757 3.586252
3758 3.800805
3759 3.923313
3760 3.484179
3761 3.689782
3762 3.959912
3763 3.615216
3764 3.836391
3765 3.799222
3766 3.825089
3767 3.575948
3768 3.776305
3769 3.769799
3770 3.745745
3771 3.847129
3772 3.814053
3773 3.721827
3774 3.735813
3775 3.637639
3776 3.800856
3777 3.812899
3778 3.464940
3779 3.714268
3780 3.750323
3781 3.456502
3782 3.576214
3783 3.791108
3784 3.945605
3785 3.694131
3786 3.749857
3787 3.619351
3788 3.987844
3789 3.570336
3790 3.593450
3791 3.438575
3792 3.500358
3793 3.835975
3794 3.506179
3795 3.756954
3796 3.495642
3797 3.680736
3798 3.640796
3799 3.701758
3800 3.775117
3801 3.784626
3802 3.724124
3803 3.794775
3804 3.876659
3805 3.577515
3806 3.840428
3807 3.637333
3808 3.649931
3809 3.742006
3810 3.644258
3811 3.786052
3812 3.322681
3813 3.861734
3814 3.690341
3815 3.728819
3816 3.694387
3817 3.880968
3818 3.681658
3819 3.781020
3820 3.199219
3821 3.676016
3822 3.737940
3823 3.752185
3824 3.678805
3825 3.619309
3826 3.769958
3827 3.668173
3828 3.503098
3829 3.663359
3830 3.656744
3831 3.933344
3832 3.561318
3833 3.712654
3834 3.666074
3835 3.531713
3836 3.629615
3837 3.886464
3838 3.713369
3839 3.821599
3840 3.899755
3841 3.816297
3842 3.792493
3843 3.662797
3844 3.944084
3845 3.750812
3846 3.440974
3847 3.575835
3848 3.871706
3849 3.461836
3850 3.645999
3851 3.270980
3852 3.577289
3853 3.718670
3854 3.235862
3855 3.295223
3856 3.733642
3857 3.346566
3858 3.602512
3859 4.058535
3860 3.348508
3861 3.407435
3862 3.600182
3863 3.433104
3864 3.423797
3865 3.404585
3866 3.307899
3867 4.018535
3868 3.624499
3869 3.282011
3870 3.327672
3871 3.686490
3872 3.853361
3873 3.425348
3874 3.656583
3875 3.777803
3876 3.630138
3877 3.956314
3878 3.680953
3879 3.756954
3880 4.019091
3881 3.831630
3882 3.725505
3883 3.891186
3884 3.588063
3885 3.843059
3886 3.821047
3887 3.665734
3888 3.714661
3889 3.768208
3890 3.724702
3891 3.907556
3892 3.792070
3893 3.646096
3894 3.830522
3895 3.562582
3896 3.741094
3897 3.582582
3898 3.679960
3899 3.635382
3900 3.781176
3901 3.794537
3902 3.847404
3903 3.885318
3904 3.560282
3905 3.487046
3906 3.789262
3907 3.659658
3908 3.804905
3909 3.524966
3910 3.632231
3911 3.484782
3912 3.551648
3913 3.787627
3914 3.487492
3915 4.040754
3916 3.884328
3917 3.736123
3918 3.677933
3919 4.059813
3920 3.361457
3921 3.715023
3922 3.598235
3923 3.795485
3924 5.565349
3925 3.786001
3926 3.562726
3927 3.807822
3928 3.885628
3929 3.970101
3930 3.787164
3931 3.208036
3932 3.707747
3933 3.906122
3934 3.663235
3935 3.833823
3936 3.552378
3937 3.938297
3938 3.906624
3939 3.635835
3940 3.488080
3941 3.709125
3942 3.541947
3943 3.506366
3944 3.971460
3945 3.525535
3946 3.890373
3947 3.529052
3948 3.545997
3949 3.465618
3950 3.854686
3951 3.785789
3952 3.859781
3953 3.770479
3954 3.666553
3955 3.540958
3956 3.754719
3957 3.630250
3958 3.745531
3959 3.829949
3960 4.007405
3961 3.928524
3962 3.726635
3963 3.810853
3964 3.810169
3965 3.809120
3966 3.678776
3967 3.758910
3968 3.792243
3969 3.564394
3970 3.725279
3971 3.797170
3972 3.714187
3973 3.323627
3974 3.772402
3975 3.568893
3976 3.987858
3977 3.941877
3978 3.926602
3979 3.771925
3980 3.565879
3981 3.719625
3982 3.510983
3983 3.762085
3984 3.836977
3985 3.803499
3986 3.730591
3987 3.630289
3988 3.857695
3989 3.840846
3990 3.834400
3991 3.837981
3992 3.946910
3993 3.535380
3994 3.793387
3995 3.783201
3996 3.864010
3997 3.726954
3998 3.502583
3999 3.607477
4000 3.774788
4001 3.786409
4002 3.842098
4003 3.683652
4004 3.748346
4005 3.717891
4006 3.785158
4007 3.896717
4008 4.076530
4009 3.821389
4010 3.767256
4011 3.885576
4012 3.889438
4013 3.820329
4014 3.858704
4015 3.684482
4016 3.962461
4017 3.802987
4018 3.735250
4019 3.756526
4020 3.661188
4021 4.145479
4022 4.131698
4023 3.823111
4024 3.849128
4025 3.625879
4026 3.754158
4027 3.647835
4028 3.926741
4029 3.900333
4030 3.606687
4031 3.785127
4032 3.789418
4033 3.589890
4034 3.531003
4035 3.601403
4036 3.879755
4037 3.718791
4038 3.732383
4039 3.490487
4040 3.615676
4041 3.506180
4042 3.787375
4043 3.798432
4044 3.751519
4045 3.824199
4046 3.779035
4047 3.692845
4048 3.637665
4049 3.567323
4050 3.740935
4051 3.865925
4052 4.132155
4053 3.604902
4054 3.784441
4055 3.667765
4056 3.715817
4057 3.870842
4058 3.705900
4059 3.989358
4060 3.688848
4061 3.606231
4062 3.747865
4063 3.802868
4064 3.490457
4065 3.894884
4066 4.046603
4067 3.525976
4068 3.898640
4069 3.652191
4070 3.693356
4071 3.677254
4072 3.694360
4073 3.752771
4074 3.935990
4075 3.752666
4076 3.704120
4077 3.774707
4078 3.900129
4079 3.654711
4080 3.701485
4081 4.157513
4082 3.771924
4083 3.756712
4084 3.765382
4085 3.982688
4086 3.583379
4087 3.617622
4088 3.533413
4089 3.702285
4090 3.817407
4091 3.638159
4092 3.543813
4093 3.690651
4094 3.547366
4095 3.869652
4096 3.821742
4097 3.715075
4098 3.821346
4099 3.797908
4100 3.899449
4101 3.723039
4102 3.727990
4103 3.511068
4104 3.737605
4105 3.527011
4106 3.931946
4107 3.714755
4108 3.771817
4109 3.839805
4110 3.669143
4111 3.714377
4112 3.578269
4113 3.686856
4114 3.739906
4115 3.712332
4116 3.740175
4117 3.875643
4118 3.422410
4119 3.700945
4120 3.803026
4121 3.786304
4122 3.864361
4123 3.706209
4124 3.709054
4125 3.680084
4126 3.553745
4127 3.928321
4128 3.579552
4129 3.818271
4130 3.625728
4131 3.577850
4132 3.858496
4133 3.706818
4134 3.701637
4135 3.685039
4136 3.784614
4137 3.529559
4138 3.659863
4139 3.599446
4140 3.926450
4141 3.684086
4142 3.662596
4143 3.779552
4144 3.642762
4145 3.826694
4146 3.608807
4147 3.964266
4148 3.672941
4149 3.899564
4150 3.851414
4151 3.741615
4152 3.950823
4153 3.849948
4154 5.003440
4155 4.129613
4156 3.544249
4157 3.589681
4158 3.914741
4159 3.531204
4160 3.840559
4161 3.753373
4162 3.696809
4163 3.942766
4164 3.601236
4165 3.632751
4166 3.575782
4167 3.611566
4168 3.750905
4169 3.662921
4170 3.590181
4171 3.646986
4172 4.053690
4173 3.613670
4174 3.663333
4175 3.884662
4176 3.750481
4177 3.727226
4178 3.870219
4179 3.592575
4180 3.769522
4181 3.734609
4182 3.615216
4183 3.653722
4184 3.623727
4185 3.664902
4186 3.697213
4187 3.542398
4188 3.632384
4189 3.878309
4190 3.838033
4191 3.931233
4192 3.776786
4193 3.663486
4194 3.721574
4195 3.492362
4196 3.560379
4197 3.720673
4198 3.746744
4199 3.539322
4200 3.677446
4201 3.662035
4202 3.862810
4203 3.810420
4204 3.926233
4205 3.907836
4206 3.943842
4207 3.538052
4208 3.881688
4209 3.784429
4210 3.726391
4211 3.765676
4212 3.800487
4213 3.712600
4214 3.605246
4215 3.579022
4216 3.764307
4217 3.777857
4218 3.795380
4219 3.693481
4220 3.734207
4221 3.767507
4222 3.666456
4223 3.728432
4224 3.630029
4225 3.858159
4226 3.971980
4227 3.814629
4228 3.610473
4229 3.665815
4230 3.722083
4231 3.717712
4232 3.773024
4233 3.887557
4234 3.767241
4235 3.983239
4236 3.610346
4237 3.575038
4238 3.868902
4239 3.681156
4240 3.845853
4241 3.829740
4242 3.743982
4243 3.668871
4244 3.832300
4245 3.818929
4246 3.875706
4247 3.834713
4248 3.898654
4249 3.766909
4250 3.860440
4251 3.865450
4252 3.853896
4253 3.752146
4254 3.720833
4255 3.636331
4256 3.793308
4257 3.430174
4258 3.711953
4259 3.844591
4260 3.562036
4261 3.782594
4262 3.793535
4263 3.766113
4264 3.590794
4265 3.740106
4266 3.970518
4267 3.935215
4268 3.512405
4269 3.829217
4270 3.697648
4271 3.884647
4272 3.833222
4273 3.887799
4274 3.569061
4275 3.518835
4276 3.753213
4277 3.928028
4278 3.574646
4279 3.690665
4280 3.735144
4281 3.722043
4282 3.881042
4283 3.454806
4284 3.795405
4285 3.478909
4286 3.743218
4287 3.677637
4288 3.976330
4289 3.834280
4290 3.469497
4291 3.752944
4292 3.746691
4293 3.495166
4294 3.807624
4295 3.848143
4296 3.655544
4297 4.711867
4298 5.771965
4299 5.343614
4300 5.130946
4301 6.124553
4302 5.804672
4303 5.398277
4304 6.075640
4305 5.914845
4306 6.648497
4307 5.446596
4308 5.471307
4309 3.537147
4310 3.849077
4311 3.831477
4312 3.383031
4313 3.885459
4314 3.693426
4315 3.522996
4316 3.208270
4317 3.711147
4318 3.435651
4319 3.481207
4320 3.707574
4321 3.511211
4322 3.562724
4323 3.932289
4324 3.804549
4325 3.758325
4326 3.658386
4327 3.745090
4328 3.905381
4329 3.396437
4330 3.370118
4331 3.735585
4332 3.857694
4333 3.683694
4334 3.834030
4335 3.632918
4336 3.685731
4337 3.740308
4338 3.554631
4339 3.906943
4340 3.679197
4341 3.664068
4342 3.837473
4343 3.777421
4344 3.769695
4345 3.476564
4346 3.838502
4347 3.854272
4348 3.211637
4349 3.390471
4350 3.504354
4351 3.494826
4352 3.931589
4353 3.563456
4354 3.640676
4355 3.501885
4356 3.611467
4357 3.798695
4358 3.727963
4359 3.487278
4360 3.343487
4361 3.577794
4362 3.818297
4363 3.686855
4364 3.790408
4365 3.705619
4366 3.609018
4367 3.685405
4368 3.796523
4369 3.285865
4370 3.428789
4371 5.120546
4372 3.841212
4373 3.782619
4374 4.230707
4375 3.925162
4376 3.011330
4377 3.838085
4378 3.656308
4379 3.780265
4380 3.284403
4381 3.700554
4382 3.705050
4383 3.588052
4384 3.748575
4385 3.935606
4386 3.439608
4387 3.426183
4388 3.646325
4389 3.787055
4390 3.616657
4391 3.765647
4392 3.659220
4393 3.731138
4394 3.675104
4395 5.918869
4396 5.699132
4397 4.861521
4398 5.386991
4399 5.995265
4400 4.040446
4401 3.785314
4402 3.722420
4403 3.820341
4404 3.790686
4405 3.720429
4406 3.629560
4407 3.619794
4408 3.646449
4409 3.508188
4410 3.834005
4411 3.628526
4412 3.779604
4413 3.759215
4414 3.459681
4415 3.670683
4416 3.724782
4417 3.630497
4418 3.359910
4419 3.640234
4420 3.618079
4421 3.861620
4422 3.764545
4423 3.749451
4424 3.720294
4425 3.992218
4426 5.836316
4427 5.726996
4428 5.689464
4429 6.229165
4430 5.589827
4431 5.997499
4432 5.864009
4433 6.033720
4434 6.222743
4435 5.688806
4436 6.203619
4437 6.067933
4438 5.760878
4439 5.577715
4440 5.746329
4441 6.069834
4442 5.772703
4443 5.998449
4444 5.521494
4445 6.583175
4446 6.581101
4447 5.716994
4448 5.881675
4449 5.959243
4450 5.799673
4451 5.915954
4452 5.583172
4453 5.197768
4454 6.047430
4455 5.407643
4456 5.857356
4457 7.116053
4458 5.725286
4459 6.012684
4460 5.883951
4461 6.216262
4462 6.057111
4463 5.970015
4464 5.510409
4465 5.398110
4466 5.347470
4467 5.759344
4468 6.045240
4469 5.840714
4470 5.764702
4471 6.098465
4472 6.274909
4473 5.303602
4474 5.574614
4475 5.088210
4476 5.515224
4477 5.833584
4478 5.472459
4479 5.728873
4480 5.326708
4481 5.790388
4482 5.382583
4483 5.306837
4484 5.807659
4485 4.998609
4486 6.119616
4487 7.315095
4488 5.996091
4489 7.308829
4490 8.145219
4491 6.939746
4492 5.609332
4493 5.906317
4494 5.933430
4495 4.868161
4496 5.912742
4497 6.015628
4498 3.819699
4499 3.659083
4500 3.833042
4501 3.583698
4502 3.816910
4503 3.654286
4504 3.749572
4505 3.803119
4506 3.913119
4507 3.596458
4508 3.916696
4509 3.793270
4510 3.921249
4511 3.712640
4512 3.914703
4513 3.894252
4514 3.900884
4515 3.667834
4516 3.591183
4517 3.960709
4518 3.904599
4519 4.303060
4520 3.956084
4521 3.692805
4522 3.800816
4523 3.881687
4524 3.751640
4525 3.811417
4526 4.074077
4527 3.761928
4528 3.851702
4529 3.785262
4530 3.413622
4531 3.929924
4532 3.875990
4533 3.820589
4534 3.757738
4535 3.727050
4536 3.458239
4537 3.762700
4538 3.567477
4539 3.695256
4540 4.022450
4541 3.513419
4542 3.767147
4543 3.691978
4544 3.703051
4545 3.742311
4546 4.025791
4547 3.944109
4548 3.730872
4549 3.737459
4550 3.527521
4551 3.856191
4552 3.857950
4553 3.425289
4554 3.712708
4555 3.724312
4556 3.868564
4557 3.783769
4558 3.612435
4559 3.707356
4560 3.663346
4561 3.557866
4562 3.730011
4563 3.893750
4564 3.619256
4565 3.869535
4566 3.542570
4567 3.689459
4568 3.274202
4569 4.306797
4570 3.446418
4571 3.622832
4572 3.564069
4573 3.397264
4574 3.909042
4575 3.274110
4576 3.649343
4577 3.741229
4578 3.821177
4579 3.596333
4580 3.685673
4581 3.725399
4582 3.755050
4583 3.556530
4584 3.666200
4585 3.668134
4586 3.442222
4587 3.879897
4588 3.920829
4589 3.701160
4590 3.918189
4591 3.604109
4592 3.878660
4593 4.069646
4594 5.273255
4595 3.713677
4596 3.500988
4597 3.684210
4598 3.876327
4599 3.696011
4600 3.696945
4601 3.851570
4602 3.827871
4603 3.519573
4604 3.408389
4605 3.638393
4606 3.820432
4607 3.787585
4608 3.713340
4609 3.651821
4610 3.770092
4611 3.838933
4612 3.943057
4613 3.666825
4614 3.533230
4615 3.589137
4616 3.690094
4617 3.820811
4618 3.616477
4619 3.627934
4620 3.770689
4621 3.762701
4622 3.663945
4623 3.722715
4624 3.808542
4625 3.670382
4626 3.518993
4627 3.612313
4628 3.221307
4629 3.428643
4630 3.459046
4631 3.649918
4632 3.704674
4633 3.902410
4634 3.592898
4635 3.727105
4636 3.903704
4637 3.620097
4638 3.472664
4639 3.700513
4640 3.502513
4641 3.668419
4642 3.564000
4643 3.819871
4644 3.767029
4645 3.820327
4646 3.954972
4647 3.861685
4648 3.692559
4649 3.571752
4650 3.742341
4651 3.779060
4652 3.661544
4653 3.838554
4654 3.593467
4655 3.772453
4656 3.784298
4657 3.729772
4658 3.833146
4659 3.773633
4660 3.669960
4661 3.667235
4662 3.673391
4663 3.816293
4664 3.892674
4665 3.822603
4666 3.809315
4667 3.732425
4668 3.228390
4669 3.903037
4670 3.919157
4671 3.897357
4672 3.533851
4673 3.879136
4674 3.495840
4675 3.604083
4676 3.696404
4677 3.361340
4678 3.389719
4679 3.517583
4680 3.655873
4681 3.745783
4682 3.675325
4683 4.014350
4684 3.863273
4685 3.702134
4686 3.729370
4687 3.251217
4688 3.751653
4689 3.749399
4690 3.722126
4691 3.703093
4692 3.442456
4693 3.473529
4694 3.466425
4695 3.940319
4696 3.867157
4697 3.821347
4698 3.714796
4699 3.859092
4700 3.786606
4701 3.587575
4702 4.011258
4703 3.992854
4704 3.514212
4705 3.529831
4706 3.718306
4707 3.999373
4708 3.662786
4709 3.695538
4710 3.647726
4711 3.721153
4712 3.703095
4713 3.823624
4714 3.764185
4715 3.851673
4716 3.758217
4717 3.722403
4718 3.894728
4719 3.789734
4720 3.798291
4721 3.749385
4722 3.834829
4723 3.882189
4724 3.757287
4725 3.606840
4726 3.594065
4727 3.829844
4728 3.773766
4729 3.848819
4730 3.642501
4731 3.772295
4732 3.642485
4733 3.731984
4734 3.901552
4735 3.839023
4736 3.917808
4737 3.691844
4738 3.624418
4739 3.800605
4740 3.712425
4741 4.087370
4742 3.776891
4743 3.826146
4744 3.736161
4745 3.726098
4746 3.854311
4747 3.900218
4748 3.571906
4749 3.870605
4750 3.760599
4751 3.469265
4752 3.757126
4753 3.581565
4754 3.355787
4755 3.957992
4756 3.772120
4757 3.808425
4758 3.918635
4759 3.671103
4760 3.642940
4761 3.487938
4762 3.644350
4763 3.462442
4764 3.774467
4765 3.713556
4766 3.461516
4767 3.449087
4768 3.792123
4769 3.739666
4770 3.786779
4771 3.682621
4772 3.627685
4773 3.962767
4774 3.713179
4775 3.790173
4776 3.740175
4777 3.873783
4778 3.846504
4779 3.824803
4780 3.738904
4781 3.731837
4782 3.626527
4783 3.563510
4784 3.957905
4785 3.959292
4786 3.708436
4787 3.908222
4788 3.653299
4789 3.761980
4790 3.571415
4791 3.602682
4792 3.887119
4793 3.652328
4794 3.686366
4795 3.736766
4796 3.875372
4797 3.791821
4798 3.728833
4799 3.541482
4800 3.737767
4801 3.752998
4802 3.560183
4803 3.314907
4804 3.760121
4805 3.833065
4806 3.126677
4807 3.478436
4808 4.112578
4809 3.793745
4810 3.747935
4811 3.578015
4812 5.380733
4813 3.977185
4814 3.949783
4815 3.741912
4816 3.759403
4817 3.585988
4818 3.662581
4819 3.696080
4820 3.807176
4821 3.680775
4822 3.592952
4823 3.847284
4824 3.453247
4825 3.891747
4826 3.644956
4827 3.868412
4828 3.538771
4829 3.720807
4830 3.668650
4831 3.705685
4832 3.812058
4833 3.798645
4834 3.758470
4835 3.587436
4836 3.657118
4837 3.565248
4838 3.599834
4839 3.516860
4840 3.786794
4841 3.309942
4842 3.817891
4843 3.642102
4844 3.489440
4845 3.643927
4846 3.959621
4847 3.922386
4848 3.706263
4849 3.722122
4850 3.741150
4851 3.880436
4852 3.624649
4853 3.864723
4854 3.816202
4855 3.849327
4856 3.665636
4857 3.489386
4858 3.525465
4859 3.802775
4860 3.472131
4861 3.807125
4862 3.685729
4863 3.682798
4864 3.830262
4865 3.616422
4866 3.582902
4867 3.815416
4868 3.815575
4869 3.159417
4870 3.610888
4871 3.410410
4872 4.197726
4873 7.322658
4874 6.236827
4875 7.328088
4876 6.303403
4877 6.775464
4878 6.803351
4879 7.713847
4880 7.344889
4881 5.371525
4882 3.757195
4883 3.554786
4884 3.718467
4885 4.014314
4886 3.716087
4887 4.077389
4888 3.860427
4889 3.672684
4890 3.921809
4891 3.734073
4892 3.673607
4893 3.789909
4894 3.606508
4895 3.572241
4896 3.479913
4897 3.694981
4898 3.653027
4899 5.801084
4900 5.553289
4901 5.258413
4902 3.620082
4903 3.696892
4904 3.488051
4905 3.531132
4906 3.521521
4907 3.905136
4908 3.815090
4909 3.818075
4910 3.653229
4911 3.836247
4912 3.711711
4913 3.856048
4914 3.801118
4915 3.759067
4916 3.778847
4917 3.637471
4918 3.855088
4919 3.772982
4920 3.720404
4921 3.859666
4922 3.607464
4923 3.849428
4924 3.707869
4925 3.883928
4926 3.880220
4927 3.631060
4928 3.863949
4929 3.855829
4930 3.829216
4931 3.851456
4932 3.778545
4933 4.047035
4934 3.649794
4935 3.756835
4936 3.313865
4937 3.705401
4938 3.753092
4939 3.602014
4940 3.752481
4941 3.569088
4942 3.641993
4943 3.559732
4944 3.770120
4945 3.534134
4946 3.829806
4947 3.651384
4948 3.853765
4949 3.959937
4950 3.528668
4951 3.494795
4952 3.825324
4953 3.813213
4954 3.548648
4955 3.797645
4956 3.751627
4957 3.757375
4958 3.667982
4959 3.786570
4960 3.641239
4961 3.795735
4962 3.832310
4963 3.779763
4964 3.694387
4965 3.714983
4966 3.884237
4967 3.664325
4968 3.583182
4969 3.671540
4970 3.842097
4971 3.752250
4972 3.822278
4973 3.769990
4974 3.693708
4975 3.677892
4976 3.786368
4977 3.930713
4978 3.492120
4979 3.770158
4980 3.904265
4981 3.814510
4982 3.843670
4983 3.711188
4984 3.773938
4985 3.709569
4986 3.764598
4987 3.677541
4988 3.740067
4989 3.652477
4990 3.961387
4991 3.760811
4992 3.360744
4993 4.000637
4994 4.069273
4995 3.753732
4996 3.831673
4997 3.576869
4998 3.787045
4999 3.763656
5000 3.735291
5001 3.634202

