
0 3.857769
1 4.102341
2 3.757313
3 3.851583
4 3.810052
5 3.232553
6 3.713247
7 3.445199
8 3.958005
9 3.804064
10 3.538374
11 3.595636
12 3.506677
13 3.397733
14 3.178712
15 3.685228
16 3.500699
17 3.768662
18 3.534474
19 3.649523
20 3.795933
21 3.584929
22 3.753583
23 3.539845
24 3.972129
25 3.842565
26 3.621341
27 3.734433
28 3.928220
29 3.698351
30 3.828460
31 3.980716
32 3.702474
33 3.938897
34 3.525820
35 3.256639
36 3.503199
37 3.238533
38 3.288904
39 3.601305
40 3.402484
41 3.778109
42 3.467361
43 3.744194
44 3.718897
45 3.374820
46 3.394377
47 3.251723
48 3.299484
49 3.195170
50 3.668133
51 3.558988
52 3.210905
53 3.293069
54 3.255411
55 3.372061
56 3.290532
57 3.415466
58 3.273972
59 3.325778
60 3.439971
61 3.570826
62 3.201781
63 3.563343
64 3.361252
65 3.731836
66 3.788326
67 3.406934
68 3.745996
69 3.636658
70 3.881044
71 3.621616
72 3.813764
73 3.629835
74 3.458942
75 3.712965
76 3.509372
77 3.291884
78 3.708396
79 3.717567
80 3.693464
81 3.620470
82 3.847624
83 3.491147
84 3.667929
85 3.459726
86 3.316534
87 3.649398
88 3.166242
89 3.678557
90 3.565236
91 3.682419
92 3.548594
93 3.187303
94 3.524386
95 3.350778
96 3.324019
97 3.785380
98 3.353970
99 3.536298
100 3.373203
101 3.697284
102 3.500743
103 3.858560
104 3.733966
105 3.710283
106 3.712372
107 3.380342
108 3.464188
109 3.390235
110 3.019587
111 3.804430
112 3.949391
113 3.573515
114 3.851556
115 3.439261
116 3.918752
117 9.252378
118 7.325996
119 9.646528
120 6.044288
121 7.100223
122 4.643481
123 6.292871
124 7.336818
125 3.131549
126 3.552506
127 3.191959
128 3.689445
129 3.341466
130 3.391726
131 3.595638
132 3.230498
133 3.265623
134 3.632893
135 3.742380
136 3.395657
137 3.611842
138 6.369582
139 6.281826
140 5.851601
141 5.674337
142 6.414489
143 4.810520
144 5.427238
145 7.707620
146 5.193015
147 7.673490
148 7.470602
149 6.952164
150 4.768239
151 5.786130
152 4.052875
153 3.381791
154 3.539222
155 3.359315
156 3.779696
157 4.117123
158 3.375648
159 3.232660
160 3.110659
161 3.605191
162 3.146253
163 3.167603
164 3.224422
165 3.213859
166 3.129619
167 3.243470
168 3.802868
169 3.366957
170 3.380605
171 3.128802
172 3.193322
173 3.349657
174 3.438635
175 4.642822
176 3.795326
177 3.197156
178 3.573303
179 3.179183
180 3.210234
181 3.221644
182 3.045933
183 3.150572
184 3.158749
185 3.026996
186 4.891952
187 3.472492
188 3.373425
189 3.232738
190 3.202327
191 3.178318
192 3.299423
193 3.273039
194 3.159590
195 3.556682
196 3.150141
197 3.332537
198 3.178018
199 3.178946
200 3.991911
201 3.237950
202 3.140843
203 3.331020
204 3.172412
205 3.400543
206 3.277956
207 3.084997
208 3.236495
209 3.396248
210 3.983478
211 4.931714
212 5.928122
213 6.913314
214 5.823789
215 3.612354
216 3.772678
217 3.560084
218 3.602028
219 3.624818
220 3.544475
221 3.635341
222 3.742956
223 3.882757
224 3.793337
225 3.680341
226 3.870517
227 3.613060
228 3.864790
229 3.778213
230 3.090065
231 3.449217
232 3.768409
233 3.714458
234 3.826566
235 3.806337
236 3.803603
237 3.971662
238 3.313413
239 3.788241
240 3.461012
241 3.802643
242 3.412887
243 3.542515
244 3.899680
245 3.750534
246 3.850235
247 3.419519
248 3.816977
249 3.707654
250 3.404629
251 3.744984
252 3.663251
253 3.893547
254 5.666127
255 3.827193
256 3.684793
257 3.685077
258 3.518253
259 3.538447
260 3.624059
261 3.505083
262 3.919106
263 3.768013
264 3.661884
265 3.723492
266 3.784627
267 3.066725
268 3.180566
269 3.398367
270 3.774929
271 3.475428
272 3.225182
273 3.277044
274 3.483402
275 3.759110
276 3.194040
277 3.330737
278 3.347613
279 3.709528
280 3.162846
281 3.304194
282 3.495324
283 3.893292
284 3.326800
285 3.099983
286 3.334080
287 3.062712
288 3.035078
289 3.607144
290 3.300317
291 3.551298
292 3.798882
293 3.099856
294 3.635864
295 3.311828
296 5.707241
297 4.774514
298 4.537180
299 5.685924
300 5.829869
301 6.178195
302 5.511531
303 6.148872
304 4.826518
305 4.530629
306 5.240181
307 6.529771
308 4.961149
309 4.495209
310 6.199588
311 4.361597
312 5.204853
313 7.646731
314 5.282886
315 5.868954
316 5.535322
317 5.092092
318 7.241083
319 6.973500
320 6.516464
321 5.381452
322 4.770943
323 6.098673
324 7.459935
325 4.989248
326 5.283543
327 5.365639
328 4.790793
329 6.834756
330 5.006586
331 4.307865
332 4.799699
333 5.512549
334 5.742350
335 5.627840
336 5.751809
337 5.404322
338 5.081595
339 6.449877
340 5.087133
341 3.739104
342 3.544769
343 3.700244
344 3.522528
345 3.848715
346 4.385042
347 5.463070
348 5.156569
349 4.899367
350 5.524220
351 5.386103
352 5.884873
353 8.625137
354 4.232614
355 5.667460
356 5.374319
357 6.802858
358 6.104271
359 5.425872
360 5.234368
361 5.977250
362 3.573150
363 3.650068
364 3.775990
365 3.811011
366 3.805996
367 3.163857
368 3.783199
369 3.240216
370 3.172019
371 3.372653
372 3.519404
373 4.755850
374 3.814355
375 3.615701
376 3.894134
377 3.574982
378 3.723264
379 3.362529
380 3.334578
381 3.857187
382 3.610665
383 3.150270
384 3.597333
385 3.397601
386 3.366585
387 3.802748
388 3.672955
389 3.364952
390 3.655256
391 3.827663
392 3.738878
393 3.860011
394 3.905957
395 3.591183
396 3.645669
397 3.638902
398 3.680829
399 3.841172
400 3.679104
401 3.247170
402 3.626912
403 3.713771
404 3.781810
405 4.085596
406 5.169864
407 6.365423
408 3.970704
409 4.699001
410 5.982190
411 5.746306
412 3.362632
413 3.638764
414 4.546426
415 3.776189
416 3.572379
417 3.762407
418 5.366358
419 6.491887
420 6.389570
421 5.623959
422 5.744129
423 5.132455
424 6.697567
425 3.272140
426 3.709165
427 3.082888
428 3.054391
429 3.278597
430 3.809476
431 3.570405
432 3.835492
433 3.921199
434 3.608353
435 3.438909
436 3.420029
437 3.294768
438 3.551408
439 3.065291
440 3.769468
441 3.459667
442 3.705643
443 3.500869
444 3.487823
445 3.707614
446 3.279818
447 3.485412
448 3.594024
449 3.188621
450 3.671253
451 3.429884
452 3.397557
453 3.655805
454 3.798065
455 4.444300
456 3.767292
457 3.557864
458 3.214498
459 3.559045
460 3.071319
461 3.230743
462 3.903152
463 3.661093
464 3.731019
465 3.713085
466 3.588607
467 3.814054
468 3.838086
469 3.564827
470 3.691438
471 3.792426
472 3.315373
473 3.448189
474 3.273667
475 3.590793
476 3.692330
477 3.625065
478 3.184417
479 3.433555
480 3.304482
481 3.318810
482 3.790237
483 3.748746
484 4.295580
485 3.420907
486 3.844685
487 3.683654
488 3.756782
489 3.531642
490 3.826411
491 3.645999
492 3.370592
493 3.580348
494 3.864117
495 3.728885
496 3.687777
497 3.713059
498 3.805640
499 3.496655
500 3.749068
501 3.724380
502 3.303106
503 3.786887
504 3.441367
505 3.758272
506 3.628565
507 3.633304
508 3.413401
509 3.406127
510 3.546504
511 3.349704
512 3.921862
513 3.637871
514 3.850791
515 3.578410
516 3.652864
517 3.943679
518 3.554912
519 3.559283
520 3.427724
521 3.559676
522 3.761289
523 3.920779
524 3.808950
525 3.333557
526 3.942502
527 3.677243
528 5.535168
529 5.708494
530 3.900116
531 3.200546
532 3.725170
533 7.812723
534 6.422350
535 8.039267
536 8.007029
537 7.597936
538 6.624758
539 6.414381
540 8.259362
541 7.872192
542 8.438046
543 8.381009
544 5.690808
545 5.801275
546 3.689903
547 5.951639
548 5.632087
549 6.196846
550 6.773575
551 8.412040
552 8.713817
553 8.361683
554 8.041380
555 8.560224
556 8.265590
557 9.503421
558 8.215712
559 9.404217
560 9.343712
561 8.844039
562 8.980611
563 8.610889
564 8.005761
565 9.169297
566 7.691794
567 6.823351
568 5.882771
569 8.122618
570 8.371482
571 8.732664
572 7.726132
573 7.383535
574 5.374402
575 7.134719
576 7.350829
577 5.056996
578 7.736103
579 8.452649
580 5.673218
581 5.633799
582 5.090718
583 3.864544
584 3.907902
585 3.456717
586 3.698837
587 3.272461
588 3.578797
589 3.550365
590 3.819753
591 3.235274
592 3.239970
593 3.303346
594 3.433773
595 3.518080
596 3.803130
597 3.786939
598 3.821847
599 3.727385
600 3.341422
601 3.106783
602 3.323281
603 3.732894
604 3.918136
605 3.658481
606 3.252445
607 3.730711
608 3.372906
609 3.322966
610 3.688443
611 3.951024
612 3.882911
613 3.627134
614 3.648916
615 3.633924
616 4.008117
617 3.907954
618 3.815888
619 3.743661
620 3.977752
621 3.795787
622 3.894547
623 3.320994
624 3.678232
625 3.410310
626 3.586222
627 5.791113
628 5.936583
629 5.086648
630 5.910449
631 6.829604
632 5.515044
633 7.161746
634 6.854393
635 7.350849
636 7.721647
637 8.169173
638 7.426480
639 6.664316
640 7.329616
641 7.448897
642 6.024234
643 5.541913
644 6.085236
645 6.576101
646 6.041027
647 5.728395
648 5.438365
649 6.194588
650 5.659665
651 4.971530
652 5.826087
653 5.833508
654 5.136956
655 6.353284
656 6.265470
657 4.806175
658 7.353053
659 6.282207
660 5.385388
661 5.231625
662 4.313363
663 5.291560
664 5.068729
665 6.010231
666 6.032229
667 5.562958
668 5.938255
669 5.987680
670 5.847896
671 6.153163
672 5.881854
673 7.987022
674 7.113974
675 5.324228
676 7.107215
677 5.152523
678 5.877703
679 5.262833
680 7.221673
681 6.061698
682 6.378276
683 4.852401
684 6.806387
685 7.327872
686 6.223101
687 6.730900
688 6.455060
689 6.193626
690 5.742596
691 5.104371
692 4.009364
693 4.000824
694 5.825676
695 7.853622
696 6.393935
697 6.096516
698 5.999475
699 5.829391
700 7.945943
701 6.843413
702 5.856629
703 5.571516
704 6.781628
705 6.747237
706 5.095803
707 5.099430
708 5.006186
709 4.958910
710 5.160019
711 6.200913
712 4.723197
713 5.386364
714 3.451652
715 3.929746
716 3.653394
717 3.512239
718 3.918787
719 3.537840
720 3.859507
721 3.547069
722 3.857848
723 3.461994
724 3.580028
725 3.050820
726 3.440130
727 3.635023
728 3.266117
729 3.346653
730 3.092587
731 3.481451
732 3.495340
733 3.732909
734 3.524059
735 3.673215
736 3.408385
737 3.905176
738 3.546575
739 3.443111
740 3.704336
741 3.971664
742 3.376225
743 3.609073
744 3.458439
745 3.653136
746 3.859288
747 3.928819
748 5.224174
749 5.806245
750 7.632018
751 7.636787
752 5.073955
753 4.866559
754 5.489209
755 5.443291
756 6.030299
757 5.235658
758 2.977430
759 3.478593
760 3.719060
761 3.549354
762 3.513659
763 3.689051
764 3.526499
765 3.654285
766 3.406024
767 3.313866
768 3.381612
769 3.213612
770 3.431530
771 3.844918
772 5.630658
773 3.940928
774 3.300925
775 3.956880
776 3.221055
777 3.622831
778 3.678667
779 3.298259
780 3.178383
781 4.672966
782 6.738732
783 5.471132
784 6.165623
785 5.270333
786 6.349370
787 6.534674
788 7.879295
789 7.054631
790 7.238367
791 4.908829
792 3.676138
793 3.646081
794 6.172949
795 6.164416
796 3.680408
797 3.877771
798 3.452158
799 3.613336
800 3.933371
801 3.782195
802 3.566917
803 3.382160
804 3.150316
805 3.373708
806 3.857526
807 3.874337
808 3.785461
809 3.181006
810 3.924651
811 3.685270
812 3.697025
813 3.924807
814 3.662212
815 3.647546
816 3.627851
817 3.533455
818 3.587936
819 3.294812
820 3.516986
821 3.645573
822 5.304291
823 5.425091
824 6.599726
825 7.316653
826 6.541484
827 7.111926
828 6.113958
829 7.012931
830 6.297214
831 6.981618
832 6.426391
833 5.310349
834 7.020127
835 5.962628
836 3.586044
837 4.755817
838 3.769934
839 3.969041
840 3.593119
841 3.774653
842 3.803170
843 3.819124
844 3.967077
845 3.538940
846 7.494760
847 8.084590
848 4.855120
849 5.118147
850 5.107054
851 5.296621
852 7.416153
853 5.791166
854 7.038274
855 6.115996
856 4.903989
857 5.391790
858 6.079484
859 4.744937
860 6.400359
861 5.297754
862 5.095832
863 5.383763
864 5.823134
865 5.081792
866 3.641237
867 5.181322
868 3.324862
869 3.736924
870 3.489728
871 3.726043
872 3.630028
873 3.486518
874 3.579078
875 3.539081
876 3.359016
877 3.534219
878 3.500373
879 3.677077
880 3.358662
881 3.662977
882 3.715977
883 4.003911
884 3.634076
885 3.626060
886 3.746158
887 3.512349
888 3.771764
889 5.193661
890 4.911598
891 7.020124
892 7.525785
893 6.773427
894 8.520243
895 8.726158
896 8.613686
897 4.604485
898 3.580852
899 3.509089
900 3.789140
901 3.516774
902 3.734558
903 3.449551
904 3.504352
905 3.651985
906 3.656787
907 3.613173
908 3.690922
909 3.909487
910 3.553564
911 3.803894
912 3.872584
913 3.789472
914 3.795433
915 3.804274
916 3.642334
917 3.835897
918 3.768105
919 3.403719
920 3.526501
921 3.703094
922 3.373931
923 3.745143
924 3.814001
925 3.466771
926 3.409765
927 3.735466
928 3.823781
929 3.506424
930 3.628678
931 3.077890
932 3.560816
933 3.441875
934 3.961452
935 3.716677
936 3.365191
937 3.467349
938 3.735466
939 3.852269
940 3.741511
941 3.721572
942 3.455400
943 3.636812
944 3.470147
945 3.930217
946 3.755183
947 3.526471
948 3.794353
949 3.201049
950 3.459839
951 3.651055
952 3.933624
953 3.962791
954 3.789010
955 3.860492
956 3.764493
957 3.862770
958 3.656692
959 3.778599
960 3.437280
961 4.922945
962 3.840910
963 3.371735
964 3.366675
965 3.357887
966 3.679362
967 3.706011
968 3.858729
969 4.941956
970 5.156557
971 9.407741
972 9.242054
973 7.854635
974 7.523849
975 5.674099
976 5.601670
977 7.428474
978 8.002034
979 7.853771
980 6.251090
981 5.283152
982 6.601405
983 5.045107
984 6.918036
985 5.864547
986 5.485483
987 7.624841
988 7.456164
989 8.408246
990 8.394825
991 8.213002
992 8.020378
993 8.934303
994 7.985901
995 8.587071
996 5.376858
997 5.823470
998 6.818755
999 5.797629
1000 6.812972
1001 5.986303
1002 5.805559
1003 6.378678
1004 7.471514
1005 3.915661
1006 3.892184
1007 3.640686
1008 3.763056
1009 3.723250
1010 3.864519
1011 3.862824
1012 3.654887
1013 3.566889
1014 3.899860
1015 3.740842
1016 3.773273
1017 3.950697
1018 3.399616
1019 3.607673
1020 3.849196
1021 3.808372
1022 3.909245
1023 3.525422
1024 3.729569
1025 3.451026
1026 3.499628
1027 3.633745
1028 3.794852
1029 3.724487
1030 3.806335
1031 3.386018
1032 3.810632
1033 4.303780
1034 3.826620
1035 3.762139
1036 3.681152
1037 3.757273
1038 3.697512
1039 3.789712
1040 3.787599
1041 3.786466
1042 3.641608
1043 3.742781
1044 3.903769
1045 3.600108
1046 3.739492
1047 3.506608
1048 7.855803
1049 6.436563
1050 6.825269
1051 7.893033
1052 8.879538
1053 3.584201
1054 3.673977
1055 3.893482
1056 3.768635
1057 3.965854
1058 3.488124
1059 3.796036
1060 3.262116
1061 3.949151
1062 3.796498
1063 4.229479
1064 3.619171
1065 3.704349
1066 3.633852
1067 3.411774
1068 3.859663
1069 3.635495
1070 3.703105
1071 3.851573
1072 3.773091
1073 3.797327
1074 3.784467
1075 3.706062
1076 3.914461
1077 3.776148
1078 3.639933
1079 3.980692
1080 3.755983
1081 3.306555
1082 3.886541
1083 3.650026
1084 3.456068
1085 3.667275
1086 3.700637
1087 5.265141
1088 3.675607
1089 3.825519
1090 3.162229
1091 3.748985
1092 3.606676
1093 3.859443
1094 6.024326
1095 6.264127
1096 5.402084
1097 6.200654
1098 6.409969
1099 4.913501
1100 6.312891
1101 7.067278
1102 8.512914
1103 9.040189
1104 8.821191
1105 8.631603
1106 10.324483
1107 7.272675
1108 6.921076
1109 5.416625
1110 6.896101
1111 5.674486
1112 6.331959
1113 5.833128
1114 6.054164
1115 5.713685
1116 6.136212
1117 6.377094
1118 6.431129
1119 5.870758
1120 5.644557
1121 8.311406
1122 7.517688
1123 9.731695
1124 8.406302
1125 8.677131
1126 7.806192
1127 9.107212
1128 8.113428
1129 6.888039
1130 6.622697
1131 6.547281
1132 5.674884
1133 6.104561
1134 6.624299
1135 7.258249
1136 7.715913
1137 7.751770
1138 8.482860
1139 7.791566
1140 7.651457
1141 7.457814
1142 7.399804
1143 8.165836
1144 6.268191
1145 5.884164
1146 6.544112
1147 3.907032
1148 3.618702
1149 6.238376
1150 6.436435
1151 5.510045
1152 6.661963
1153 8.738107
1154 7.259645
1155 5.701379
1156 5.831811
1157 4.647624
1158 3.349553
1159 3.906177
1160 5.382945
1161 5.481186
1162 5.429338
1163 5.090698
1164 7.268165
1165 7.539376
1166 7.513463
1167 7.346524
1168 7.041882
1169 6.676549
1170 5.571302
1171 5.334924
1172 6.184263
1173 5.813859
1174 6.299653
1175 5.107973
1176 4.670396
1177 6.299981
1178 6.513879
1179 7.179387
1180 5.162953
1181 8.093418
1182 5.253847
1183 6.235809
1184 6.540764
1185 7.596328
1186 7.323353
1187 6.564304
1188 7.385236
1189 5.486110
1190 6.539600
1191 6.857770
1192 7.032961
1193 7.756475
1194 6.716889
1195 6.082507
1196 6.064141
1197 6.779308
1198 7.001815
1199 7.254985
1200 7.614900
1201 4.990902
1202 5.720788
1203 7.504388
1204 7.165039
1205 5.636292
1206 5.549794
1207 6.344516
1208 5.734930
1209 4.880061
1210 6.057534
1211 6.936353
1212 6.663347
1213 6.380683
1214 7.177534
1215 4.915487
1216 6.376976
1217 6.710515
1218 6.264257
1219 6.942055
1220 6.522241
1221 6.586129
1222 7.370767
1223 7.249237
1224 6.745087
1225 5.087121
1226 7.113791
1227 6.737611
1228 6.448773
1229 5.089539
1230 5.374433
1231 4.979570
1232 6.002007
1233 5.633554
1234 5.561924
1235 5.577688
1236 7.034188
1237 6.212601
1238 5.672865
1239 5.703782
1240 4.676463
1241 7.416219
1242 6.929338
1243 6.916979
1244 5.041392
1245 6.958121
1246 6.615882
1247 7.480948
1248 5.670927
1249 5.012084
1250 4.836475
1251 6.736068
1252 5.427865
1253 6.404950
1254 5.592468
1255 5.106936
1256 5.223208
1257 7.644207
1258 6.392418
1259 5.085457
1260 6.597149
1261 6.595554
1262 6.396545
1263 5.791933
1264 6.090434
1265 5.664513
1266 6.293776
1267 5.197587
1268 5.743945
1269 6.425955
1270 5.328688
1271 7.268714
1272 7.318121
1273 4.445490
1274 6.332662
1275 7.029211
1276 6.178334
1277 5.231597
1278 6.775876
1279 6.136108
1280 7.245233
1281 4.924772
1282 7.233396
1283 5.574387
1284 4.758032
1285 3.893197
1286 3.347313
1287 3.526188
1288 3.576965
1289 4.544051
1290 5.065214
1291 3.969610
1292 3.619406
1293 3.491433
1294 3.747895
1295 3.882861
1296 6.353870
1297 4.018121
1298 4.530896
1299 6.247800
1300 5.384849
1301 6.764519
1302 6.127030
1303 6.712891
1304 5.952730
1305 5.946539
1306 6.517814
1307 6.479491
1308 6.096278
1309 6.392908
1310 6.984940
1311 6.699745
1312 5.356321
1313 6.554222
1314 7.004378
1315 7.093266
1316 5.495216
1317 6.840013
1318 5.987796
1319 4.779393
1320 7.818701
1321 6.339195
1322 6.254128
1323 6.030216
1324 6.538094
1325 7.273918
1326 5.921899
1327 5.771741
1328 3.833586
1329 3.552268
1330 3.704809
1331 3.728352
1332 3.976570
1333 3.720657
1334 3.507607
1335 3.572422
1336 3.770690
1337 6.921973
1338 5.280286
1339 7.050658
1340 6.843239
1341 7.812178
1342 6.829195
1343 7.287600
1344 7.676602
1345 7.562134
1346 6.735242
1347 5.779669
1348 5.794318
1349 5.361446
1350 5.572273
1351 8.772093
1352 5.855840
1353 5.318703
1354 3.888511
1355 5.300613
1356 3.804590
1357 3.422076
1358 8.611324
1359 6.080537
1360 7.168605
1361 6.537631
1362 5.974448
1363 7.162522
1364 7.401689
1365 6.088532
1366 5.005496
1367 4.621707
1368 6.006073
1369 3.714581
1370 4.956107
1371 5.792588
1372 6.118644
1373 6.281169
1374 7.384836
1375 6.219365
1376 7.974799
1377 7.219049
1378 6.896326
1379 7.728511
1380 6.092906
1381 7.485267
1382 8.227206
1383 6.884555
1384 7.202723
1385 7.083016
1386 7.544009
1387 6.896769
1388 7.489906
1389 3.675241
1390 3.919451
1391 3.583659
1392 3.618092
1393 3.558494
1394 5.196634
1395 6.603824
1396 5.954225
1397 5.943954
1398 6.358307
1399 8.605358
1400 9.484056
1401 9.311858
1402 8.234105
1403 8.747536
1404 7.032419
1405 6.378166
1406 8.552382
1407 8.239818
1408 8.194887
1409 8.353959
1410 10.093452
1411 8.555550
1412 7.517574
1413 9.173239
1414 7.593008
1415 8.573755
1416 7.744870
1417 6.321937
1418 7.422359
1419 5.548070
1420 5.389147
1421 7.388539
1422 6.044013
1423 6.504162
1424 5.424408
1425 5.442876
1426 6.124525
1427 5.889479
1428 5.891935
1429 5.926566
1430 7.155213
1431 5.812383
1432 7.457632
1433 6.690516
1434 6.909189
1435 6.328082
1436 7.232877
1437 6.815959
1438 6.915893
1439 5.390405
1440 5.432948
1441 6.246072
1442 6.833711
1443 6.828623
1444 8.505606
1445 7.394652
1446 6.845438
1447 8.404959
1448 6.262245
1449 6.196436
1450 7.320174
1451 7.225104
1452 6.969832
1453 8.061699
1454 7.798378
1455 7.838151
1456 6.334043
1457 6.592665
1458 6.041408
1459 7.137198
1460 6.922160
1461 5.835510
1462 6.539793
1463 6.775501
1464 7.074993
1465 5.492851
1466 7.111603
1467 6.613161
1468 6.512667
1469 6.389791
1470 6.196943
1471 5.288336
1472 7.089566
1473 6.367999
1474 6.265635
1475 6.831844
1476 6.762403
1477 6.509142
1478 6.722126
1479 6.933188
1480 5.589331
1481 5.960336
1482 6.945749
1483 7.496454
1484 5.974061
1485 6.119000
1486 5.972353
1487 7.647314
1488 7.772477
1489 7.876909
1490 5.951471
1491 5.842859
1492 6.450334
1493 6.217442
1494 6.404911
1495 6.325726
1496 8.091608
1497 6.631624
1498 5.521921
1499 9.284664
1500 8.899484
1501 9.225778
1502 9.817813
1503 10.158398
1504 11.130333
1505 10.389804
1506 10.801413
1507 9.988818
1508 9.008194
1509 9.825569
1510 8.650907
1511 8.161262
1512 8.520664
1513 9.378144
1514 7.588191
1515 8.911735
1516 6.900420
1517 6.423005
1518 6.351259
1519 6.606465
1520 6.964257
1521 5.318403
1522 6.105556
1523 6.508062
1524 5.905216
1525 9.863836
1526 10.445943
1527 9.958395
1528 9.767045
1529 6.504506
1530 6.005905
1531 7.759138
1532 6.611666
1533 4.593176
1534 6.703387
1535 7.446126
1536 7.118293
1537 8.022974
1538 7.383453
1539 7.542610
1540 6.032198
1541 5.783744
1542 7.320086
1543 6.127741
1544 7.135523
1545 7.123664
1546 8.583941
1547 7.428517
1548 8.851764
1549 8.216599
1550 7.293635
1551 6.281004
1552 7.677465
1553 6.314644
1554 7.766546
1555 6.496382
1556 6.459677
1557 8.813425
1558 6.203419
1559 6.856611
1560 6.532207
1561 6.734128
1562 7.013458
1563 7.710830
1564 7.388104
1565 7.428923
1566 9.639262
1567 9.059373
1568 9.197528
1569 9.955507
1570 9.428348
1571 7.537706
1572 8.081910
1573 7.462010
1574 7.297930
1575 6.596318
1576 7.201838
1577 6.367268
1578 7.524275
1579 9.487686
1580 8.046131
1581 7.271284
1582 9.341811
1583 5.416843
1584 8.295818
1585 7.985225
1586 8.532450
1587 9.933887
1588 9.197461
1589 6.386596
1590 8.586444
1591 7.773267
1592 8.575396
1593 6.887243
1594 7.385295
1595 6.744435
1596 6.913567
1597 6.879095
1598 5.345325
1599 6.126831
1600 6.979067
1601 6.361139
1602 6.423620
1603 7.024857
1604 7.136957
1605 6.268503
1606 6.899290
1607 6.402601
1608 9.132469
1609 8.101127
1610 8.784228
1611 8.678645
1612 8.020876
1613 7.051357
1614 7.659805
1615 6.270206
1616 6.106308
1617 6.342749
1618 6.866822
1619 7.902776
1620 6.056982
1621 5.856360
1622 6.422548
1623 6.392687
1624 6.353337
1625 6.121576
1626 6.438899
1627 7.529445
1628 7.419467
1629 7.430592
1630 6.276711
1631 6.395076
1632 6.284878
1633 6.342691
1634 6.707528
1635 8.190325
1636 8.681389
1637 8.022381
1638 7.893424
1639 8.524961
1640 8.263568
1641 8.401835
1642 4.887321
1643 6.378425
1644 6.775226
1645 6.398038
1646 6.358443
1647 6.191592
1648 7.963830
1649 6.286573
1650 5.730910
1651 7.675131
1652 5.718813
1653 5.645609
1654 7.217246
1655 8.481118
1656 7.723019
1657 9.438376
1658 9.324684
1659 7.062140
1660 7.038311
1661 6.525213
1662 6.379546
1663 11.021952
1664 9.390996
1665 7.989594
1666 8.937590
1667 7.238648
1668 6.316289
1669 5.661574
1670 6.633325
1671 5.961491
1672 6.152549
1673 5.106350
1674 7.080755
1675 7.367296
1676 8.763623
1677 7.534647
1678 7.895527
1679 7.509792
1680 8.305790
1681 7.804395
1682 7.035296
1683 7.155627
1684 7.618111
1685 8.194255
1686 7.767197
1687 7.568600
1688 6.245020
1689 7.360392
1690 8.052938
1691 6.675385
1692 8.900490
1693 8.949619
1694 8.626476
1695 8.633921
1696 7.345068
1697 7.469781
1698 7.260160
1699 7.143395
1700 6.664247
1701 7.360273
1702 5.751707
1703 3.747827
1704 3.537074
1705 3.510470
1706 3.318283
1707 3.696132
1708 3.602863
1709 3.464261
1710 3.550789
1711 3.352505
1712 3.340871
1713 3.544829
1714 3.742258
1715 5.393746
1716 5.317725
1717 7.248127
1718 7.408434
1719 7.807542
1720 10.074441
1721 9.422890
1722 9.800673
1723 9.546853
1724 9.457493
1725 11.053044
1726 8.265436
1727 6.516479
1728 5.985114
1729 6.492112
1730 4.727630
1731 5.843604
1732 6.334042
1733 5.686672
1734 6.253211
1735 5.052544
1736 5.817957
1737 6.091264
1738 6.963744
1739 7.856314
1740 6.792540
1741 5.774885
1742 3.418198
1743 3.649946
1744 3.553531
1745 3.594398
1746 3.828080
1747 3.674086
1748 3.477641
1749 3.698190
1750 3.264721
1751 3.651218
1752 3.686800
1753 3.421038
1754 3.605812
1755 3.642912
1756 3.461977
1757 3.418260
1758 3.538217
1759 3.602718
1760 3.555349
1761 3.553309
1762 3.781454
1763 3.557820
1764 3.418099
1765 3.595832
1766 3.515024
1767 3.568727
1768 3.387994
1769 3.137786
1770 3.881715
1771 3.592353
1772 3.462169
1773 3.637099
1774 3.811498
1775 3.323280
1776 3.828539
1777 3.773606
1778 3.549098
1779 3.663019
1780 3.650180
1781 3.692722
1782 3.563929
1783 3.838344
1784 3.944175
1785 3.785379
1786 3.590488
1787 3.909847
1788 3.882578
1789 3.365544
1790 3.669155
1791 3.343486
1792 3.417397
1793 3.380238
1794 3.938020
1795 3.272093
1796 3.371719
1797 3.274403
1798 5.933382
1799 3.609601
1800 3.338172
1801 3.515278
1802 3.714164
1803 3.740975
1804 3.631531
1805 3.674970
1806 3.663603
1807 3.872572
1808 3.704808
1809 3.604676
1810 3.278584
1811 3.785354
1812 3.675679
1813 3.619408
1814 3.502772
1815 3.586822
1816 3.701527
1817 3.630510
1818 3.503498
1819 3.994935
1820 5.883432
1821 4.054886
1822 3.194014
1823 3.426851
1824 3.686084
1825 3.689350
1826 3.571682
1827 3.461877
1828 3.680664
1829 3.672413
1830 3.698551
1831 3.678164
1832 3.543939
1833 3.680393
1834 3.544996
1835 3.721963
1836 3.013850
1837 3.479857
1838 3.752945
1839 3.420484
1840 3.280929
1841 3.570574
1842 3.243039
1843 3.694655
1844 3.625313
1845 3.298029
1846 3.082501
1847 3.752081
1848 3.587603
1849 3.440264
1850 3.428397
1851 3.519845
1852 4.006905
1853 3.770118
1854 3.759974
1855 3.487648
1856 3.408181
1857 3.610239
1858 3.711631
1859 4.007555
1860 3.756660
1861 3.312794
1862 3.704552
1863 3.444139
1864 3.367343
1865 3.688851
1866 3.709244
1867 3.366396
1868 3.492980
1869 3.478175
1870 3.448505
1871 3.238179
1872 3.485698
1873 3.346135
1874 3.270013
1875 3.288099
1876 3.176240
1877 3.196950
1878 3.733749
1879 3.401736
1880 3.212786
1881 3.470845
1882 3.347638
1883 3.603483
1884 3.504142
1885 3.212505
1886 3.626501
1887 3.802775
1888 3.802526
1889 3.464621
1890 3.346357
1891 3.593232
1892 3.684427
1893 3.620715
1894 3.291245
1895 3.300077
1896 3.431632
1897 3.668964
1898 3.109627
1899 3.688209
1900 3.749746
1901 3.523137
1902 3.531204
1903 3.253934
1904 3.265425
1905 3.729997
1906 3.401440
1907 3.425335
1908 3.973373
1909 3.409679
1910 3.591465
1911 3.241926
1912 3.667863
1913 3.471974
1914 3.204716
1915 3.276171
1916 3.217839
1917 3.670057
1918 3.676872
1919 3.484396
1920 3.642940
1921 3.474506
1922 3.787813
1923 3.550013
1924 3.680825
1925 3.211510
1926 3.657335
1927 2.975468
1928 3.633205
1929 3.431969
1930 3.602901
1931 3.603845
1932 3.123668
1933 3.379481
1934 3.554068
1935 3.890050
1936 3.527745
1937 3.594485
1938 3.377779
1939 3.341691
1940 3.583490
1941 3.544193
1942 3.776599
1943 3.469958
1944 3.568220
1945 3.707359
1946 3.809123
1947 3.236096
1948 3.435303
1949 3.270323
1950 3.634213
1951 3.159587
1952 3.399853
1953 3.611468
1954 3.378178
1955 3.095900
1956 3.540438
1957 3.639148
1958 3.213238
1959 3.868151
1960 3.158149
1961 3.134406
1962 3.173972
1963 3.475285
1964 3.514211
1965 3.644352
1966 3.782619
1967 3.279284
1968 3.545743
1969 3.711306
1970 3.490071
1971 3.597458
1972 5.361769
1973 3.765808
1974 3.745209
1975 3.665365
1976 3.734811
1977 3.659878
1978 3.516987
1979 3.596525
1980 3.396483
1981 3.655216
1982 3.092911
1983 3.300939
1984 3.226390
1985 3.643087
1986 3.633247
1987 3.521404
1988 3.753424
1989 3.595898
1990 3.720981
1991 3.659904
1992 3.213766
1993 3.572591
1994 3.176462
1995 3.278019
1996 3.166275
1997 3.337184
1998 3.847517
1999 3.926869
2000 3.555840
2001 3.333196
2002 3.686856
2003 3.425698
2004 3.095496
2005 3.749679
2006 3.717123
2007 3.755462
2008 3.849858
2009 3.733069
2010 3.291215
2011 3.149921
2012 4.040666
2013 3.919326
2014 3.092201
2015 3.834202
2016 3.391182
2017 3.438722
2018 3.011212
2019 3.349343
2020 3.415464
2021 3.094850
2022 3.163813
2023 3.640450
2024 3.094818
2025 3.657063
2026 3.341407
2027 3.500699
2028 3.360745
2029 3.707573
2030 3.253443
2031 3.331620
2032 3.142514
2033 3.178351
2034 3.058068
2035 3.162751
2036 3.215372
2037 3.192744
2038 3.389544
2039 2.999102
2040 5.713991
2041 6.974795
2042 6.404836
2043 6.282691
2044 6.797565
2045 5.499328
2046 4.457424
2047 4.988685
2048 4.796647
2049 4.638828
2050 3.305707
2051 3.034108
2052 3.424705
2053 3.481740
2054 3.324652
2055 3.334874
2056 3.217220
2057 4.713183
2058 5.325206
2059 6.376191
2060 5.599578
2061 7.028176
2062 5.883003
2063 5.568313
2064 4.796101
2065 7.112426
2066 7.044529
2067 7.708023
2068 7.943862
2069 7.785076
2070 8.066275
2071 9.852661
2072 8.522614
2073 8.377083
2074 6.208811
2075 8.736435
2076 7.112341
2077 5.614596
2078 7.138218
2079 6.837092
2080 5.873720
2081 5.632717
2082 7.490568
2083 6.577911
2084 5.981254
2085 6.812966
2086 6.411129
2087 5.345484
2088 5.073946
2089 3.393141
2090 3.348464
2091 3.307580
2092 3.229178
2093 3.237067
2094 3.202591
2095 3.675349
2096 3.365797
2097 3.415687
2098 3.325747
2099 3.027905
2100 3.266970
2101 3.547308
2102 3.444112
2103 3.139333
2104 3.439815
2105 3.704997
2106 3.155883
2107 3.577095
2108 3.712493
2109 3.322062
2110 3.496199
2111 3.487723
2112 3.075143
2113 3.231270
2114 3.648918
2115 3.403174
2116 6.746949
2117 6.230779
2118 5.532998
2119 5.680114
2120 5.772711
2121 5.858139
2122 5.378282
2123 7.867568
2124 8.293932
2125 7.484583
2126 8.675067
2127 7.677780
2128 7.172065
2129 8.357357
2130 8.079228
2131 9.366503
2132 7.871943
2133 8.264363
2134 9.057639
2135 8.438416
2136 8.636161
2137 8.694019
2138 8.099368
2139 8.712209
2140 7.879043
2141 8.219438
2142 8.430404
2143 9.025548
2144 7.673759
2145 8.226415
2146 8.506016
2147 7.016786
2148 6.795663
2149 6.889629
2150 7.528879
2151 8.631531
2152 8.515462
2153 9.830394
2154 8.081225
2155 9.191527
2156 8.703383
2157 8.995128
2158 8.200054
2159 7.343005
2160 7.276317
2161 6.469265
2162 5.898447
2163 5.869020
2164 9.251781
2165 7.918309
2166 6.237957
2167 6.427457
2168 6.432509
2169 5.890854
2170 6.016120
2171 6.065162
2172 5.704771
2173 8.158241
2174 7.199568
2175 6.960813
2176 5.903940
2177 6.050094
2178 8.005906
2179 8.485084
2180 9.837034
2181 7.581789
2182 9.284148
2183 8.806417
2184 9.105283
2185 9.635998
2186 8.836035
2187 8.974889
2188 9.163937
2189 9.496011
2190 9.255788
2191 3.670815
2192 3.763272
2193 3.671537
2194 3.816097
2195 3.772571
2196 3.718428
2197 4.049591
2198 3.709583
2199 3.757925
2200 3.846882
2201 3.318223
2202 3.844595
2203 3.913119
2204 3.569903
2205 3.901718
2206 3.269327
2207 3.510627
2208 3.427012
2209 3.284767
2210 3.632824
2211 3.681155
2212 3.338832
2213 3.632382
2214 3.926973
2215 3.500756
2216 3.833132
2217 3.770106
2218 3.575988
2219 3.208316
2220 3.523352
2221 3.255227
2222 3.056014
2223 3.543599
2224 3.404088
2225 3.120994
2226 3.059901
2227 3.194043
2228 3.360523
2229 3.133273
2230 3.278366
2231 3.321944
2232 3.437530
2233 3.161681
2234 3.074100
2235 5.126363
2236 5.650656
2237 4.363552
2238 6.303713
2239 7.738753
2240 6.557089
2241 6.289848
2242 6.566352
2243 6.913096
2244 6.021280
2245 8.546145
2246 9.082933
2247 7.366020
2248 7.316128
2249 6.411123
2250 8.783198
2251 7.095846
2252 6.594748
2253 5.989207
2254 6.597543
2255 6.327715
2256 5.727896
2257 7.106857
2258 7.403317
2259 6.000843
2260 7.119570
2261 7.016768
2262 6.694282
2263 4.613859
2264 6.484973
2265 6.184603
2266 6.392389
2267 5.700502
2268 7.379558
2269 6.116519
2270 6.175354
2271 6.972031
2272 6.750037
2273 6.828514
2274 6.488620
2275 6.606369
2276 8.286260
2277 6.017888
2278 6.389382
2279 6.697013
2280 7.538257
2281 5.921152
2282 7.902898
2283 6.734394
2284 5.895450
2285 8.429170
2286 6.955091
2287 7.400090
2288 6.636149
2289 6.793783
2290 7.294828
2291 7.259897
2292 6.893867
2293 6.825995
2294 6.020429
2295 6.657462
2296 7.857266
2297 7.460655
2298 6.472628
2299 5.461823
2300 7.783404
2301 9.773525
2302 9.513789
2303 8.756244
2304 7.117655
2305 6.203651
2306 8.041083
2307 7.349246
2308 7.931670
2309 7.352482
2310 7.959384
2311 7.485076
2312 6.214420
2313 7.133249
2314 8.005916
2315 7.524581
2316 6.592905
2317 7.051409
2318 6.692369
2319 6.585842
2320 6.165594
2321 5.599542
2322 6.276664
2323 6.206133
2324 7.033156
2325 7.591010
2326 4.448047
2327 7.197411
2328 6.876383
2329 8.560012
2330 7.760599
2331 9.833741
2332 7.912858
2333 9.562097
2334 8.325228
2335 7.985804
2336 7.437966
2337 5.632354
2338 6.963763
2339 6.525298
2340 6.574932
2341 7.189091
2342 6.790855
2343 6.135419
2344 6.519064
2345 6.209100
2346 6.114009
2347 7.049093
2348 6.508273
2349 7.764979
2350 6.770367
2351 6.965839
2352 7.588873
2353 6.268921
2354 8.425378
2355 6.613662
2356 5.721921
2357 7.269834
2358 6.067264
2359 5.589971
2360 5.719539
2361 7.832247
2362 6.424150
2363 7.978078
2364 5.873066
2365 5.406746
2366 7.855204
2367 7.119165
2368 6.326868
2369 5.900398
2370 6.371894
2371 5.405045
2372 5.126686
2373 5.176825
2374 7.665121
2375 7.075459
2376 5.533977
2377 5.404080
2378 5.033200
2379 7.390772
2380 10.717179
2381 9.450009
2382 8.088428
2383 8.491037
2384 6.289967
2385 5.705023
2386 5.516575
2387 6.879493
2388 5.543309
2389 7.756353
2390 5.860957
2391 4.878531
2392 5.368426
2393 7.436471
2394 6.161700
2395 7.008594
2396 6.989825
2397 6.769917
2398 8.677479
2399 7.581069
2400 8.025681
2401 8.908523
2402 9.535142
2403 9.423938
2404 8.831267
2405 8.778913
2406 9.853113
2407 10.332897
2408 6.225386
2409 8.241317
2410 6.503430
2411 7.469178
2412 7.621928
2413 6.643515
2414 8.020924
2415 9.504601
2416 8.540030
2417 9.281199
2418 8.999361
2419 8.619435
2420 9.707828
2421 9.136315
2422 10.062216
2423 8.571734
2424 9.236883
2425 7.918575
2426 6.959667
2427 6.007143
2428 5.419946
2429 5.914974
2430 6.282903
2431 5.572081
2432 6.128475
2433 6.642626
2434 7.182405
2435 6.426888
2436 7.515304
2437 7.893293
2438 7.302805
2439 5.949327
2440 8.892271
2441 8.273989
2442 6.962610
2443 7.360781
2444 7.104406
2445 5.493634
2446 6.017001
2447 8.231053
2448 6.535014
2449 5.968292
2450 5.826503
2451 6.001107
2452 8.199884
2453 7.597769
2454 6.083288
2455 7.011117
2456 6.905577
2457 7.019215
2458 7.937290
2459 7.306333
2460 8.107605
2461 6.964670
2462 8.672703
2463 9.646525
2464 8.719714
2465 9.297756
2466 9.957154
2467 11.294713
2468 9.199034
2469 9.199396
2470 8.762112
2471 9.147302
2472 5.899546
2473 6.232728
2474 6.096501
2475 6.788586
2476 5.714151
2477 7.012424
2478 7.918231
2479 6.980584
2480 6.625473
2481 7.082879
2482 6.723696
2483 6.680305
2484 6.789858
2485 6.504537
2486 8.312576
2487 8.989131
2488 7.835465
2489 8.163381
2490 8.187470
2491 8.980990
2492 8.306102
2493 8.855444
2494 8.450863
2495 7.003793
2496 6.865717
2497 5.334735
2498 4.298199
2499 8.769733
2500 9.573616
2501 8.118292
2502 7.740444
2503 7.229842
2504 6.338564
2505 7.498443
2506 7.885471
2507 6.656029
2508 5.792969
2509 5.667573
2510 5.437354
2511 6.070199
2512 8.081506
2513 9.117779
2514 8.880030
2515 9.289521
2516 6.463998
2517 6.680082
2518 5.489289
2519 7.616429
2520 6.375873
2521 6.783613
2522 5.665734
2523 6.972932
2524 7.318315
2525 6.772074
2526 6.313259
2527 7.349952
2528 7.461739
2529 7.049518
2530 8.253701
2531 8.005069
2532 8.866173
2533 8.634034
2534 7.625622
2535 7.011890
2536 7.604918
2537 7.374646
2538 6.588451
2539 7.353065
2540 7.105308
2541 8.315487
2542 6.892106
2543 6.985477
2544 7.794438
2545 6.912488
2546 7.755521
2547 6.993467
2548 7.108376
2549 7.746340
2550 7.229125
2551 6.978458
2552 7.192706
2553 6.930214
2554 7.319851
2555 8.686917
2556 7.634846
2557 7.478536
2558 8.530004
2559 7.998613
2560 9.408001
2561 7.284320
2562 9.144912
2563 7.140180
2564 6.576513
2565 6.945765
2566 7.543546
2567 7.014627
2568 7.290015
2569 7.708636
2570 7.067147
2571 6.865394
2572 7.700086
2573 7.588716
2574 6.160155
2575 6.676714
2576 6.687959
2577 7.240732
2578 8.604389
2579 9.189669
2580 9.259725
2581 7.342299
2582 6.266456
2583 7.060865
2584 8.288847
2585 7.568701
2586 7.734605
2587 7.293470
2588 7.205259
2589 7.559773
2590 7.956974
2591 8.179444
2592 8.706114
2593 9.258093
2594 8.743490
2595 8.554305
2596 7.826753
2597 7.939583
2598 8.285395
2599 6.967853
2600 6.504998
2601 7.144255
2602 6.717523
2603 5.966985
2604 7.555088
2605 6.702364
2606 7.250067
2607 6.517409
2608 6.530007
2609 7.573830
2610 6.449106
2611 7.157331
2612 5.756371
2613 6.439541
2614 6.923070
2615 6.750626
2616 6.617659
2617 6.292158
2618 6.273637
2619 7.047875
2620 6.925530
2621 7.366345
2622 7.208406
2623 7.092722
2624 7.889491
2625 7.580065
2626 7.088328
2627 6.273891
2628 5.912100
2629 7.596453
2630 7.835701
2631 7.084638
2632 6.239151
2633 6.961101
2634 6.103646
2635 6.305879
2636 6.474092
2637 6.182960
2638 7.392814
2639 6.655843
2640 8.178282
2641 7.812954
2642 8.132980
2643 8.165945
2644 8.150617
2645 8.200225
2646 7.428389
2647 6.673425
2648 5.708984
2649 5.921250
2650 6.467473
2651 8.756422
2652 8.702321
2653 8.277843
2654 5.886771
2655 6.828490
2656 6.324371
2657 10.346608
2658 9.607276
2659 8.966436
2660 9.761284
2661 7.299401
2662 7.431005
2663 7.239027
2664 5.766260
2665 7.331637
2666 7.902429
2667 6.218183
2668 7.206870
2669 7.494082
2670 8.038314
2671 8.634037
2672 5.931857
2673 5.625843
2674 7.063210
2675 7.027362
2676 7.141526
2677 8.280980
2678 6.997528
2679 6.689633
2680 7.145404
2681 6.269050
2682 7.505027
2683 7.837272
2684 8.329271
2685 8.971493
2686 6.773325
2687 7.027544
2688 3.566410
2689 5.851326
2690 6.339649
2691 6.871123
2692 7.323074
2693 6.911592
2694 5.244770
2695 5.337959
2696 4.317941
2697 5.258384
2698 4.538027
2699 4.594289
2700 4.549124
2701 6.504807
2702 6.238743
2703 6.685935
2704 5.709545
2705 8.968331
2706 8.093168
2707 7.085774
2708 7.699408
2709 6.260634
2710 7.737393
2711 6.948077
2712 9.655033
2713 7.033449
2714 6.562425
2715 6.412090
2716 5.309932
2717 6.483379
2718 7.401628
2719 7.810406
2720 6.268356
2721 5.949132
2722 6.506436
2723 6.467555
2724 6.447598
2725 5.834960
2726 5.640975
2727 6.765738
2728 7.439095
2729 8.330603
2730 7.906133
2731 6.910034
2732 6.681603
2733 8.377527
2734 6.571557
2735 7.504706
2736 7.307322
2737 8.772809
2738 6.496848
2739 8.732321
2740 7.559853
2741 7.250840
2742 7.144139
2743 6.961825
2744 6.737287
2745 6.879947
2746 6.971043
2747 7.631349
2748 6.244917
2749 7.323532
2750 6.202402
2751 6.029202
2752 6.429726
2753 7.141507
2754 6.190205
2755 5.788176
2756 6.141732
2757 4.931260
2758 5.410260
2759 5.159470
2760 5.695701
2761 5.053010
2762 4.870083
2763 5.605935
2764 6.664452
2765 6.221265
2766 7.750634
2767 5.672089
2768 5.426659
2769 6.490254
2770 6.315935
2771 5.911664
2772 6.793066
2773 6.979500
2774 7.565942
2775 6.921835
2776 6.598287
2777 5.695973
2778 6.489083
2779 6.962009
2780 7.409900
2781 8.531565
2782 7.110674
2783 8.400534
2784 6.240705
2785 6.333518
2786 8.148799
2787 6.185797
2788 6.319734
2789 5.666188
2790 5.614552
2791 5.431177
2792 6.839053
2793 6.700487
2794 7.040773
2795 7.356235
2796 6.116970
2797 7.684134
2798 7.208502
2799 6.532030
2800 6.947704
2801 8.590459
2802 8.739502
2803 8.607830
2804 8.672980
2805 6.022245
2806 6.809314
2807 7.027131
2808 6.551381
2809 6.811224
2810 6.440450
2811 7.731209
2812 5.724317
2813 6.721332
2814 5.675397
2815 5.835571
2816 6.880295
2817 7.831658
2818 5.151391
2819 6.003879
2820 5.636630
2821 6.494533
2822 5.728998
2823 6.957474
2824 8.075978
2825 8.413912
2826 8.329694
2827 8.168492
2828 9.364047
2829 8.853491
2830 8.890358
2831 9.918151
2832 9.325992
2833 10.010960
2834 9.624950
2835 6.266332
2836 6.079723
2837 6.786672
2838 6.950586
2839 5.632107
2840 6.292170
2841 6.605679
2842 5.983869
2843 7.219398
2844 6.807336
2845 6.912902
2846 6.130644
2847 6.369134
2848 7.187717
2849 7.066323
2850 6.726130
2851 5.760357
2852 6.879812
2853 6.621933
2854 6.026721
2855 5.855503
2856 7.522160
2857 6.202814
2858 6.566923
2859 5.895151
2860 7.783457
2861 8.807118
2862 7.200257
2863 9.774446
2864 8.185521
2865 5.659479
2866 7.688076
2867 7.119194
2868 7.047909
2869 7.895550
2870 6.474347
2871 7.149497
2872 6.348237
2873 6.953289
2874 6.107751
2875 6.478995
2876 6.016918
2877 6.108655
2878 6.106674
2879 5.615792
2880 9.262094
2881 9.325209
2882 9.511687
2883 8.396255
2884 8.026834
2885 9.410918
2886 9.071345
2887 8.368200
2888 8.275082
2889 6.396653
2890 6.313430
2891 5.770712
2892 5.113961
2893 5.426289
2894 5.882856
2895 5.271812
2896 6.350543
2897 5.561639
2898 7.035100
2899 6.957305
2900 6.547890
2901 7.534041
2902 7.771156
2903 7.173137
2904 8.437975
2905 7.062587
2906 6.785676
2907 6.381371
2908 6.475461
2909 6.491411
2910 6.749007
2911 6.977469
2912 7.267394
2913 6.097035
2914 5.842168
2915 6.777207
2916 7.891469
2917 8.576880
2918 8.369760
2919 6.419254
2920 7.736701
2921 8.972570
2922 9.112138
2923 7.983852
2924 7.931090
2925 6.698215
2926 9.373182
2927 7.739447
2928 7.598175
2929 5.577044
2930 7.206018
2931 6.527638
2932 8.013049
2933 6.501357
2934 7.276296
2935 6.510645
2936 6.824790
2937 7.662255
2938 5.879660
2939 6.330199
2940 6.478165
2941 6.309373
2942 6.405746
2943 7.122077
2944 7.013738
2945 6.002246
2946 8.092819
2947 8.157686
2948 6.968305
2949 6.199139
2950 6.717244
2951 5.498563
2952 7.737089
2953 6.877426
2954 5.877212
2955 7.018182
2956 6.770147
2957 6.204588
2958 6.459363
2959 6.803983
2960 5.739176
2961 8.029259
2962 6.694702
2963 6.481702
2964 6.273248
2965 6.144803
2966 6.028413
2967 5.425406
2968 6.170105
2969 6.242130
2970 6.530305
2971 6.732411
2972 6.981131
2973 6.625871
2974 7.176337
2975 6.626644
2976 7.602354
2977 8.066182
2978 6.313333
2979 6.423207
2980 5.844401
2981 5.840438
2982 5.997500
2983 5.896068
2984 5.233213
2985 6.979785
2986 7.455267
2987 6.553313
2988 7.001850
2989 7.547526
2990 8.126581
2991 6.970931
2992 6.350395
2993 6.637347
2994 7.625784
2995 5.978204
2996 5.676805
2997 7.372508
2998 5.498682
2999 6.668530
3000 6.171105
3001 5.245277
3002 6.361028
3003 5.936347
3004 6.902902
3005 7.266943
3006 6.943896
3007 8.372844
3008 5.439496
3009 7.547225
3010 7.103933
3011 8.867762
3012 9.552603
3013 8.073482
3014 5.671199
3015 7.239030
3016 6.352397
3017 6.102793
3018 4.689660
3019 7.514741
3020 6.842060
3021 6.252795
3022 6.618617
3023 6.050333
3024 7.651964
3025 7.706530
3026 7.471185
3027 6.956110
3028 7.111355
3029 8.093216
3030 6.212260
3031 6.671117
3032 7.316102
3033 7.204534
3034 7.459720
3035 6.153967
3036 6.297918
3037 7.646929
3038 6.734194
3039 6.527340
3040 8.667337
3041 10.573032
3042 9.258138
3043 9.011120
3044 6.653751
3045 7.605844
3046 6.228588
3047 6.770679
3048 6.114178
3049 5.995842
3050 5.273055
3051 6.016063
3052 6.765360
3053 6.946105
3054 7.131008
3055 6.460265
3056 6.316999
3057 6.149358
3058 6.299222
3059 5.548866
3060 6.461552
3061 6.377005
3062 8.115557
3063 7.803364
3064 7.443015
3065 7.412725
3066 7.290961
3067 6.780103
3068 6.883739
3069 7.766973
3070 7.281100
3071 7.151670
3072 7.384048
3073 6.396664
3074 7.083575
3075 6.648232
3076 5.763028
3077 5.604152
3078 6.740054
3079 5.484919
3080 5.513337
3081 7.593615
3082 8.891828
3083 10.416001
3084 7.258154
3085 6.989215
3086 7.264802
3087 7.671286
3088 7.333118
3089 6.919371
3090 7.416983
3091 7.034053
3092 7.321270
3093 6.050217
3094 6.028301
3095 6.590569
3096 6.384901
3097 6.709590
3098 5.643271
3099 6.306080
3100 5.656297
3101 7.595243
3102 6.122838
3103 7.117002
3104 5.955755
3105 5.987328
3106 6.537505
3107 6.479672
3108 6.223713
3109 7.774452
3110 7.410001
3111 7.422518
3112 6.086492
3113 6.880996
3114 7.638908
3115 7.325360
3116 8.742476
3117 8.915919
3118 8.172894
3119 7.770076
3120 7.583595
3121 7.656164
3122 9.624831
3123 9.289636
3124 9.449089
3125 9.530006
3126 8.528175
3127 7.176143
3128 9.395814
3129 10.122577
3130 8.584449
3131 7.478845
3132 9.090027
3133 7.727700
3134 9.103571
3135 6.956442
3136 5.812202
3137 7.055351
3138 8.303137
3139 7.234767
3140 7.112608
3141 7.916623
3142 5.799492
3143 5.386899
3144 6.499705
3145 6.807353
3146 6.995865
3147 6.934413
3148 7.656245
3149 4.837058
3150 5.110081
3151 5.961515
3152 5.822053
3153 5.079981
3154 5.077262
3155 6.117271
3156 5.734363
3157 4.595240
3158 6.310862
3159 5.619370
3160 5.017312
3161 6.341621
3162 6.637908
3163 6.762080
3164 6.736477
3165 6.446339
3166 6.129935
3167 6.109174
3168 5.904659
3169 6.207378
3170 5.392788
3171 6.705266
3172 4.879638
3173 6.543042
3174 7.633626
3175 7.719506
3176 6.300591
3177 4.061647
3178 5.957406
3179 8.512211
3180 9.415249
3181 8.563288
3182 8.029009
3183 6.766194
3184 8.497305
3185 7.035005
3186 6.290265
3187 7.179486
3188 6.260453
3189 6.574869
3190 7.724510
3191 6.563435
3192 6.504721
3193 7.132757
3194 4.239872
3195 6.745059
3196 6.226331
3197 6.825908
3198 9.635213
3199 9.116888
3200 8.857150
3201 5.530297
3202 5.756085
3203 7.070329
3204 6.783520
3205 8.676059
3206 7.122009
3207 6.039429
3208 5.728080
3209 5.753869
3210 5.575690
3211 7.033589
3212 4.654341
3213 4.767412
3214 4.334573
3215 6.939592
3216 7.300650
3217 6.465106
3218 6.139339
3219 6.839378
3220 7.428385
3221 8.148888
3222 9.701485
3223 7.278860
3224 6.772594
3225 6.310635
3226 7.279136
3227 7.460918
3228 6.808158
3229 6.120753
3230 9.341363
3231 8.738068
3232 9.756682
3233 8.471147
3234 6.359169
3235 6.639540
3236 8.226209
3237 5.809174
3238 5.946303
3239 5.067365
3240 6.117826
3241 6.277855
3242 6.456975
3243 5.991293
3244 6.689464
3245 5.568412
3246 6.653044
3247 7.447209
3248 5.934594
3249 4.489165
3250 4.386274
3251 4.396340
3252 5.468637
3253 5.027934
3254 5.344427
3255 5.946839
3256 5.710667
3257 5.450915
3258 6.200201
3259 6.570363
3260 6.200427
3261 5.521795
3262 7.462024
3263 6.371068
3264 7.438783
3265 7.597012
3266 5.490629
3267 5.975032
3268 6.157038
3269 6.203491
3270 3.742258
3271 3.695848
3272 3.374213
3273 5.897474
3274 7.297455
3275 5.817676
3276 6.449438
3277 6.463932
3278 6.579031
3279 5.244448
3280 6.298227
3281 6.117278
3282 7.128259
3283 5.348402
3284 7.219265
3285 6.843083
3286 8.503886
3287 7.423381
3288 5.978797
3289 4.646613
3290 5.247230
3291 5.679033
3292 6.160478
3293 6.580238
3294 6.904693
3295 6.281346
3296 6.340100
3297 8.289739
3298 6.434330
3299 7.302310
3300 6.678489
3301 7.319320
3302 6.201299
3303 4.665055
3304 4.737816
3305 5.989934
3306 5.108368
3307 5.228133
3308 5.142992
3309 7.174678
3310 6.225708
3311 6.406567
3312 6.056227
3313 7.481926
3314 5.623476
3315 5.611414
3316 7.222645
3317 7.456851
3318 6.650671
3319 6.480578
3320 7.203904
3321 8.480025
3322 5.932090
3323 6.643956
3324 8.184597
3325 6.516012
3326 7.875876
3327 8.343653
3328 6.805202
3329 8.458525
3330 7.042772
3331 5.127711
3332 6.001278
3333 6.378034
3334 6.316175
3335 7.526190
3336 7.350776
3337 7.388837
3338 6.083194
3339 6.386682
3340 5.459751
3341 6.339667
3342 5.758036
3343 5.784092
3344 6.041174
3345 5.185575
3346 5.851718
3347 5.432679
3348 5.146223
3349 5.945706
3350 8.275904
3351 8.041640
3352 7.465267
3353 6.437560
3354 8.578233
3355 8.081749
3356 7.283001
3357 9.239177
3358 8.014691
3359 8.578794
3360 7.684095
3361 5.954652
3362 6.500621
3363 6.585243
3364 7.117341
3365 5.495061
3366 4.663498
3367 5.661220
3368 7.194591
3369 6.430007
3370 7.081448
3371 6.445696
3372 6.185671
3373 6.266500
3374 7.059356
3375 9.098340
3376 9.959526
3377 7.991060
3378 8.871021
3379 8.310792
3380 8.301600
3381 8.745252
3382 7.296810
3383 8.888931
3384 9.365892
3385 6.496361
3386 7.190959
3387 7.649168
3388 7.672793
3389 5.891572
3390 6.891291
3391 6.277500
3392 5.778554
3393 7.178312
3394 5.738890
3395 6.679566
3396 6.212159
3397 6.468323
3398 7.052307
3399 6.933520
3400 7.734433
3401 6.962323
3402 5.620750
3403 5.838246
3404 6.805972
3405 6.784834
3406 6.897825
3407 6.597744
3408 7.134326
3409 5.628193
3410 8.538542
3411 6.273262
3412 5.843724
3413 8.342197
3414 6.512295
3415 5.714717
3416 6.585515
3417 8.544117
3418 9.158388
3419 8.268772
3420 7.365160
3421 6.066965
3422 6.512622
3423 5.894107
3424 7.486482
3425 7.268088
3426 7.885404
3427 7.167381
3428 7.464329
3429 9.238102
3430 6.752044
3431 6.930868
3432 6.641392
3433 6.685128
3434 6.428088
3435 6.744699
3436 8.530480
3437 8.624413
3438 8.115424
3439 8.587635
3440 9.721588
3441 8.282722
3442 9.004492
3443 8.170423
3444 6.640255
3445 8.969772
3446 10.205980
3447 7.058169
3448 7.840696
3449 8.409241
3450 8.178683
3451 8.422365
3452 8.921426
3453 8.862192
3454 7.806700
3455 7.324924
3456 4.799343
3457 6.279528
3458 6.159827
3459 6.928674
3460 5.204941
3461 5.108319
3462 5.933617
3463 6.333067
3464 5.846000
3465 6.811584
3466 8.927938
3467 9.228447
3468 7.630478
3469 7.605176
3470 8.923777
3471 8.843947
3472 8.184168
3473 7.847326
3474 7.907329
3475 8.279189
3476 6.254980
3477 6.680187
3478 7.282445
3479 6.688622
3480 8.501564
3481 7.624224
3482 4.440627
3483 6.647630
3484 7.348535
3485 8.993208
3486 5.904016
3487 7.047652
3488 9.024100
3489 8.578660
3490 9.202945
3491 6.812534
3492 6.333417
3493 6.931853
3494 5.969415
3495 7.046503
3496 6.949772
3497 6.888259
3498 6.985677
3499 6.056684
3500 7.144154
3501 6.541520
3502 7.273327
3503 6.433108
3504 7.208999
3505 7.320383
3506 10.189005
3507 9.034358
3508 9.428775
3509 9.412854
3510 9.204853
3511 8.505282
3512 9.654046
3513 9.055397
3514 10.563717
3515 9.146921
3516 7.426867
3517 7.424534
3518 9.691026
3519 8.420239
3520 9.250179
3521 8.729397
3522 8.517307
3523 8.751808
3524 7.983288
3525 8.892250
3526 8.227942
3527 8.401835
3528 8.440998
3529 7.000030
3530 5.987240
3531 5.188933
3532 5.328131
3533 6.530851
3534 6.468675
3535 6.577598
3536 5.680405
3537 7.888139
3538 7.120710
3539 6.076753
3540 7.455283
3541 6.023447
3542 6.981473
3543 6.821392
3544 7.527568
3545 6.128236
3546 6.326903
3547 5.848923
3548 6.467844
3549 6.265383
3550 6.081258
3551 7.215789
3552 8.285753
3553 6.628433
3554 6.502069
3555 6.610430
3556 5.287289
3557 6.213777
3558 5.563282
3559 6.508004
3560 6.220202
3561 6.020898
3562 6.249400
3563 5.150933
3564 5.180138
3565 5.534343
3566 6.650220
3567 6.358116
3568 6.897593
3569 6.142133
3570 8.277138
3571 6.689068
3572 5.498265
3573 7.876917
3574 5.950513
3575 6.417825
3576 7.220181
3577 6.611454
3578 6.617552
3579 8.892524
3580 9.732450
3581 9.060938
3582 8.894596
3583 10.171909
3584 9.081532
3585 7.050970
3586 7.436470
3587 6.814054
3588 7.236270
3589 7.770851
3590 6.767488
3591 8.418392
3592 9.064539
3593 7.081074
3594 5.546422
3595 6.839258
3596 5.957386
3597 7.928434
3598 9.154223
3599 8.535815
3600 8.383518
3601 8.848705
3602 8.948180
3603 8.534580
3604 8.424137
3605 8.210882
3606 7.982994
3607 6.528102
3608 6.833951
3609 7.530659
3610 6.705982
3611 6.528407
3612 7.945540
3613 9.236457
3614 9.206629
3615 6.939928
3616 6.349345
3617 5.668956
3618 7.568579
3619 6.681643
3620 6.277308
3621 5.938037
3622 7.399958
3623 5.690043
3624 7.387267
3625 8.507361
3626 9.432932
3627 8.896820
3628 7.633473
3629 8.956641
3630 8.953899
3631 9.311552
3632 9.185266
3633 5.023236
3634 5.065434
3635 6.391292
3636 7.161769
3637 6.867850
3638 7.119869
3639 4.590492
3640 5.354186
3641 4.900591
3642 5.597733
3643 7.939386
3644 7.730419
3645 6.161326
3646 6.634616
3647 7.169528
3648 5.845657
3649 6.611847
3650 6.538661
3651 7.656426
3652 6.455892
3653 6.458149
3654 7.229201
3655 7.235362
3656 7.764405
3657 6.799479
3658 6.960274
3659 7.496195
3660 7.054677
3661 5.561692
3662 5.173107
3663 8.644232
3664 8.550916
3665 10.306197
3666 8.286688
3667 8.984975
3668 10.392732
3669 9.136181
3670 10.218640
3671 8.424000
3672 8.636404
3673 9.034676
3674 9.190280
3675 9.050249
3676 9.908276
3677 10.059228
3678 8.976881
3679 9.750413
3680 8.866847
3681 10.133145
3682 9.672857
3683 8.390918
3684 8.757684
3685 9.171488
3686 9.113844
3687 9.379580
3688 9.720844
3689 4.257840
3690 6.056069
3691 4.934433
3692 6.371873
3693 5.416142
3694 6.701344
3695 7.026443
3696 5.850348
3697 5.989767
3698 5.993446
3699 6.905403
3700 6.095833
3701 6.583204
3702 7.231779
3703 6.492257
3704 5.700792
3705 6.380105
3706 5.700597
3707 6.788615
3708 6.735166
3709 8.472510
3710 7.395466
3711 7.194680
3712 8.284480
3713 8.527706
3714 6.752460
3715 6.511673
3716 6.195974
3717 7.331507
3718 7.077833
3719 6.137112
3720 7.701157
3721 6.920145
3722 6.450902
3723 7.635608
3724 5.897168
3725 6.611543
3726 6.467595
3727 7.628628
3728 5.751771
3729 5.745774
3730 5.299299
3731 5.432405
3732 5.604460
3733 6.398505
3734 5.318532
3735 5.945160
3736 5.638636
3737 5.761715
3738 6.572411
3739 6.731682
3740 5.674511
3741 8.960517
3742 9.109085
3743 9.678930
3744 9.115020
3745 7.588413
3746 6.295256
3747 8.296225
3748 8.863780
3749 9.261216
3750 9.661311
3751 9.305211
3752 8.707314
3753 10.163014
3754 8.794528
3755 8.110645
3756 9.882783
3757 10.036932
3758 7.811821
3759 8.564008
3760 8.161450
3761 6.709493
3762 5.687115
3763 8.430814
3764 8.688312
3765 5.999373
3766 6.525288
3767 6.958059
3768 6.734138
3769 6.854726
3770 6.895634
3771 5.007283
3772 6.454534
3773 6.633999
3774 7.595268
3775 6.686266
3776 6.349723
3777 6.758444
3778 6.140533
3779 5.439538
3780 6.418061
3781 6.284124
3782 6.571780
3783 6.068187
3784 5.895738
3785 5.938828
3786 6.464465
3787 7.266941
3788 5.501438
3789 7.347477
3790 9.222256
3791 8.681120
3792 8.862024
3793 9.461959
3794 8.469583
3795 9.090143
3796 7.735735
3797 8.579770
3798 8.274942
3799 6.841006
3800 7.389187
3801 8.161282
3802 7.359864
3803 9.008935
3804 9.117545
3805 9.934495
3806 9.492591
3807 8.724186
3808 7.803348
3809 7.402762
3810 6.498656
3811 6.531446
3812 6.097624
3813 6.364826
3814 6.076685
3815 7.780316
3816 6.379445
3817 6.781723
3818 6.208227
3819 6.701112
3820 6.768005
3821 6.916223
3822 5.814165
3823 6.809170
3824 7.048270
3825 6.366930
3826 6.098945
3827 6.049346
3828 6.434146
3829 6.490838
3830 6.869252
3831 7.018584
3832 5.086464
3833 6.590421
3834 5.816596
3835 7.667581
3836 4.934634
3837 6.407499
3838 5.827847
3839 6.203309
3840 6.598018
3841 7.130035
3842 7.027703
3843 5.858379
3844 5.504941
3845 7.477507
3846 5.835350
3847 7.293154
3848 5.922873
3849 7.529682
3850 6.138235
3851 8.600541
3852 9.511543
3853 8.605375
3854 6.994549
3855 6.396476
3856 5.924264
3857 5.487840
3858 6.670007
3859 5.933321
3860 5.953331
3861 6.042671
3862 7.593271
3863 7.495313
3864 6.001552
3865 6.115196
3866 5.399140
3867 4.693196
3868 4.437668
3869 5.294885
3870 6.933441
3871 8.139308
3872 7.637002
3873 5.939771
3874 6.617135
3875 8.882197
3876 8.858973
3877 7.518583
3878 6.209221
3879 7.596617
3880 7.492136
3881 9.424000
3882 8.482765
3883 7.176718
3884 9.511304
3885 7.245910
3886 8.554238
3887 8.849469
3888 8.403290
3889 8.795602
3890 10.031017
3891 7.370721
3892 8.004712
3893 7.893772
3894 7.124369
3895 9.268545
3896 8.397087
3897 9.441616
3898 9.090789
3899 10.763695
3900 10.232077
3901 11.261225
3902 10.864647
3903 9.345276
3904 8.388824
3905 9.412723
3906 10.185237
3907 9.698220
3908 9.741925
3909 9.884808
3910 7.185713
3911 6.360261
3912 6.280530
3913 8.478983
3914 7.323668
3915 8.733850
3916 8.145146
3917 7.514823
3918 8.604173
3919 7.815633
3920 8.060155
3921 8.054887
3922 7.761549
3923 8.141189
3924 7.684024
3925 7.382876
3926 6.692949
3927 8.639497
3928 7.154334
3929 9.772174
3930 9.328029
3931 8.850631
3932 8.705185
3933 6.768264
3934 6.973342
3935 7.806725
3936 6.637366
3937 7.483150
3938 7.129262
3939 7.590552
3940 7.023774
3941 7.359028
3942 4.272248
3943 6.999872
3944 7.248263
3945 7.525126
3946 7.220048
3947 7.365243
3948 7.217604
3949 7.106223
3950 7.543313
3951 6.188335
3952 7.566823
3953 8.609514
3954 6.413003
3955 6.710130
3956 7.559161
3957 6.704309
3958 6.030171
3959 7.112155
3960 7.671003
3961 8.743395
3962 8.781919
3963 7.360396
3964 7.845531
3965 6.650662
3966 7.158729
3967 7.151530
3968 8.371140
3969 6.640851
3970 7.279233
3971 8.658577
3972 9.384544
3973 7.514102
3974 8.192545
3975 7.702369
3976 6.838174
3977 7.436416
3978 6.353967
3979 7.102077
3980 7.563926
3981 6.961100
3982 8.357528
3983 7.167216
3984 7.449037
3985 7.351221
3986 7.755450
3987 6.991863
3988 8.661138
3989 7.281077
3990 7.944393
3991 6.665508
3992 7.563094
3993 7.718620
3994 8.721608
3995 7.578733
3996 7.653031
3997 7.823487
3998 6.716199
3999 7.657637
4000 7.430027
4001 7.612628
4002 7.546041
4003 8.206225
4004 7.770650
4005 7.118219
4006 6.828255
4007 6.934621
4008 8.130602
4009 5.379650
4010 7.570031
4011 7.480917
4012 7.943691
4013 5.525592
4014 8.811888
4015 7.185236
4016 7.523304
4017 7.162480
4018 6.308457
4019 5.929805
4020 6.033448
4021 5.311543
4022 7.867866
4023 6.040684
4024 6.546289
4025 8.512377
4026 6.740369
4027 6.979844
4028 5.943448
4029 7.009144
4030 6.871108
4031 5.748819
4032 7.886806
4033 5.735874
4034 5.982918
4035 6.094307
4036 6.679293
4037 6.366050
4038 7.594838
4039 6.204601
4040 7.013288
4041 7.267498
4042 6.244293
4043 6.791482
4044 6.016451
4045 6.317034
4046 8.448731
4047 8.680156
4048 6.736268
4049 6.995322
4050 6.334432
4051 8.169765
4052 7.908298
4053 8.283811
4054 6.128639
4055 7.041442
4056 6.672828
4057 6.212464
4058 7.498574
4059 7.504113
4060 9.272637
4061 7.926552
4062 7.119926
4063 6.445356
4064 8.363795
4065 8.416845
4066 7.938445
4067 8.723842
4068 8.069509
4069 9.561074
4070 8.108377
4071 7.477740
4072 9.724706
4073 8.834865
4074 7.764730
4075 9.494553
4076 9.222294
4077 9.777699
4078 9.506002
4079 10.122443
4080 8.938417
4081 9.284891
4082 9.162276
4083 9.221349
4084 10.685212
4085 9.414150
4086 9.623309
4087 8.940639
4088 6.451518
4089 7.177690
4090 6.873204
4091 8.066017
4092 7.534063
4093 8.423779
4094 5.658412
4095 5.664714
4096 6.529056
4097 6.468730
4098 5.384030
4099 6.028574
4100 6.979708
4101 5.994041
4102 7.377168
4103 8.595877
4104 7.228125
4105 7.100940
4106 6.355798
4107 6.661449
4108 5.902204
4109 7.900309
4110 5.412340
4111 5.716963
4112 6.002044
4113 8.240903
4114 7.833172
4115 5.712410
4116 5.357210
4117 6.847026
4118 7.135361
4119 8.920226
4120 6.249017
4121 6.835678
4122 6.493390
4123 6.814291
4124 6.523258
4125 5.873076
4126 7.217799
4127 6.152245
4128 6.753078
4129 6.727044
4130 6.588787
4131 7.840572
4132 6.391168
4133 5.455401
4134 6.823201
4135 6.755989
4136 6.442866
4137 5.408641
4138 5.311214
4139 6.248976
4140 5.707365
4141 6.032760
4142 6.760696
4143 6.007571
4144 6.338207
4145 6.083338
4146 5.314591
4147 6.781662
4148 6.520151
4149 7.742072
4150 7.229585
4151 6.376065
4152 5.649946
4153 5.457306
4154 7.005312
4155 6.937996
4156 5.247372
4157 6.989092
4158 6.006739
4159 7.074046
4160 7.094258
4161 6.644384
4162 7.575528
4163 6.021743
4164 5.694121
4165 7.219400
4166 6.981025
4167 7.582380
4168 6.372643
4169 5.859395
4170 7.746362
4171 7.358567
4172 7.079738
4173 6.611824
4174 8.353669
4175 5.969574
4176 7.565565
4177 8.903733
4178 6.604311
4179 8.139462
4180 6.812707
4181 6.859841
4182 8.095286
4183 7.589056
4184 7.043357
4185 6.453016
4186 6.314952
4187 7.176808
4188 8.196925
4189 7.175521
4190 6.577110
4191 5.766228
4192 7.067458
4193 6.993383
4194 8.414501
4195 7.924090
4196 6.709672
4197 7.005975
4198 7.020888
4199 6.851023
4200 6.237396
4201 7.248566
4202 8.230165
4203 6.332432
4204 6.791865
4205 8.061181
4206 7.577098
4207 7.768455
4208 8.369759
4209 7.747066
4210 7.437115
4211 8.185554
4212 5.804445
4213 6.775433
4214 6.946468
4215 7.310569
4216 6.787268
4217 6.733716
4218 7.286516
4219 9.038703
4220 7.352867
4221 5.382759
4222 6.810623
4223 7.692083
4224 7.323478
4225 6.850767
4226 8.074907
4227 7.009857
4228 9.123400
4229 7.533056
4230 7.794725
4231 7.186779
4232 8.447178
4233 8.291140
4234 9.337331
4235 8.073468
4236 7.887905
4237 7.535944
4238 7.381476
4239 7.508275
4240 7.001978
4241 6.077440
4242 7.957980
4243 8.020503
4244 6.906123
4245 7.266862
4246 8.942092
4247 6.338431
4248 6.928030
4249 7.336330
4250 8.087972
4251 6.436589
4252 6.663618
4253 7.554165
4254 6.508493
4255 6.031161
4256 5.906098
4257 6.480973
4258 6.635666
4259 7.290879
4260 6.950608
4261 7.253893
4262 7.324438
4263 6.495321
4264 5.688952
4265 9.385722
4266 8.300523
4267 9.251736
4268 7.457003
4269 6.700543
4270 6.198266
4271 6.781291
4272 6.715663
4273 6.933499
4274 7.476936
4275 5.744239
4276 7.217294
4277 7.203043
4278 6.996321
4279 8.079234
4280 7.538713
4281 6.526790
4282 8.340271
4283 6.737574
4284 7.645349
4285 7.315284
4286 6.489575
4287 7.208500
4288 8.149316
4289 6.475869
4290 5.837202
4291 6.820621
4292 6.966610
4293 5.949825
4294 7.099925
4295 6.623384
4296 6.934883
4297 6.770067
4298 8.079837
4299 7.183440
4300 7.367319
4301 8.248810
4302 5.950308
4303 5.834253
4304 7.762177
4305 6.225318
4306 5.746658
4307 6.498353
4308 6.492353
4309 7.064941
4310 8.873664
4311 6.840507
4312 6.055355
4313 5.951295
4314 6.421916
4315 5.561712
4316 5.908647
4317 6.276494
4318 7.200854
4319 6.314334
4320 5.868109
4321 6.717308
4322 7.307646
4323 6.241100
4324 6.556859
4325 5.671199
4326 6.925504
4327 5.962221
4328 6.485616
4329 6.237060
4330 7.196706
4331 6.225343
4332 6.996424
4333 5.423136
4334 6.560261
4335 7.687326
4336 7.279238
4337 7.854664
4338 7.769239
4339 8.240129
4340 6.480894
4341 6.819245
4342 6.243100
4343 5.840700
4344 6.349818
4345 6.560013
4346 5.892216
4347 6.546465
4348 7.483496
4349 7.674172
4350 6.811704
4351 7.459362
4352 9.183735
4353 7.690133
4354 7.474705
4355 6.957836
4356 6.798713
4357 7.299121
4358 7.220625
4359 6.791568
4360 8.448913
4361 6.366242
4362 6.651543
4363 7.104765
4364 7.749176
4365 7.222498
4366 7.776457
4367 6.819031
4368 6.901492
4369 7.242252
4370 9.363632
4371 8.123485
4372 7.745947
4373 5.732452
4374 7.074179
4375 7.050818
4376 6.300869
4377 7.003640
4378 8.635990
4379 6.244091
4380 7.459189
4381 8.750828
4382 8.828574
4383 9.657273
4384 10.513885
4385 9.251081
4386 9.415044
4387 9.302463
4388 9.242436
4389 8.769959
4390 9.921383
4391 8.023571
4392 9.878762
4393 9.959830
4394 10.264163
4395 8.977782
4396 9.832997
4397 8.944058
4398 9.060879
4399 9.002323
4400 8.167656
4401 9.426303
4402 9.625496
4403 8.928123
4404 9.500091
4405 9.328021
4406 10.499040
4407 9.940774
4408 9.760524
4409 8.070474
4410 9.235011
4411 10.426358
4412 9.127769
4413 10.022400
4414 10.089738
4415 9.183950
4416 8.148977
4417 7.875055
4418 5.857175
4419 7.618727
4420 6.359644
4421 8.581905
4422 6.636009
4423 8.353811
4424 8.637065
4425 8.895185
4426 6.966068
4427 7.273246
4428 7.158605
4429 8.587277
4430 8.663041
4431 8.541083
4432 8.301941
4433 9.580858
4434 8.927174
4435 8.062758
4436 8.508676
4437 8.772054
4438 8.745604
4439 8.665999
4440 7.214665
4441 6.320139
4442 6.998686
4443 8.403058
4444 8.731055
4445 8.959741
4446 8.051556
4447 8.576535
4448 8.168026
4449 8.018791
4450 7.410650
4451 7.152435
4452 8.410820
4453 8.864728
4454 8.635330
4455 6.507610
4456 8.986618
4457 5.610728
4458 7.850967
4459 6.361905
4460 7.250289
4461 7.719365
4462 5.432068
4463 5.660398
4464 5.983395
4465 5.519658
4466 6.371763
4467 5.234758
4468 7.317945
4469 7.775610
4470 9.612454
4471 9.901891
4472 8.799467
4473 7.818715
4474 9.078740
4475 8.325012
4476 7.467061
4477 8.942833
4478 9.236046
4479 9.558789
4480 9.019703
4481 8.200113
4482 10.054510
4483 8.485021
4484 9.715274
4485 7.919982
4486 8.086115
4487 9.204113
4488 7.466204
4489 8.491727
4490 8.228951
4491 7.756017
4492 7.929525
4493 9.313147
4494 7.078319
4495 8.058846
4496 6.707734
4497 7.748606
4498 7.218436
4499 7.310852
4500 5.840557
4501 5.992003
4502 6.129674
4503 5.554184
4504 5.968877
4505 8.014375
4506 6.093981
4507 7.781043
4508 7.364626
4509 5.736461
4510 7.961634
4511 7.737892
4512 9.179679
4513 7.213053
4514 7.362025
4515 9.607944
4516 9.720416
4517 9.787230
4518 7.754160
4519 7.919863
4520 8.045334
4521 8.595030
4522 9.088680
4523 9.198287
4524 9.466128
4525 8.650300
4526 10.044571
4527 10.452376
4528 11.650290
4529 10.266470
4530 11.190391
4531 7.309454
4532 7.768283
4533 8.115388
4534 7.138812
4535 6.405162
4536 8.541780
4537 7.269210
4538 8.125120
4539 9.953658
4540 8.146789
4541 7.548637
4542 9.358523
4543 8.615709
4544 8.224021
4545 7.870104
4546 7.898132
4547 8.139586
4548 8.059790
4549 8.621638
4550 6.787912
4551 8.565285
4552 8.564789
4553 8.307014
4554 8.241396
4555 8.534874
4556 8.666305
4557 7.994650
4558 8.326689
4559 8.581992
4560 8.405779
4561 8.872840
4562 9.534043
4563 8.726364
4564 7.562473
4565 8.796805
4566 7.457854
4567 6.955555
4568 5.766146
4569 7.240670
4570 8.368189
4571 7.116130
4572 6.039584
4573 6.315386
4574 8.072726
4575 9.544729
4576 9.375214
4577 9.190802
4578 10.417132
4579 10.144801
4580 7.872699
4581 7.751014
4582 7.833775
4583 8.112569
4584 9.736026
4585 10.183286
4586 10.216814
4587 8.397009
4588 7.071331
4589 7.310117
4590 5.926641
4591 6.994755
4592 5.960698
4593 6.033041
4594 7.545341
4595 7.052953
4596 6.393936
4597 7.090014
4598 8.014954
4599 7.934656
4600 6.793903
4601 6.965638
4602 6.270358
4603 6.427354
4604 6.620332
4605 6.622041
4606 6.419477
4607 6.389038
4608 7.310198
4609 6.550437
4610 7.210776
4611 8.158119
4612 5.811766
4613 9.553119
4614 8.383442
4615 10.233922
4616 10.225425
4617 9.047137
4618 8.854098
4619 8.495354
4620 6.566205
4621 6.270888
4622 5.379126
4623 5.677660
4624 7.409653
4625 8.235764
4626 5.019740
4627 6.333128
4628 6.106178
4629 5.356089
4630 7.426616
4631 6.403848
4632 6.306551
4633 6.941657
4634 7.744819
4635 7.456931
4636 7.351546
4637 7.042594
4638 7.397168
4639 7.640792
4640 8.234104
4641 9.254778
4642 7.478008
4643 8.435992
4644 6.951781
4645 7.594997
4646 7.827489
4647 8.871274
4648 8.645207
4649 7.354132
4650 6.932713
4651 7.950459
4652 8.449085
4653 7.613643
4654 6.855639
4655 9.419899
4656 8.534320
4657 7.830690
4658 8.284963
4659 7.975876
4660 8.942006
4661 8.981570
4662 8.466186
4663 7.455393
4664 7.300917
4665 8.062763
4666 9.346860
4667 10.713814
4668 8.105966
4669 8.152774
4670 9.664131
4671 9.439212
4672 9.163410
4673 8.371882
4674 8.050850
4675 7.576652
4676 6.390267
4677 5.809618
4678 10.260303
4679 8.060405
4680 7.181688
4681 7.381403
4682 6.816497
4683 7.723232
4684 7.597034
4685 5.689016
4686 6.551362
4687 7.490815
4688 6.354803
4689 6.366641
4690 6.308622
4691 6.799856
4692 6.715953
4693 5.173763
4694 6.153866
4695 6.156631
4696 6.368070
4697 6.570673
4698 7.172463
4699 8.708468
4700 8.838328
4701 8.838766
4702 9.184603
4703 8.759121
4704 10.075262
4705 9.681392
4706 9.308544
4707 8.638906
4708 8.884572
4709 5.999823
4710 5.787367
4711 5.690744
4712 6.903836
4713 7.695746
4714 7.429270
4715 7.102975
4716 6.111767
4717 6.358221
4718 7.891931
4719 6.906705
4720 7.411897
4721 7.570768
4722 9.155690
4723 9.083508
4724 6.345718
4725 8.613307
4726 6.862284
4727 7.530318
4728 7.584913
4729 6.614048
4730 7.681915
4731 8.314525
4732 8.789180
4733 7.584794
4734 8.554114
4735 8.955188
4736 9.035008
4737 8.340569
4738 8.316380
4739 8.203256
4740 8.596431
4741 9.664435
4742 6.838969
4743 8.566133
4744 6.868817
4745 7.513267
4746 6.816996
4747 6.900712
4748 6.418455
4749 6.511779
4750 7.054779
4751 6.778303
4752 5.605757
4753 6.058755
4754 6.164973
4755 6.953187
4756 6.477082
4757 7.463528
4758 8.623862
4759 9.261180
4760 7.102349
4761 7.557633
4762 6.123603
4763 6.732110
4764 5.973048
4765 8.222585
4766 7.461291
4767 7.988630
4768 5.948730
4769 6.337318
4770 5.830165
4771 6.573237
4772 5.983628
4773 5.918689
4774 6.477075
4775 6.603962
4776 6.725898
4777 5.347849
4778 5.197520
4779 6.520537
4780 6.885850
4781 6.539488
4782 4.884064
4783 6.665851
4784 6.168596
4785 5.729172
4786 6.640579
4787 5.866664
4788 6.239717
4789 6.093742
4790 6.892560
4791 6.711493
4792 7.404786
4793 5.891459
4794 6.355754
4795 6.358244
4796 6.754174
4797 5.961636
4798 7.423481
4799 4.577522
4800 6.341524
4801 7.126099
4802 5.557570
4803 7.536267
4804 6.410664
4805 6.467466
4806 7.751497
4807 9.347097
4808 9.473048
4809 9.920294
4810 8.781664
4811 9.465376
4812 9.986489
4813 8.374676
4814 6.829916
4815 6.261733
4816 6.596137
4817 6.297834
4818 6.229811
4819 5.740462
4820 6.466728
4821 5.864206
4822 4.600665
4823 6.559403
4824 5.261891
4825 5.568717
4826 5.768614
4827 6.108485
4828 6.521494
4829 5.771630
4830 5.190124
4831 6.038462
4832 6.742433
4833 7.365185
4834 6.467169
4835 6.567297
4836 5.578082
4837 5.995918
4838 6.646719
4839 6.490222
4840 5.470477
4841 5.999224
4842 7.170889
4843 6.630172
4844 6.553635
4845 7.257754
4846 6.588754
4847 6.669400
4848 6.755112
4849 6.679021
4850 5.849608
4851 6.549850
4852 3.587420
4853 3.021472
4854 3.493035
4855 3.068158
4856 3.762898
4857 3.674628
4858 3.628800
4859 4.055974
4860 3.857056
4861 3.438416
4862 3.480286
4863 3.823976
4864 3.471063
4865 3.593689
4866 3.412301
4867 3.376241
4868 3.176603
4869 3.337636
4870 3.815733
4871 3.981719
4872 3.238966
4873 3.885627
4874 3.572492
4875 3.388287
4876 3.379602
4877 3.700338
4878 3.410953
4879 3.439273
4880 3.788271
4881 3.083341
4882 3.839207
4883 3.209284
4884 3.851700
4885 3.448332
4886 3.804957
4887 3.801367
4888 3.174226
4889 3.192037
4890 3.860387
4891 3.538374
4892 3.579904
4893 3.501398
4894 3.341093
4895 3.189909
4896 3.755666
4897 3.938033
4898 3.611549
4899 3.462513
4900 3.567477
4901 3.863782
4902 3.444024
4903 3.163923
4904 3.289699
4905 3.878840
4906 3.730688
4907 3.141162
4908 3.942410
4909 3.388421
4910 3.891980
4911 3.466078
4912 3.361699
4913 3.346670
4914 3.944236
4915 3.528895
4916 3.521065
4917 3.572087
4918 3.587003
4919 3.460361
4920 3.651561
4921 3.651658
4922 3.450510
4923 4.177786
4924 3.826604
4925 3.695969
4926 3.570096
4927 3.728445
4928 3.738529
4929 3.713083
4930 3.755141
4931 3.507048
4932 3.732586
4933 3.529263
4934 3.575163
4935 3.734502
4936 3.201578
4937 3.710350
4938 3.878067
4939 3.863962
4940 3.854491
4941 3.360253
4942 3.410951
4943 3.848662
4944 3.474784
4945 3.282089
4946 3.408137
4947 3.817705
4948 3.501471
4949 3.470073
4950 3.537937
4951 3.632146
4952 3.364000
4953 3.672791
4954 3.769100
4955 3.105013
4956 3.458406
4957 3.715414
4958 3.368160
4959 3.883401
4960 3.455473
4961 3.741740
4962 3.836521
4963 3.966311
4964 3.284995
4965 3.547464
4966 3.968743
4967 3.937181
4968 3.688373
4969 3.599084
4970 3.286090
4971 3.515127
4972 3.922422
4973 3.587338
4974 3.188856
4975 3.543175
4976 3.624557
4977 3.416444
4978 3.707750
4979 3.875576
4980 3.533641
4981 3.973450
4982 3.970973
4983 3.796578
4984 3.871396
4985 3.711685
4986 3.713434
4987 3.445667
4988 3.296256
4989 3.500716
4990 3.386858
4991 3.123413
4992 3.467347
4993 3.235585
4994 3.626102
4995 3.784994
4996 3.562543
4997 3.533086
4998 3.870234
4999 3.145426
5000 3.163323
5001 3.751240

