0 3.518794
1 3.405453
2 3.245598
3 3.386458
4 4.646301
5 8.262505
6 4.573815
7 3.842578
8 3.358229
9 3.080145
10 3.360269
11 3.269021
12 3.687536
13 6.683737
14 5.076231
15 5.939579
16 6.027098
17 3.546914
18 7.922160
19 7.447906
20 5.772783
21 9.037262
22 12.604073
23 10.446190
24 13.544351
25 14.581284
26 19.577797
27 15.633724
28 18.162220
29 18.680115
30 17.236071
31 17.776543
32 18.004414
33 18.802454
34 16.327812
35 18.152229
36 18.095686
37 19.312540
38 19.207296
39 19.387560
40 17.322384
41 17.840012
42 15.908404
43 15.897935
44 19.614471
45 20.798668
46 17.477816
47 15.557183
48 14.380510
49 17.996994
50 14.938916
51 15.412937
52 14.632315
53 15.847886
54 15.432024
55 14.089477
56 16.047920
57 14.911160
58 14.762434
59 15.214277
60 15.438500
61 11.969297
62 13.068751
63 13.137773
64 12.292118
65 13.163911
66 12.663136
67 11.179271
68 12.478883
69 15.564393
70 16.441786
71 12.004170
72 14.802127
73 15.250406
74 16.157812
75 15.707766
76 14.945444
77 16.083435
78 15.865918
79 15.561885
80 16.828552
81 16.400301
82 16.968979
83 15.700896
84 16.397821
85 15.872108
86 15.032665
87 15.994634
88 15.721353
89 14.461399
90 13.512918
91 14.766940
92 14.353866
93 13.968811
94 14.916535
95 14.315777
96 13.499758
97 12.828769
98 13.994337
99 15.803497
100 15.181862
101 14.273115
102 16.667105
103 15.632712
104 16.841002
105 16.518023
106 15.013372
107 15.304890
108 15.612707
109 15.813727
110 16.928595
111 14.750691
112 15.016029
113 14.368089
114 14.163861
115 15.144970
116 15.678910
117 17.806978
118 17.177046
119 16.151348
120 16.102352
121 17.211487
122 16.610886
123 17.065161
124 13.378162
125 11.114322
126 12.100240
127 13.595861
128 13.769749
129 14.219386
130 13.275741
131 13.541531
132 12.079776
133 14.222858
134 13.254247
135 13.642656
136 13.443592
137 12.961777
138 13.806627
139 12.752256
140 14.444388
141 11.150252
142 18.020004
143 15.775109
144 12.331171
145 12.543242
146 12.763233
147 15.035882
148 12.770251
149 14.824212
150 15.457211
151 14.340212
152 12.861820
153 12.967728
154 15.018722
155 14.217821
156 15.369589
157 16.959480
158 16.614893
159 16.561346
160 13.211657
161 13.817328
162 12.289891
163 11.557773
164 13.795491
165 14.520854
166 16.019274
167 14.761916
168 16.259167
169 14.853921
170 13.455796
171 13.286336
172 10.953383
173 9.392920
174 10.246585
175 9.991765
176 9.046097
177 11.572925
178 10.167070
179 10.442634
180 8.811817
181 11.553946
182 13.796512
183 13.852785
184 12.665362
185 13.720312
186 12.918465
187 13.829172
188 10.487687
189 10.568208
190 11.340675
191 13.435484
192 10.308650
193 11.715138
194 10.396948
195 9.987096
196 10.475042
197 9.996626
198 10.425205
199 11.351839
200 11.453827
201 11.420973
202 13.018623
203 11.627364
204 12.635990
205 10.362341
206 11.326258
207 10.346037
208 10.237705
209 9.776759
210 10.460449
211 10.286291
212 9.664171
213 11.443012
214 12.495864
215 10.667192
216 12.836860
217 10.666930
218 11.684269
219 11.034724
220 11.116920
221 10.382069
222 9.776819
223 9.690078
224 10.407737
225 10.128494
226 9.227618
227 9.297576
228 10.872170
229 8.804009
230 9.321593
231 9.341808
232 11.041849
233 12.828856
234 12.906558
235 11.519637
236 11.698059
237 13.153096
238 14.444391
239 13.901169
240 11.315030
241 12.702389
242 11.659552
243 11.260791
244 14.569741
245 15.205252
246 15.342525
247 13.209711
248 12.774246
249 10.601039
250 13.214271
251 15.399043
252 14.234080
253 13.393401
254 12.042295
255 14.354709
256 14.322577
257 14.172954
258 12.689670
259 12.822241
260 12.553875
261 12.506621
262 12.268894
263 11.516582
264 11.244269
265 10.321342
266 13.342600
267 14.785539
268 15.963519
269 15.112479
270 15.515675
271 14.838511
272 14.098800
273 14.396236
274 14.222096
275 14.174911
276 14.953786
277 14.647494
278 14.749012
279 14.299043
280 13.956821
281 12.949415
282 13.897830
283 14.855062
284 13.087388
285 13.126410
286 15.214813
287 14.857139
288 14.587012
289 14.974399
290 13.580168
291 14.074736
292 15.348234
293 13.988122
294 16.133204
295 15.286469
296 15.515940
297 15.505959
298 16.328873
299 15.639315
300 16.578449
301 17.117970
302 14.464334
303 17.289610
304 15.473841
305 15.046535
306 15.280115
307 13.547976
308 11.515268
309 12.364668
310 11.960860
311 12.405048
312 11.806006
313 13.036974
314 12.562249
315 10.542153
316 13.131889
317 11.869258
318 10.638033
319 12.165808
320 12.964544
321 9.954000
322 15.735393
323 12.092391
324 12.671012
325 14.211945
326 14.573375
327 16.130177
328 16.242397
329 15.576172
330 15.429110
331 15.156166
332 14.657963
333 10.984557
334 8.217311
335 9.201375
336 8.169536
337 7.523524
338 12.044210
339 13.798182
340 13.984722
341 13.927852
342 15.805574
343 13.817225
344 13.021063
345 12.277906
346 13.279873
347 17.020309
348 14.939435
349 12.216015
350 13.092031
351 12.526610
352 15.726611
353 14.664201
354 16.409285
355 16.125889
356 18.166910
357 14.500317
358 13.862302
359 13.401273
360 13.320992
361 12.948335
362 14.591730
363 13.206747
364 14.113525
365 13.707259
366 12.918924
367 13.808387
368 12.744857
369 9.857914
370 11.531110
371 11.682079
372 9.322372
373 10.174360
374 13.001557
375 12.389126
376 11.338148
377 11.767320
378 13.671990
379 11.670588
380 13.673965
381 14.231546
382 13.337182
383 11.235986
384 13.140704
385 12.004875
386 12.635276
387 14.576149
388 15.034157
389 14.079494
390 11.234521
391 13.474721
392 15.252913
393 14.139551
394 15.458306
395 14.085768
396 14.853852
397 13.801527
398 13.459929
399 14.885582
400 13.876909
401 13.542133
402 13.932343
403 16.399071
404 14.156152
405 14.687043
406 14.972142
407 16.483479
408 13.971810
409 14.783728
410 13.924758
411 14.626315
412 12.054426
413 11.568459
414 11.797335
415 9.622325
416 13.948657
417 12.233225
418 10.983373
419 12.936132
420 11.769901
421 10.997177
422 14.067219
423 13.353190
424 16.465603
425 13.853733
426 12.228630
427 9.863291
428 10.142333
429 13.955825
430 14.224788
431 11.933806
432 13.497873
433 13.264858
434 11.642381
435 10.828000
436 10.885175
437 11.216389
438 12.746641
439 13.396123
440 11.829622
441 14.059816
442 10.985531
443 12.235082
444 8.858092
445 5.813443
446 12.399669
447 10.019991
448 12.504924
449 11.813947
450 9.279848
451 14.995750
452 14.162154
453 12.766388
454 15.687538
455 16.330236
456 13.267686
457 13.172384
458 13.674555
459 13.911960
460 14.404881
461 12.950528
462 16.717854
463 15.101526
464 15.703394
465 13.499109
466 13.737637
467 14.949614
468 16.861818
469 16.938753
470 14.518664
471 14.399806
472 12.014738
473 12.612069
474 15.299249
475 12.602466
476 13.644096
477 12.622434
478 13.100574
479 13.878135
480 13.591331
481 14.989713
482 15.063340
483 15.332273
484 13.763925
485 15.018933
486 16.053106
487 14.025428
488 13.843674
489 12.909369
490 15.078389
491 15.506868
492 16.416008
493 14.266677
494 16.475090
495 17.641685
496 16.436090
497 14.167729
498 16.474508
499 15.575384
500 14.697843
501 16.704208
502 15.051558
503 15.366552
504 15.684852
505 15.048764
506 16.308338
507 16.292849
508 16.221003
509 15.246999
510 16.655872
511 15.072087
512 14.566872
513 16.089760
514 15.372677
515 15.280466
516 17.223734
517 16.040680
518 14.359787
519 14.111507
520 14.685703
521 15.453224
522 11.854149
523 10.598591
524 9.729806
525 14.161645
526 11.404815
527 9.031694
528 9.667957
529 11.246360
530 9.340603
531 11.626494
532 13.634789
533 14.022051
534 12.506579
535 10.385493
536 9.728277
537 10.778209
538 8.578252
539 11.818134
540 9.780331
541 12.055182
542 11.661114
543 11.150023
544 10.324945
545 10.656168
546 12.861218
547 13.101699
548 12.554494
549 12.802851
550 12.406292
551 11.642536
552 12.399701
553 10.996093
554 12.271294
555 11.102476
556 11.778154
557 13.986781
558 10.893967
559 11.775978
560 13.029344
561 13.143157
562 13.536285
563 13.417979
564 11.605083
565 12.267868
566 10.179402
567 12.479061
568 13.430357
569 13.975039
570 16.259306
571 17.648241
572 15.294971
573 17.011307
574 13.741954
575 14.564420
576 12.779516
577 13.916235
578 16.016932
579 12.557116
580 12.715693
581 14.580100
582 16.247746
583 13.973299
584 11.961943
585 13.365801
586 11.527050
587 11.644165
588 13.806060
589 13.214942
590 12.434071
591 12.610305
592 11.850477
593 13.151287
594 14.263693
595 16.185268
596 15.347514
597 15.870034
598 14.285313
599 15.164414
600 16.586607
601 14.992167
602 14.894330
603 16.003721
604 16.935656
605 15.997617
606 12.557007
607 13.749507
608 15.043633
609 14.726759
610 15.900770
611 15.655138
612 17.010592
613 16.146563
614 16.441147
615 15.760105
616 15.295820
617 18.081852
618 17.286648
619 17.302605
620 17.816950
621 15.970006
622 15.828331
623 14.763101
624 15.874440
625 15.440859
626 13.875551
627 15.609322
628 14.636835
629 16.581665
630 15.386569
631 13.642712
632 12.234166
633 13.332568
634 15.329742
635 15.105871
636 14.421396
637 14.366521
638 13.717456
639 14.282083
640 13.486924
641 14.510441
642 11.952218
643 12.397685
644 14.491188
645 14.207671
646 14.981996
647 14.810090
648 13.463881
649 14.976190
650 14.145391
651 13.416920
652 11.381891
653 11.136908
654 8.159792
655 11.358472
656 10.249283
657 11.861308
658 10.229088
659 10.535020
660 12.360864
661 11.720898
662 10.269500
663 11.290682
664 12.324676
665 13.031520
666 12.258092
667 11.120079
668 12.232241
669 12.541741
670 10.385090
671 10.819481
672 11.487147
673 11.514494
674 10.576362
675 11.200365
676 10.896067
677 10.693387
678 12.016809
679 12.517790
680 14.364932
681 10.717023
682 13.148762
683 10.230645
684 12.027047
685 10.690919
686 10.861417
687 12.101654
688 10.639266
689 10.981118
690 12.585210
691 11.246905
692 10.660737
693 12.068712
694 13.206460
695 12.794851
696 10.308885
697 11.584647
698 11.383103
699 12.313415
700 13.175349
701 11.798763
702 10.048268
703 11.167927
704 12.681665
705 11.174212
706 11.384957
707 11.455004
708 10.126282
709 12.413766
710 12.932089
711 11.898962
712 9.872969
713 11.410544
714 13.810416
715 14.131450
716 14.408376
717 14.090524
718 15.083043
719 15.346732
720 11.675019
721 9.845945
722 9.984052
723 9.337564
724 11.866362
725 9.779639
726 13.344727
727 13.847434
728 13.604070
729 13.426992
730 13.130282
731 12.217386
732 11.759886
733 11.994588
734 12.729066
735 12.061493
736 12.143434
737 9.483808
738 12.020335
739 11.597267
740 10.289223
741 11.182576
742 9.049188
743 14.891855
744 16.103245
745 15.661592
746 14.147311
747 16.000292
748 15.315496
749 13.325150
750 16.010693
751 15.620944
752 15.292957
753 16.589767
754 14.049398
755 14.109237
756 15.695211
757 15.642345
758 13.811624
759 14.567426
760 14.354081
761 14.904460
762 14.092163
763 14.120419
764 14.857962
765 15.353083
766 14.983169
767 14.664929
768 14.876842
769 18.933935
770 17.177084
771 15.027053
772 15.574970
773 15.761982
774 14.128757
775 14.481116
776 13.755268
777 13.697312
778 14.014270
779 12.545711
780 13.542953
781 12.347007
782 13.567719
783 12.944474
784 13.349957
785 12.516569
786 12.701159
787 12.167110
788 14.381627
789 13.133258
790 14.358863
791 13.601195
792 13.739473
793 14.502221
794 14.740248
795 13.384801
796 13.760477
797 11.781521
798 12.444683
799 12.849782
800 12.652390
801 15.113935
802 13.165672
803 14.648979
804 14.089075
805 15.213643
806 14.369056
807 15.848664
808 13.808501
809 15.226909
810 14.049219
811 11.771600
812 12.835193
813 12.634784
814 10.484392
815 10.965054
816 9.527325
817 9.421172
818 8.745701
819 11.232689
820 8.848741
821 11.812232
822 12.528290
823 12.353256
824 12.343182
825 12.380156
826 11.572097
827 11.545389
828 12.054271
829 12.803135
830 12.746368
831 13.194524
832 13.185695
833 12.547004
834 12.350718
835 11.495461
836 12.245382
837 11.428815
838 11.172731
839 11.873644
840 11.175705
841 11.986224
842 10.675467
843 10.647466
844 12.700403
845 11.982544
846 11.432888
847 12.526412
848 11.623051
849 12.959757
850 12.647464
851 11.968534
852 11.430458
853 13.031463
854 13.362542
855 13.600405
856 13.137330
857 11.792854
858 12.888904
859 14.072762
860 12.769045
861 14.299460
862 12.595630
863 11.864611
864 13.551197
865 13.326201
866 11.148313
867 14.091262
868 12.661441
869 14.098585
870 11.397095
871 12.053656
872 14.118869
873 13.082110
874 13.680442
875 14.060538
876 13.751639
877 14.191893
878 13.383113
879 11.728197
880 10.719671
881 14.362906
882 14.109124
883 13.074499
884 10.357250
885 10.917885
886 10.893130
887 12.700248
888 14.813660
889 13.748676
890 13.091836
891 10.611979
892 12.588606
893 13.484559
894 13.472381
895 12.251999
896 10.084887
897 14.619556
898 11.784802
899 12.990233
900 14.626070
901 14.282021
902 14.747494
903 12.821236
904 15.168019
905 13.237595
906 12.601036
907 12.429114
908 12.473186
909 12.175008
910 11.117907
911 11.515754
912 14.393104
913 11.354275
914 13.676469
915 12.486810
916 13.537465
917 13.274811
918 12.017015
919 12.105111
920 10.389320
921 12.436727
922 12.103076
923 11.151523
924 10.289401
925 10.890456
926 10.748817
927 12.725526
928 14.330841
929 15.270199
930 14.392701
931 12.844961
932 14.442902
933 12.089701
934 11.874200
935 10.880332
936 10.380474
937 10.948469
938 10.509033
939 9.390826
940 11.100174
941 8.806595
942 9.214413
943 9.546400
944 10.502645
945 10.555356
946 10.825775
947 10.649734
948 11.098022
949 12.601279
950 14.297743
951 11.951778
952 10.961049
953 12.935415
954 12.287108
955 12.767806
956 12.033706
957 11.308512
958 13.700169
959 12.058406
960 12.790534
961 11.231513
962 10.912328
963 10.778748
964 7.029710
965 8.767257
966 9.511722
967 12.071968
968 10.317814
969 11.342350
970 5.988362
971 11.711708
972 11.079470
973 12.656941
974 13.036109
975 13.514170
976 12.540709
977 12.575548
978 10.805245
979 11.115200
980 10.728251
981 10.524318
982 11.290129
983 10.753357
984 9.965669
985 9.872224
986 11.700295
987 11.834607
988 11.677081
989 12.376377
990 9.377767
991 7.302514
992 8.641562
993 8.484964
994 10.883619
995 7.008110
996 10.360454
997 8.376602
998 10.022134
999 7.407435
1000 12.372042
1001 11.528334
1002 10.413470
1003 8.905919
1004 9.094719
1005 13.011771
1006 7.566399
1007 8.307884
1008 8.343463
1009 8.996698
1010 10.204559
1011 10.238076
1012 7.729043
1013 7.212830
1014 7.358628
1015 7.087270
1016 10.767327
1017 9.555095
1018 11.475511
1019 9.620420
1020 10.707984
1021 10.194539
1022 10.420891
1023 11.060141
1024 10.594314
1025 12.522494
1026 13.911487
1027 12.890438
1028 13.353428
1029 11.978062
1030 13.716180
1031 12.962070
1032 13.338778
1033 12.586718
1034 13.144254
1035 13.353601
1036 13.582538
1037 13.922683
1038 13.784472
1039 13.926483
1040 14.861699
1041 13.244089
1042 13.928152
1043 13.406269
1044 13.639159
1045 12.446301
1046 12.554713
1047 12.104519
1048 13.800466
1049 14.186297
1050 10.150578
1051 10.463777
1052 12.097815
1053 7.369438
1054 8.205141
1055 12.310047
1056 11.497430
1057 10.873917
1058 10.006572
1059 10.695529
1060 11.732714
1061 9.713543
1062 12.198138
1063 13.710853
1064 11.399239
1065 13.468906
1066 13.849643
1067 15.239151
1068 13.688319
1069 13.807984
1070 14.703639
1071 11.443019
1072 12.384733
1073 13.109345
1074 12.784465
1075 12.447948
1076 14.327938
1077 13.886111
1078 14.386641
1079 13.773209
1080 12.673770
1081 13.425190
1082 12.620207
1083 11.400009
1084 12.936448
1085 12.972593
1086 13.318773
1087 13.158892
1088 12.109954
1089 12.837511
1090 13.295071
1091 11.616343
1092 11.232502
1093 11.291228
1094 9.758592
1095 11.501947
1096 14.062762
1097 12.516018
1098 13.276031
1099 12.702525
1100 10.944197
1101 11.201511
1102 11.987720
1103 13.091017
1104 12.367162
1105 12.207447
1106 10.870631
1107 11.717002
1108 11.213433
1109 12.070302
1110 10.530001
1111 11.139903
1112 10.511619
1113 10.856976
1114 12.623902
1115 14.084408
1116 14.472515
1117 14.369318
1118 12.444586
1119 13.859008
1120 14.237783
1121 14.355505
1122 13.089581
1123 13.628400
1124 11.985685
1125 12.103906
1126 12.160520
1127 12.798012
1128 13.599134
1129 13.021326
1130 13.485844
1131 12.730943
1132 12.698293
1133 12.418026
1134 10.289748
1135 10.614491
1136 9.350698
1137 12.647354
1138 11.512638
1139 10.595448
1140 11.054922
1141 13.932038
1142 14.799067
1143 12.993179
1144 14.612178
1145 14.045074
1146 14.544120
1147 13.518725
1148 12.166912
1149 13.627465
1150 13.343367
1151 12.678177
1152 12.898520
1153 13.604629
1154 13.185922
1155 10.926248
1156 9.364368
1157 12.351696
1158 11.071825
1159 11.071205
1160 10.710242
1161 11.711347
1162 11.011411
1163 12.404172
1164 12.929911
1165 12.559893
1166 13.235447
1167 12.968302
1168 13.503145
1169 14.416694
1170 14.549235
1171 14.310785
1172 13.007539
1173 14.773741
1174 14.424250
1175 14.044778
1176 15.061480
1177 14.536277
1178 13.649806
1179 15.010783
1180 14.450529
1181 15.338027
1182 13.524398
1183 14.492485
1184 13.788451
1185 11.140920
1186 13.872112
1187 14.409732
1188 14.063831
1189 13.952912
1190 11.225083
1191 14.102942
1192 13.515189
1193 14.751451
1194 11.962281
1195 9.430701
1196 8.363384
1197 9.549644
1198 10.021046
1199 10.341905
1200 9.250707
1201 8.243756
1202 8.179867
1203 9.770905
1204 7.729442
1205 5.988858
1206 10.614078
1207 10.596240
1208 10.329729
1209 9.376358
1210 11.548935
1211 8.563295
1212 8.415421
1213 11.191985
1214 9.435380
1215 7.707482
1216 10.187081
1217 11.024502
1218 11.267531
1219 9.904994
1220 8.548388
1221 11.638728
1222 12.736363
1223 13.184804
1224 13.852281
1225 13.676643
1226 13.377910
1227 12.747256
1228 13.817710
1229 13.052090
1230 13.319823
1231 13.192040
1232 11.372081
1233 12.246393
1234 11.496003
1235 11.924433
1236 10.939333
1237 11.117883
1238 10.828709
1239 11.376189
1240 12.083929
1241 13.032136
1242 13.238297
1243 14.238523
1244 13.091599
1245 13.377570
1246 13.344086
1247 14.914766
1248 14.415396
1249 15.629632
1250 12.783162
1251 12.519010
1252 11.829611
1253 12.142570
1254 11.020295
1255 12.716543
1256 12.124496
1257 13.191235
1258 13.556087
1259 12.879957
1260 12.991818
1261 13.736814
1262 14.109262
1263 14.088356
1264 12.829582
1265 12.387032
1266 14.744282
1267 14.872966
1268 12.673007
1269 14.206145
1270 12.581734
1271 16.289766
1272 13.802867
1273 13.907701
1274 13.570045
1275 13.703264
1276 6.439241
1277 5.611401
1278 6.871570
1279 10.097471
1280 11.568848
1281 10.888671
1282 10.392423
1283 10.725781
1284 9.062011
1285 10.757958
1286 14.237593
1287 7.627698
1288 9.432424
1289 11.449352
1290 9.497102
1291 10.900377
1292 13.121068
1293 12.649958
1294 12.688581
1295 12.337404
1296 13.613827
1297 13.102132
1298 12.713430
1299 12.181421
1300 12.243388
1301 12.526075
1302 13.275021
1303 12.615064
1304 11.530785
1305 11.728005
1306 12.539063
1307 11.267743
1308 12.298965
1309 9.589553
1310 12.542639
1311 12.882350
1312 11.437260
1313 15.216299
1314 14.071279
1315 11.750668
1316 14.714635
1317 14.656969
1318 14.148305
1319 13.939219
1320 14.241914
1321 14.242311
1322 15.227522
1323 13.878321
1324 13.789264
1325 12.683102
1326 12.641997
1327 11.477568
1328 9.282833
1329 9.821229
1330 11.179019
1331 10.110738
1332 9.299366
1333 12.208982
1334 12.940699
1335 13.011065
1336 12.098291
1337 11.365499
1338 11.713618
1339 12.421358
1340 13.246615
1341 13.315234
1342 8.259830
1343 7.752038
1344 9.554188
1345 9.671447
1346 7.770868
1347 7.048319
1348 9.417089
1349 8.281968
1350 7.938115
1351 9.216997
1352 11.726159
1353 9.615039
1354 11.095589
1355 10.969471
1356 11.449809
1357 12.046849
1358 13.119532
1359 12.722759
1360 14.213791
1361 15.146149
1362 10.475585
1363 12.698089
1364 14.538667
1365 13.575663
1366 13.648868
1367 13.406620
1368 13.291387
1369 14.139168
1370 15.013263
1371 14.950232
1372 15.375420
1373 15.774163
1374 13.502846
1375 15.102336
1376 12.911386
1377 14.690472
1378 15.124062
1379 14.901421
1380 14.230264
1381 15.199742
1382 15.197042
1383 14.070010
1384 15.085533
1385 13.945312
1386 13.917220
1387 13.323892
1388 12.216327
1389 14.081195
1390 14.326914
1391 15.610081
1392 14.094908
1393 14.360873
1394 14.149216
1395 14.031387
1396 12.069673
1397 12.799806
1398 13.819410
1399 13.586148
1400 14.351730
1401 13.596487
1402 11.063967
1403 11.378098
1404 14.655313
1405 13.993805
1406 15.396029
1407 15.253436
1408 14.090593
1409 15.208170
1410 15.407331
1411 15.613976
1412 12.961399
1413 12.217303
1414 13.135910
1415 13.589487
1416 12.181795
1417 11.143919
1418 11.394513
1419 10.697017
1420 11.289133
1421 12.433641
1422 11.554005
1423 12.091058
1424 11.904881
1425 11.787835
1426 9.104387
1427 10.504215
1428 11.712977
1429 10.407428
1430 13.348948
1431 14.482783
1432 12.653418
1433 12.491668
1434 14.105664
1435 12.897837
1436 12.891677
1437 13.303620
1438 12.967575
1439 13.526243
1440 12.953025
1441 13.006533
1442 12.368308
1443 14.214478
1444 13.011207
1445 12.024115
1446 12.564755
1447 13.794660
1448 13.634639
1449 13.810570
1450 11.844000
1451 13.606080
1452 12.719300
1453 12.705958
1454 13.299667
1455 12.147515
1456 12.194572
1457 12.578303
1458 12.136563
1459 9.740327
1460 12.028028
1461 11.963047
1462 12.764942
1463 13.103719
1464 12.376563
1465 13.499320
1466 12.560532
1467 13.949419
1468 14.507918
1469 12.265862
1470 10.729483
1471 14.047133
1472 13.127508
1473 13.813836
1474 12.300105
1475 13.011169
1476 13.181911
1477 11.474500
1478 12.796876
1479 11.688619
1480 13.145647
1481 13.076495
1482 11.919919
1483 12.340520
1484 11.940324
1485 13.262423
1486 12.774893
1487 13.216937
1488 11.422179
1489 12.108730
1490 11.511112
1491 9.333840
1492 9.588483
1493 8.726681
1494 14.605756
1495 13.420115
1496 11.637056
1497 14.712651
1498 15.107643
1499 11.157525
1500 11.909276
1501 10.225581
1502 12.050978
1503 12.922110
1504 13.725315
1505 14.677020
1506 14.517537
1507 14.457101
1508 14.379006
1509 14.104203
1510 14.249248
1511 13.185148
1512 13.105824
1513 13.954018
1514 13.325784
1515 12.335939
1516 13.468927
1517 14.190424
1518 12.387523
1519 13.265664
1520 13.161847
1521 14.206996
1522 13.448452
1523 13.937255
1524 13.438581
1525 13.493770
1526 15.146492
1527 14.874312
1528 15.333972
1529 13.307089
1530 14.582573
1531 14.500734
1532 14.074439
1533 15.373800
1534 14.923047
1535 14.319211
1536 15.021523
1537 14.775992
1538 13.325965
1539 11.569555
1540 13.708010
1541 13.666699
1542 13.935656
1543 14.167549
1544 14.160726
1545 14.286095
1546 14.591670
1547 11.993404
1548 13.227800
1549 13.175170
1550 14.836812
1551 12.426598
1552 10.980462
1553 12.422025
1554 11.391902
1555 9.209723
1556 10.759508
1557 10.322557
1558 11.248028
1559 10.843385
1560 11.517372
1561 13.620317
1562 12.731265
1563 12.784901
1564 13.397226
1565 12.773023
1566 13.166511
1567 14.068213
1568 14.130198
1569 13.578201
1570 14.259301
1571 12.576191
1572 13.692677
1573 12.705863
1574 11.648117
1575 13.264309
1576 13.051368
1577 13.657287
1578 13.166012
1579 13.084295
1580 13.024179
1581 11.504634
1582 14.057641
1583 13.819724
1584 12.445489
1585 13.993316
1586 12.282129
1587 14.880552
1588 13.755385
1589 13.593594
1590 15.679254
1591 13.423058
1592 14.589973
1593 15.551438
1594 14.845905
1595 14.037787
1596 14.348387
1597 15.392350
1598 14.534935
1599 15.281653
1600 15.493035
1601 14.284434
1602 15.741417
1603 14.413763
1604 14.534266
1605 13.530963
1606 13.908477
1607 12.626378
1608 14.021220
1609 14.485359
1610 13.593372
1611 12.267571
1612 13.628394
1613 14.255922
1614 13.686039
1615 13.406078
1616 14.080929
1617 14.446742
1618 13.937466
1619 13.267360
1620 13.448070
1621 12.628254
1622 12.510019
1623 13.121639
1624 11.887982
1625 11.897420
1626 11.058630
1627 10.993443
1628 11.557625
1629 12.247032
1630 13.493271
1631 14.420352
1632 15.460999
1633 13.466258
1634 11.265321
1635 13.750030
1636 14.391472
1637 14.803925
1638 12.980790
1639 13.450419
1640 12.747048
1641 14.442251
1642 14.020140
1643 12.397425
1644 14.204779
1645 14.137222
1646 15.286502
1647 13.902792
1648 13.035621
1649 12.842044
1650 13.075604
1651 14.039581
1652 14.315591
1653 13.344310
1654 14.069057
1655 14.780886
1656 13.933883
1657 13.957902
1658 14.402313
1659 14.648942
1660 12.889258
1661 13.657125
1662 13.598772
1663 14.219668
1664 15.138336
1665 14.139961
1666 14.562037
1667 13.990261
1668 15.255966
1669 14.185466
1670 15.478792
1671 14.551265
1672 14.174376
1673 13.767840
1674 14.660562
1675 13.332377
1676 13.380270
1677 13.320222
1678 13.017207
1679 11.324921
1680 14.126243
1681 13.168529
1682 15.360059
1683 14.900723
1684 13.740619
1685 14.554412
1686 14.425730
1687 12.296592
1688 11.147019
1689 11.296094
1690 12.445827
1691 11.419320
1692 12.059411
1693 11.394784
1694 11.595437
1695 12.535976
1696 15.980971
1697 14.995923
1698 12.622098
1699 13.564432
1700 12.581782
1701 13.668797
1702 13.403232
1703 12.985970
1704 11.198044
1705 12.470405
1706 13.161594
1707 11.900745
1708 12.905774
1709 11.261888
1710 12.081835
1711 12.612828
1712 12.282529
1713 12.184785
1714 12.424891
1715 11.415956
1716 12.170546
1717 12.791193
1718 13.510337
1719 13.407246
1720 14.169974
1721 14.365522
1722 13.584280
1723 14.030043
1724 14.159945
1725 14.265487
1726 14.611877
1727 13.701526
1728 13.539441
1729 13.249367
1730 15.069288
1731 15.516565
1732 13.180419
1733 12.839599
1734 13.099529
1735 12.212243
1736 12.070412
1737 11.241998
1738 12.549908
1739 12.807820
1740 11.974934
1741 10.963987
1742 10.737107
1743 11.533926
1744 12.213868
1745 12.063602
1746 13.155325
1747 10.834332
1748 13.023388
1749 14.924953
1750 14.602556
1751 15.175205
1752 15.057107
1753 15.271967
1754 13.814237
1755 12.029673
1756 12.551803
1757 12.941234
1758 13.648625
1759 11.964258
1760 11.626770
1761 12.789924
1762 13.011460
1763 12.240679
1764 11.368487
1765 12.251523
1766 11.424246
1767 12.862854
1768 13.491045
1769 14.359344
1770 14.230055
1771 13.095568
1772 14.449349
1773 13.257624
1774 13.426947
1775 13.922337
1776 14.371183
1777 14.284795
1778 16.235828
1779 15.788559
1780 13.338579
1781 11.511182
1782 11.445224
1783 12.577052
1784 13.262495
1785 14.578637
1786 15.458730
1787 13.909382
1788 15.585807
1789 13.555177
1790 15.124394
1791 14.271917
1792 15.971506
1793 15.361603
1794 15.064398
1795 14.726364
1796 14.597757
1797 13.453198
1798 12.892833
1799 13.473911
1800 13.659761
1801 13.950684
1802 14.251355
1803 13.537121
1804 13.130889
1805 14.456024
1806 13.984728
1807 12.236936
1808 13.029229
1809 11.790185
1810 11.969692
1811 11.244310
1812 14.050719
1813 14.151020
1814 14.597089
1815 15.066847
1816 15.117408
1817 14.400258
1818 14.574391
1819 15.574753
1820 14.023019
1821 12.846455
1822 14.150798
1823 11.166398
1824 11.692494
1825 12.142702
1826 8.571077
1827 12.271696
1828 11.091089
1829 10.546114
1830 8.254015
1831 8.471937
1832 10.544180
1833 10.256837
1834 11.188052
1835 14.339486
1836 13.877363
1837 14.202163
1838 14.384056
1839 12.907827
1840 13.257082
1841 12.545013
1842 11.287825
1843 12.289218
1844 11.328290
1845 13.522301
1846 13.004772
1847 11.848057
1848 12.410608
1849 12.434603
1850 14.317088
1851 14.145593
1852 11.301708
1853 12.902850
1854 13.496511
1855 12.607757
1856 13.989360
1857 13.512355
1858 14.652419
1859 14.792758
1860 14.383944
1861 13.688316
1862 14.089360
1863 14.206473
1864 12.848227
1865 13.831419
1866 13.509315
1867 13.703849
1868 13.548468
1869 11.720142
1870 10.773754
1871 11.560783
1872 13.199608
1873 11.936285
1874 12.186556
1875 13.105807
1876 12.024190
1877 12.586818
1878 11.833665
1879 12.149085
1880 9.900254
1881 11.626871
1882 12.560264
1883 12.313692
1884 12.521012
1885 13.509954
1886 14.042026
1887 10.237312
1888 12.708456
1889 10.729724
1890 10.663455
1891 13.863037
1892 12.450469
1893 11.670654
1894 11.897003
1895 12.039805
1896 11.936242
1897 9.780128
1898 11.138377
1899 11.199188
1900 11.579830
1901 10.653610
1902 12.665265
1903 10.643160
1904 10.575527
1905 9.615413
1906 8.500069
1907 7.346189
1908 8.483320
1909 7.373162
1910 7.217735
1911 8.923957
1912 9.474010
1913 7.342411
1914 8.167719
1915 9.999248
1916 10.364079
1917 6.513319
1918 9.103896
1919 9.351159
1920 10.756740
1921 8.308803
1922 7.757620
1923 8.659986
1924 7.442978
1925 10.001889
1926 9.786617
1927 11.020093
1928 8.453752
1929 7.151684
1930 8.921469
1931 7.822787
1932 8.700685
1933 7.363749
1934 8.776979
1935 7.660353
1936 7.715755
1937 11.771383
1938 10.711216
1939 9.397561
1940 11.636232
1941 13.862887
1942 13.725470
1943 13.899693
1944 15.285772
1945 14.677249
1946 14.110794
1947 13.244841
1948 14.334167
1949 14.268333
1950 13.815101
1951 14.996277
1952 15.064575
1953 15.055750
1954 14.743161
1955 14.562943
1956 13.551502
1957 14.304357
1958 14.227459
1959 14.447740
1960 11.959754
1961 10.868952
1962 10.461426
1963 10.634679
1964 7.628688
1965 8.348947
1966 8.134040
1967 10.420816
1968 12.697875
1969 10.633462
1970 13.728354
1971 12.646259
1972 11.350807
1973 11.786052
1974 11.702404
1975 10.200320
1976 7.727436
1977 9.104520
1978 8.159786
1979 8.427841
1980 6.981210
1981 5.467448
1982 8.336864
1983 9.846615
1984 12.459817
1985 12.204004
1986 13.137083
1987 13.056453
1988 10.415975
1989 10.981084
1990 11.248986
1991 8.901264
1992 10.478593
1993 12.330848
1994 11.968194
1995 11.820682
1996 11.862857
1997 12.966285
1998 13.522907
1999 12.873160
2000 12.737429
2001 12.064049
2002 12.491063
2003 8.561565
2004 9.901700
2005 9.948994
2006 9.619181
2007 10.916682
2008 11.743717
2009 12.093511
2010 10.707768
2011 11.062992
2012 9.613728
2013 10.528574
2014 9.802461
2015 9.986856
2016 9.980645
2017 10.242759
2018 7.729225
2019 8.011102
2020 8.324429
2021 8.073351
2022 13.022628
2023 13.221292
2024 12.017303
2025 11.887297
2026 11.953068
2027 12.584109
2028 13.115337
2029 12.559069
2030 13.350749
2031 13.526999
2032 12.598577
2033 13.875286
2034 13.849084
2035 12.164064
2036 12.362052
2037 13.476385
2038 12.363821
2039 12.311263
2040 13.206735
2041 11.840199
2042 12.516921
2043 12.547599
2044 13.316338
2045 11.491289
2046 12.968769
2047 12.497979
2048 12.939946
2049 8.378295
2050 10.158647
2051 10.519152
2052 7.215637
2053 9.191423
2054 6.136042
2055 7.885920
2056 8.640182
2057 11.531528
2058 10.820780
2059 9.613539
2060 11.736887
2061 12.668579
2062 12.395582
2063 11.557175
2064 11.495478
2065 12.729686
2066 12.398237
2067 11.717801
2068 12.477366
2069 11.810740
2070 11.454891
2071 12.076838
2072 13.395597
2073 13.019164
2074 9.702210
2075 7.338479
2076 8.386537
2077 8.887193
2078 9.386769
2079 9.709650
2080 11.707479
2081 13.834799
2082 14.126320
2083 13.405241
2084 15.180454
2085 14.190273
2086 14.657825
2087 13.541807
2088 13.959724
2089 13.528243
2090 14.892050
2091 14.662831
2092 13.414948
2093 13.370688
2094 14.358253
2095 15.147229
2096 14.042073
2097 14.000734
2098 12.200571
2099 10.606801
2100 10.597259
2101 12.180831
2102 9.800664
2103 11.945294
2104 11.835897
2105 12.093619
2106 13.215608
2107 13.760177
2108 15.175845
2109 14.945814
2110 15.258787
2111 15.125484
2112 15.317161
2113 13.442131
2114 14.858601
2115 15.205914
2116 13.652086
2117 15.156949
2118 14.770164
2119 15.916115
2120 15.478971
2121 15.218914
2122 15.304565
2123 14.788783
2124 13.088769
2125 14.672576
2126 13.992608
2127 15.856539
2128 15.082673
2129 15.215257
2130 14.625645
2131 15.080056
2132 13.669767
2133 13.908139
2134 14.280983
2135 15.043040
2136 14.625690
2137 13.709075
2138 14.350698
2139 14.788132
2140 14.014772
2141 13.942361
2142 14.789124
2143 14.630551
2144 14.106242
2145 14.645277
2146 14.168239
2147 12.372631
2148 11.529431
2149 10.304677
2150 10.444102
2151 11.724823
2152 11.474778
2153 12.737661
2154 14.923611
2155 14.578892
2156 14.276702
2157 13.582289
2158 13.691820
2159 14.047582
2160 13.199552
2161 13.546239
2162 13.748007
2163 13.576780
2164 13.699363
2165 13.872382
2166 14.429406
2167 15.148295
2168 13.864436
2169 13.927602
2170 15.726318
2171 14.219808
2172 14.850227
2173 14.896274
2174 15.674635
2175 14.113563
2176 14.647615
2177 14.305628
2178 14.525411
2179 13.904495
2180 13.572931
2181 15.043247
2182 15.428146
2183 15.339195
2184 15.230091
2185 14.819206
2186 15.230644
2187 15.057611
2188 14.128150
2189 13.750655
2190 13.261532
2191 14.068974
2192 15.102666
2193 12.412013
2194 12.939375
2195 12.481001
2196 13.184134
2197 12.755936
2198 13.166102
2199 13.617393
2200 15.677388
2201 15.953101
2202 14.306148
2203 12.947541
2204 13.146881
2205 15.284412
2206 15.499077
2207 14.241731
2208 14.538156
2209 12.907180
2210 13.362195
2211 14.419827
2212 15.710109
2213 13.207703
2214 14.380519
2215 13.965514
2216 13.361355
2217 12.507117
2218 11.393044
2219 13.930674
2220 13.716249
2221 13.064307
2222 12.664356
2223 13.258829
2224 12.068911
2225 10.940242
2226 9.647969
2227 12.183605
2228 11.384749
2229 10.980282
2230 14.904048
2231 15.657578
2232 16.012396
2233 15.127081
2234 15.646115
2235 15.880911
2236 14.120128
2237 15.785036
2238 14.801694
2239 13.597004
2240 14.166822
2241 14.339548
2242 14.465150
2243 12.961697
2244 14.309187
2245 14.696025
2246 13.783044
2247 14.676695
2248 13.652931
2249 14.632710
2250 14.038588
2251 15.217186
2252 14.690437
2253 15.292106
2254 15.996128
2255 14.025414
2256 14.929232
2257 15.210610
2258 12.911608
2259 11.729599
2260 12.419961
2261 12.508016
2262 12.495159
2263 12.592295
2264 12.340671
2265 12.710820
2266 13.022865
2267 15.667531
2268 14.988830
2269 15.246264
2270 14.980268
2271 14.029931
2272 17.433157
2273 15.202300
2274 15.023375
2275 14.693107
2276 14.854637
2277 15.460200
2278 15.178617
2279 15.922707
2280 13.319898
2281 15.566047
2282 16.213270
2283 14.095936
2284 14.835325
2285 14.759450
2286 15.952508
2287 13.715905
2288 13.351137
2289 14.093534
2290 14.363181
2291 12.434308
2292 12.983152
2293 12.006316
2294 12.804005
2295 12.887785
2296 11.957644
2297 10.388239
2298 8.817768
2299 8.591001
2300 9.933016
2301 10.805245
2302 8.543282
2303 12.564287
2304 13.332223
2305 11.958382
2306 14.481394
2307 13.357678
2308 11.115640
2309 11.710380
2310 14.831549
2311 14.887547
2312 15.139030
2313 13.757696
2314 12.039208
2315 14.448151
2316 13.404005
2317 14.652012
2318 14.108253
2319 13.182233
2320 13.434173
2321 13.197007
2322 13.535328
2323 12.978153
2324 13.983807
2325 14.367058
2326 14.237702
2327 13.415494
2328 10.911852
2329 13.186118
2330 12.360586
2331 12.865291
2332 11.457273
2333 11.993720
2334 12.488012
2335 13.343482
2336 11.991010
2337 12.227514
2338 11.436296
2339 10.864594
2340 10.195915
2341 8.927315
2342 9.575370
2343 8.970342
2344 12.301516
2345 11.376390
2346 14.953696
2347 14.142115
2348 14.707368
2349 13.896547
2350 14.775604
2351 12.594557
2352 14.345243
2353 13.147358
2354 14.272248
2355 14.358991
2356 12.787163
2357 13.092356
2358 11.985025
2359 13.309507
2360 12.479490
2361 12.811910
2362 12.182097
2363 10.536716
2364 11.034684
2365 11.121390
2366 10.136736
2367 13.070658
2368 9.827660
2369 11.257716
2370 10.134860
2371 11.943641
2372 11.773754
2373 11.955483
2374 12.325182
2375 13.836288
2376 11.223250
2377 11.553138
2378 11.307881
2379 11.765326
2380 11.927306
2381 9.874520
2382 11.432640
2383 12.005103
2384 10.432672
2385 8.957265
2386 7.769950
2387 10.724166
2388 11.344977
2389 8.101938
2390 8.552999
2391 10.674765
2392 10.879123
2393 10.046659
2394 10.094583
2395 11.353434
2396 7.568852
2397 9.654365
2398 10.146103
2399 10.771130
2400 13.542254
2401 14.715634
2402 14.019426
2403 15.367971
2404 13.308044
2405 12.862246
2406 13.154957
2407 14.731931
2408 13.520084
2409 13.913752
2410 14.141204
2411 14.160527
2412 13.233165
2413 13.568383
2414 13.365112
2415 14.064816
2416 14.218109
2417 14.766479
2418 12.967966
2419 12.322938
2420 12.739555
2421 12.915884
2422 13.650438
2423 14.541533
2424 12.936883
2425 13.802413
2426 13.566381
2427 13.496496
2428 13.007684
2429 13.858234
2430 13.483628
2431 15.116697
2432 12.579289
2433 12.570107
2434 12.758265
2435 10.099157
2436 11.791131
2437 13.462212
2438 13.555020
2439 12.114872
2440 11.848683
2441 12.830668
2442 13.102810
2443 12.538660
2444 14.144636
2445 12.565699
2446 15.382620
2447 15.377091
2448 15.290338
2449 15.624117
2450 15.283586
2451 15.207689
2452 14.113631
2453 15.133252
2454 14.864038
2455 13.716827
2456 14.522568
2457 14.592689
2458 15.263081
2459 13.679589
2460 15.459206
2461 18.638063
2462 15.456179
2463 15.495745
2464 13.922692
2465 14.244846
2466 14.541767
2467 13.600071
2468 13.733036
2469 14.170482
2470 13.367015
2471 13.718144
2472 14.818762
2473 13.933792
2474 12.776831
2475 13.067327
2476 14.491243
2477 12.190475
2478 13.975581
2479 14.564115
2480 15.410740
2481 14.940208
2482 14.205698
2483 14.057804
2484 14.982256
2485 14.959682
2486 14.353263
2487 12.981190
2488 14.867236
2489 15.264574
2490 14.752132
2491 15.425375
2492 14.161840
2493 13.615292
2494 15.022761
2495 14.539079
2496 14.830973
2497 14.589931
2498 14.825345
2499 13.598768
2500 14.087804
2501 14.619649
2502 14.302382
2503 14.610840
2504 11.871154
2505 12.524414
2506 12.599345
2507 12.027971
2508 13.578621
2509 11.237816
2510 13.952474
2511 15.559982
2512 13.763788
2513 14.134166
2514 14.749497
2515 14.055929
2516 11.578384
2517 12.494276
2518 11.918559
2519 13.114770
2520 12.494418
2521 11.967946
2522 9.715410
2523 12.023700
2524 12.660589
2525 12.694685
2526 11.607697
2527 12.290699
2528 11.975533
2529 11.294428
2530 11.334210
2531 14.168670
2532 12.443718
2533 12.765061
2534 12.289942
2535 11.315285
2536 11.923606
2537 12.231441
2538 13.322471
2539 10.677296
2540 11.144767
2541 11.146562
2542 12.242618
2543 13.118159
2544 12.860802
2545 11.207880
2546 11.455479
2547 11.659737
2548 11.446247
2549 13.630877
2550 12.701285
2551 12.579689
2552 13.681532
2553 11.948297
2554 12.591777
2555 14.016908
2556 13.554932
2557 14.990885
2558 13.386242
2559 13.999232
2560 14.949367
2561 15.350875
2562 15.370291
2563 12.967840
2564 11.027694
2565 11.365684
2566 10.048813
2567 9.935493
2568 10.772397
2569 13.704602
2570 14.262783
2571 12.686932
2572 12.345000
2573 12.678384
2574 13.239557
2575 14.106828
2576 14.546286
2577 13.174828
2578 12.266853
2579 12.883002
2580 14.858770
2581 14.678764
2582 14.982236
2583 13.935786
2584 12.211853
2585 12.072404
2586 11.748693
2587 13.108787
2588 13.691257
2589 14.744031
2590 12.878640
2591 13.403744
2592 14.204149
2593 12.519200
2594 13.316058
2595 12.767839
2596 10.732032
2597 9.755367
2598 11.809068
2599 12.025174
2600 13.254454
2601 13.587148
2602 11.996553
2603 12.611302
2604 12.469667
2605 11.748198
2606 11.362011
2607 11.509137
2608 10.979321
2609 12.041703
2610 12.062260
2611 10.008091
2612 11.891091
2613 11.472031
2614 12.559958
2615 14.386385
2616 13.183528
2617 13.504965
2618 11.739861
2619 11.712599
2620 12.918458
2621 11.115263
2622 13.258271
2623 11.796906
2624 12.737745
2625 13.591389
2626 10.366489
2627 9.793971
2628 9.907179
2629 9.723142
2630 10.761136
2631 10.222760
2632 10.281362
2633 7.232987
2634 8.089470
2635 7.480310
2636 8.437517
2637 9.438651
2638 10.124278
2639 9.677079
2640 10.634952
2641 7.946301
2642 9.666567
2643 10.472948
2644 10.186276
2645 13.367167
2646 12.681267
2647 11.605645
2648 12.040954
2649 11.360303
2650 11.104370
2651 12.242852
2652 13.498013
2653 12.364847
2654 10.351068
2655 12.513022
2656 10.421736
2657 12.070499
2658 11.180100
2659 10.889850
2660 11.178827
2661 12.011884
2662 12.718760
2663 10.556788
2664 10.256883
2665 12.202238
2666 12.163637
2667 9.788003
2668 12.141640
2669 10.410013
2670 10.047354
2671 10.243036
2672 10.449183
2673 9.655240
2674 11.529451
2675 12.167247
2676 12.694744
2677 12.744752
2678 12.070107
2679 10.745892
2680 11.063802
2681 11.882648
2682 10.629531
2683 10.876885
2684 11.252462
2685 11.327003
2686 11.443405
2687 11.212431
2688 12.182432
2689 10.335542
2690 12.894440
2691 13.152027
2692 10.714429
2693 9.712828
2694 12.808908
2695 11.165110
2696 10.950672
2697 11.455715
2698 12.558558
2699 11.888539
2700 12.827350
2701 12.245988
2702 11.676716
2703 12.038860
2704 11.542617
2705 10.866265
2706 11.147579
2707 10.627765
2708 13.275697
2709 11.175452
2710 11.547650
2711 12.030620
2712 13.469651
2713 12.782407
2714 12.927296
2715 12.938509
2716 10.192478
2717 12.483100
2718 9.833591
2719 9.265879
2720 11.754719
2721 12.687608
2722 12.535334
2723 12.027548
2724 12.828851
2725 13.183100
2726 14.616820
2727 11.702674
2728 14.185371
2729 14.147361
2730 12.901014
2731 11.527136
2732 13.206425
2733 12.885130
2734 16.056044
2735 12.874318
2736 11.781997
2737 13.000965
2738 12.339739
2739 12.451724
2740 12.006458
2741 11.449899
2742 11.749474
2743 12.978397
2744 13.114121
2745 12.613739
2746 14.639948
2747 12.810783
2748 12.265082
2749 11.753367
2750 11.851286
2751 12.260520
2752 11.742715
2753 11.994706
2754 12.357880
2755 11.160081
2756 12.635609
2757 13.317749
2758 13.116758
2759 11.160579
2760 11.723973
2761 11.677605
2762 11.682575
2763 12.196643
2764 11.701728
2765 12.288664
2766 12.904771
2767 12.871758
2768 11.642601
2769 11.835848
2770 12.537969
2771 11.431049
2772 12.463724
2773 10.388938
2774 13.320830
2775 12.592733
2776 12.516414
2777 11.129206
2778 13.238204
2779 12.710081
2780 12.594895
2781 11.512289
2782 13.700405
2783 13.499134
2784 13.420247
2785 12.351510
2786 11.612930
2787 12.289078
2788 11.103198
2789 12.467977
2790 13.865427
2791 11.671367
2792 12.590663
2793 11.860512
2794 11.881657
2795 11.263614
2796 13.442698
2797 10.213252
2798 12.067121
2799 10.857947
2800 10.159251
2801 11.474506
2802 12.342038
2803 13.621983
2804 13.651179
2805 13.319364
2806 12.136518
2807 10.942952
2808 12.175111
2809 13.330872
2810 12.976413
2811 13.083952
2812 11.454961
2813 9.285902
2814 10.170412
2815 12.416685
2816 11.547177
2817 10.741034
2818 10.651672
2819 12.931305
2820 13.186435
2821 12.304873
2822 13.988586
2823 15.082182
2824 14.672956
2825 13.897210
2826 13.794885
2827 13.742410
2828 14.438420
2829 12.520991
2830 13.220220
2831 12.233967
2832 12.638051
2833 13.965074
2834 11.558140
2835 11.870573
2836 12.141110
2837 10.155911
2838 11.314176
2839 11.195465
2840 11.301236
2841 12.653989
2842 12.165774
2843 12.848541
2844 11.400446
2845 12.575161
2846 11.946053
2847 10.629869
2848 11.650467
2849 10.980945
2850 9.245722
2851 9.638298
2852 11.047960
2853 12.526655
2854 11.884596
2855 11.968447
2856 11.134443
2857 12.943569
2858 13.066892
2859 11.944927
2860 13.383025
2861 11.708264
2862 11.658620
2863 12.745642
2864 13.042303
2865 13.210231
2866 13.402214
2867 13.812023
2868 13.539743
2869 12.767245
2870 11.071442
2871 11.924049
2872 11.944986
2873 11.025341
2874 11.074912
2875 11.716782
2876 12.750255
2877 11.777121
2878 11.025331
2879 10.939443
2880 10.687271
2881 9.825314
2882 11.078354
2883 12.564771
2884 10.854883
2885 9.939858
2886 11.246096
2887 12.700691
2888 14.116583
2889 13.105797
2890 14.196552
2891 13.741250
2892 12.486575
2893 14.221845
2894 13.763522
2895 14.368484
2896 14.890311
2897 14.335474
2898 13.647130
2899 14.499330
2900 14.691957
2901 14.957212
2902 14.659145
2903 12.653193
2904 13.639947
2905 13.575518
2906 13.541001
2907 14.396658
2908 14.367193
2909 12.005867
2910 13.569062
2911 13.674783
2912 14.132411
2913 13.183704
2914 12.441655
2915 12.984856
2916 10.674612
2917 11.803651
2918 10.252893
2919 11.443254
2920 9.983082
2921 11.670176
2922 9.925896
2923 8.446740
2924 9.664806
2925 10.678361
2926 10.363001
2927 10.649782
2928 11.456584
2929 10.320894
2930 10.284480
2931 10.600176
2932 11.125793
2933 12.048779
2934 12.612520
2935 11.521586
2936 11.823697
2937 12.818365
2938 12.639008
2939 12.193040
2940 11.970941
2941 11.440220
2942 12.589490
2943 11.168090
2944 9.802710
2945 11.337593
2946 11.814283
2947 11.282381
2948 9.986922
2949 10.607950
2950 10.419027
2951 13.728475
2952 12.850101
2953 13.422930
2954 14.653182
2955 12.513628
2956 12.066715
2957 12.594909
2958 12.802345
2959 13.050642
2960 12.117668
2961 11.500251
2962 13.598830
2963 13.702602
2964 12.785408
2965 11.992790
2966 9.923900
2967 11.603918
2968 11.864142
2969 11.004895
2970 9.639575
2971 10.660975
2972 11.832045
2973 11.977533
2974 12.536431
2975 12.340017
2976 14.449562
2977 12.316670
2978 12.748302
2979 11.060278
2980 10.674447
2981 11.490663
2982 11.981190
2983 13.062596
2984 14.686143
2985 14.114268
2986 13.850324
2987 14.005519
2988 12.303013
2989 13.344110
2990 13.567173
2991 13.504860
2992 13.110765
2993 14.064558
2994 13.947838
2995 12.077130
2996 12.740276
2997 11.561236
2998 11.895890
2999 11.340676
3000 10.434742
3001 11.041924
3002 14.502860
3003 13.300115
3004 12.181414
3005 11.210158
3006 12.280865
3007 13.482404
3008 10.476732
3009 8.887567
3010 7.493308
3011 9.078684
3012 11.111191
3013 10.321324
3014 10.308143
3015 10.497280
3016 10.849580
3017 10.192537
3018 10.639629
3019 10.257001
3020 10.990533
3021 10.204481
3022 10.595914
3023 11.678810
3024 13.900235
3025 15.065555
3026 14.522868
3027 14.035459
3028 11.663830
3029 11.787275
3030 13.420933
3031 12.534357
3032 12.773680
3033 14.414430
3034 11.875695
3035 11.382321
3036 11.581239
3037 13.756207
3038 14.316309
3039 14.557560
3040 14.086254
3041 11.906871
3042 13.756035
3043 12.043437
3044 12.216048
3045 14.000810
3046 11.971991
3047 13.038716
3048 12.395731
3049 13.567292
3050 15.176807
3051 15.208241
3052 13.880904
3053 12.232690
3054 11.968707
3055 11.144458
3056 11.551684
3057 13.591981
3058 10.821527
3059 11.697533
3060 12.277255
3061 12.995526
3062 12.390850
3063 11.914615
3064 14.375296
3065 13.296988
3066 12.898890
3067 12.206941
3068 12.212642
3069 12.381590
3070 12.554623
3071 13.852724
3072 11.603990
3073 12.709087
3074 9.533395
3075 11.369461
3076 12.805981
3077 14.834473
3078 14.335096
3079 15.344254
3080 14.044197
3081 14.073752
3082 13.466327
3083 12.948768
3084 14.888455
3085 13.647583
3086 14.538934
3087 15.295048
3088 15.368073
3089 13.879086
3090 11.849141
3091 10.546063
3092 10.793968
3093 10.736145
3094 12.797819
3095 13.246484
3096 13.193066
3097 13.480851
3098 14.058064
3099 14.065884
3100 14.584169
3101 14.170904
3102 13.492077
3103 13.947292
3104 15.162291
3105 14.175868
3106 14.431873
3107 14.701875
3108 13.357100
3109 13.463034
3110 14.154438
3111 12.962011
3112 14.404178
3113 13.105854
3114 12.727430
3115 11.807551
3116 11.210309
3117 13.754438
3118 13.198114
3119 12.774609
3120 12.652199
3121 13.721307
3122 10.941463
3123 11.544735
3124 12.522118
3125 10.590043
3126 9.262319
3127 11.526360
3128 9.820615
3129 10.362863
3130 10.441485
3131 11.246799
3132 10.470696
3133 9.830200
3134 9.553459
3135 11.144837
3136 13.012264
3137 13.347498
3138 12.372298
3139 13.450015
3140 12.368386
3141 12.308037
3142 11.640894
3143 10.511068
3144 10.897198
3145 10.664984
3146 11.532242
3147 10.945225
3148 12.815865
3149 11.977437
3150 11.440596
3151 11.850949
3152 13.287097
3153 12.927912
3154 11.281834
3155 12.412741
3156 10.268232
3157 12.681222
3158 13.218769
3159 12.984799
3160 13.304344
3161 12.850049
3162 13.913335
3163 13.264128
3164 14.244740
3165 13.493057
3166 13.873345
3167 11.500458
3168 13.383416
3169 12.518843
3170 13.260961
3171 12.948236
3172 15.028842
3173 13.133029
3174 14.237633
3175 14.689227
3176 14.231115
3177 12.618532
3178 13.318818
3179 14.861364
3180 12.110944
3181 11.124919
3182 12.524459
3183 13.722996
3184 11.691729
3185 9.968526
3186 10.309250
3187 10.186605
3188 10.278930
3189 11.503343
3190 10.141109
3191 13.606982
3192 12.674777
3193 13.070386
3194 13.497753
3195 13.243235
3196 13.507954
3197 14.973398
3198 13.455862
3199 12.719362
3200 11.773448
3201 13.407850
3202 12.799634
3203 10.516845
3204 12.751352
3205 12.366814
3206 13.871743
3207 12.863491
3208 13.993451
3209 11.177361
3210 14.254745
3211 12.677549
3212 13.279071
3213 11.546476
3214 12.602279
3215 12.221849
3216 10.119734
3217 10.080756
3218 12.916107
3219 14.208008
3220 13.673196
3221 13.470778
3222 13.801817
3223 12.153425
3224 12.758132
3225 13.358818
3226 13.838282
3227 13.009757
3228 11.076548
3229 11.592522
3230 11.197631
3231 13.165783
3232 13.332717
3233 11.582252
3234 11.850934
3235 12.633087
3236 14.001412
3237 13.569130
3238 15.183555
3239 14.678540
3240 14.944735
3241 12.512718
3242 13.972469
3243 13.818135
3244 12.621334
3245 13.491365
3246 16.669025
3247 14.199927
3248 13.342972
3249 13.282758
3250 10.994098
3251 11.242497
3252 12.951421
3253 12.232972
3254 11.706026
3255 14.329711
3256 14.358504
3257 14.877367
3258 15.328149
3259 11.765776
3260 13.452886
3261 14.611876
3262 12.987294
3263 13.262729
3264 14.657509
3265 13.690706
3266 13.437987
3267 15.306605
3268 13.397198
3269 14.057433
3270 14.735598
3271 12.832260
3272 13.874796
3273 13.368434
3274 13.894176
3275 13.118360
3276 12.445066
3277 12.948112
3278 12.750693
3279 14.507546
3280 15.057574
3281 14.180081
3282 13.825915
3283 13.207689
3284 13.209012
3285 12.616639
3286 14.476254
3287 14.625411
3288 13.449708
3289 13.059438
3290 13.333601
3291 11.509252
3292 10.491451
3293 11.636053
3294 11.641804
3295 12.833573
3296 12.942358
3297 13.386195
3298 12.515982
3299 12.586827
3300 12.216650
3301 12.704748
3302 13.896571
3303 13.818974
3304 14.232154
3305 14.013217
3306 13.962671
3307 13.626350
3308 13.795703
3309 14.490028
3310 15.012136
3311 14.989736
3312 13.801236
3313 14.312142
3314 15.233707
3315 15.397184
3316 15.303165
3317 15.896828
3318 15.889436
3319 14.451769
3320 15.013848
3321 15.972240
3322 14.460299
3323 15.908632
3324 14.108035
3325 15.251058
3326 13.774214
3327 13.982248
3328 13.157286
3329 12.703408
3330 13.357341
3331 14.155216
3332 11.126528
3333 13.827642
3334 15.356452
3335 14.215610
3336 15.044735
3337 14.580031
3338 13.172493
3339 14.866321
3340 12.150471
3341 15.354053
3342 14.938823
3343 13.918750
3344 12.429139
3345 13.077234
3346 13.465404
3347 14.171498
3348 13.790350
3349 12.564178
3350 14.271464
3351 13.306220
3352 15.799216
3353 13.827026
3354 13.760703
3355 13.625143
3356 13.784129
3357 11.784352
3358 12.287505
3359 11.381552
3360 14.381797
3361 13.562733
3362 14.527224
3363 11.455073
3364 12.646708
3365 11.952352
3366 11.927281
3367 12.896023
3368 11.976119
3369 13.166886
3370 13.707889
3371 14.799888
3372 12.743071
3373 11.474626
3374 13.354270
3375 13.324784
3376 13.584189
3377 13.989828
3378 12.772142
3379 12.393219
3380 9.425864
3381 11.398287
3382 10.270875
3383 10.385880
3384 11.414227
3385 13.045256
3386 13.322206
3387 10.551333
3388 10.782963
3389 11.062776
3390 9.995769
3391 11.521338
3392 11.718093
3393 8.738792
3394 10.197847
3395 12.944860
3396 11.865770
3397 11.960895
3398 11.847372
3399 11.801776
3400 12.853307
3401 12.832206
3402 12.367871
3403 12.837514
3404 12.764990
3405 13.557379
3406 12.887425
3407 13.766939
3408 10.041530
3409 9.990223
3410 9.640132
3411 10.673546
3412 11.961825
3413 11.430915
3414 10.757437
3415 10.554195
3416 10.530855
3417 11.126657
3418 11.709829
3419 13.750641
3420 12.832214
3421 13.566238
3422 14.410528
3423 12.474458
3424 10.638556
3425 11.860746
3426 12.211149
3427 13.324660
3428 12.127496
3429 12.326694
3430 12.342954
3431 13.694277
3432 12.817431
3433 11.111352
3434 11.685312
3435 10.655897
3436 10.277713
3437 11.089152
3438 12.121686
3439 11.308146
3440 11.735798
3441 11.692019
3442 10.876186
3443 11.956391
3444 11.153586
3445 12.079846
3446 13.587060
3447 13.526772
3448 13.576550
3449 11.937156
3450 14.114322
3451 12.878084
3452 11.374769
3453 11.524541
3454 11.218832
3455 11.610625
3456 11.265251
3457 10.129876
3458 11.394728
3459 10.285680
3460 10.259439
3461 13.517250
3462 11.720783
3463 13.398168
3464 14.334956
3465 13.973610
3466 15.147335
3467 14.587827
3468 12.308195
3469 11.950589
3470 11.325076
3471 11.013844
3472 12.093840
3473 10.633183
3474 10.334316
3475 10.926785
3476 11.157372
3477 10.504499
3478 11.751749
3479 10.343603
3480 9.935083
3481 11.905988
3482 12.155923
3483 12.970181
3484 12.629605
3485 13.026149
3486 11.567874
3487 11.645437
3488 10.861643
3489 11.487530
3490 10.889888
3491 10.704315
3492 14.516816
3493 13.519164
3494 12.139613
3495 12.826402
3496 14.647849
3497 12.188054
3498 14.122737
3499 12.466843
3500 10.877486
3501 12.788548
3502 13.102439
3503 12.121124
3504 11.099608
3505 10.273332
3506 11.633138
3507 9.265528
3508 11.120077
3509 10.794423
3510 9.584249
3511 10.852286
3512 10.397172
3513 11.081264
3514 9.670398
3515 10.617472
3516 11.060927
3517 9.960216
3518 10.743600
3519 11.091789
3520 9.932318
3521 10.576407
3522 13.391390
3523 13.572948
3524 14.469896
3525 14.404175
3526 14.410641
3527 14.637655
3528 14.702153
3529 13.317262
3530 13.993503
3531 13.719053
3532 14.751003
3533 12.593464
3534 11.354774
3535 10.390624
3536 8.543150
3537 8.005953
3538 9.792500
3539 12.735847
3540 13.689327
3541 13.758768
3542 14.719197
3543 15.203219
3544 14.179260
3545 12.776685
3546 14.797340
3547 13.392182
3548 14.635852
3549 15.620094
3550 15.521284
3551 13.187496
3552 12.771712
3553 12.611827
3554 14.177211
3555 14.950109
3556 15.414677
3557 14.538741
3558 13.147462
3559 14.090088
3560 14.623658
3561 14.571485
3562 13.726600
3563 13.999421
3564 12.459780
3565 12.131957
3566 11.755875
3567 13.879070
3568 11.922069
3569 12.818211
3570 12.436675
3571 13.146183
3572 11.936206
3573 14.372368
3574 14.508273
3575 12.241755
3576 11.095680
3577 13.147067
3578 12.503281
3579 10.330932
3580 10.002522
3581 9.532580
3582 10.964603
3583 10.838766
3584 11.175608
3585 11.864996
3586 11.593854
3587 12.797333
3588 12.354151
3589 12.394054
3590 13.307930
3591 11.916483
3592 11.529798
3593 12.478520
3594 10.076138
3595 12.456840
3596 10.021794
3597 11.317465
3598 14.429992
3599 13.301990
3600 12.716113
3601 12.295485
3602 11.035743
3603 11.740264
3604 11.849295
3605 13.313931
3606 12.580338
3607 12.596749
3608 13.826765
3609 12.664523
3610 10.730193
3611 11.244035
3612 12.885862
3613 13.925450
3614 13.117036
3615 11.601945
3616 10.730270
3617 11.528835
3618 11.541011
3619 11.467052
3620 9.990399
3621 11.038465
3622 11.451941
3623 11.503390
3624 11.270557
3625 11.375627
3626 11.302961
3627 10.852514
3628 12.670586
3629 12.024484
3630 11.837782
3631 11.151023
3632 12.703174
3633 12.199462
3634 11.825299
3635 14.080517
3636 12.633429
3637 11.640418
3638 13.683806
3639 13.425161
3640 13.653502
3641 13.719786
3642 13.081638
3643 14.328245
3644 13.339858
3645 11.928538
3646 11.852361
3647 12.875593
3648 12.156862
3649 12.226746
3650 12.238504
3651 13.189090
3652 12.715795
3653 12.840921
3654 13.355334
3655 13.149929
3656 14.073004
3657 12.643879
3658 12.640652
3659 12.813686
3660 11.495174
3661 12.579906
3662 11.716699
3663 11.712474
3664 12.512076
3665 11.710635
3666 13.278295
3667 12.479786
3668 13.836189
3669 13.709697
3670 13.232453
3671 12.588387
3672 12.727659
3673 12.507270
3674 12.580997
3675 12.966607
3676 13.470996
3677 13.362129
3678 12.185646
3679 11.554337
3680 11.079354
3681 11.884600
3682 11.806551
3683 10.985928
3684 12.475266
3685 10.919246
3686 11.206559
3687 11.348846
3688 12.779025
3689 12.195971
3690 10.309212
3691 11.758076
3692 12.623577
3693 12.308619
3694 12.890171
3695 11.943243
3696 13.133380
3697 13.193822
3698 14.521550
3699 14.113729
3700 12.890713
3701 13.225228
3702 15.023460
3703 12.839823
3704 12.889009
3705 12.614530
3706 13.790247
3707 11.474675
3708 12.130847
3709 11.522137
3710 12.455828
3711 11.448473
3712 12.970497
3713 12.430631
3714 10.591892
3715 13.122260
3716 11.692780
3717 13.989113
3718 13.551222
3719 12.946939
3720 12.942431
3721 13.613145
3722 13.151464
3723 13.447612
3724 11.946930
3725 14.030096
3726 14.681291
3727 15.321715
3728 14.057072
3729 13.451756
3730 12.116252
3731 11.541119
3732 10.452307
3733 11.330037
3734 10.972154
3735 12.813299
3736 13.092703
3737 13.405502
3738 12.352737
3739 13.247271
3740 14.045775
3741 11.391018
3742 13.578913
3743 10.634930
3744 8.991612
3745 11.974281
3746 8.992044
3747 10.770389
3748 9.293662
3749 10.444983
3750 10.329621
3751 12.196156
3752 14.076098
3753 13.523047
3754 13.125175
3755 12.671832
3756 12.188010
3757 12.466966
3758 11.792214
3759 11.226747
3760 10.976509
3761 12.170273
3762 11.716955
3763 10.552409
3764 11.873218
3765 12.410365
3766 13.003901
3767 14.019292
3768 13.671113
3769 11.647791
3770 12.700354
3771 9.949574
3772 10.541999
3773 11.913545
3774 10.901783
3775 11.573050
3776 9.726519
3777 11.897623
3778 11.125310
3779 11.663047
3780 12.553491
3781 11.783140
3782 11.662233
3783 12.285197
3784 10.314850
3785 10.333798
3786 12.327887
3787 12.344418
3788 10.890720
3789 12.319869
3790 9.237675
3791 10.914702
3792 11.569072
3793 13.513497
3794 11.439081
3795 9.823569
3796 12.766633
3797 10.508635
3798 11.621897
3799 12.190592
3800 12.043541
3801 11.650943
3802 11.769057
3803 12.596024
3804 12.194972
3805 12.266351
3806 13.353077
3807 12.023212
3808 11.999587
3809 12.088908
3810 11.476201
3811 10.309670
3812 12.895852
3813 13.332563
3814 14.627324
3815 12.398454
3816 11.678910
3817 14.573165
3818 12.928518
3819 11.892871
3820 12.466804
3821 10.873865
3822 12.871181
3823 13.685854
3824 12.114347
3825 13.447717
3826 13.183569
3827 13.304755
3828 12.698366
3829 13.232333
3830 12.100571
3831 12.963432
3832 11.921600
3833 11.968777
3834 14.989778
3835 14.932198
3836 14.767941
3837 15.797297
3838 14.295950
3839 14.036311
3840 15.889859
3841 15.185345
3842 14.606999
3843 13.568821
3844 14.172741
3845 12.206463
3846 15.006053
3847 15.317616
3848 14.398351
3849 15.384949
3850 14.113216
3851 16.262505
3852 15.633337
3853 15.398915
3854 14.350999
3855 13.425145
3856 15.680031
3857 15.423792
3858 14.254228
3859 13.000111
3860 13.403790
3861 12.050714
3862 12.420122
3863 13.356256
3864 12.293713
3865 12.591062
3866 12.329805
3867 11.641659
3868 12.220918
3869 13.916072
3870 14.914870
3871 13.199896
3872 13.077140
3873 12.683702
3874 13.562218
3875 14.678129
3876 14.389791
3877 14.372427
3878 14.607387
3879 14.258433
3880 14.999739
3881 14.822219
3882 14.352349
3883 14.700947
3884 14.749217
3885 11.928161
3886 12.423151
3887 12.230010
3888 15.118680
3889 13.887667
3890 13.665189
3891 13.747756
3892 14.708559
3893 13.847375
3894 14.085094
3895 13.220644
3896 12.466870
3897 13.604475
3898 12.598825
3899 13.806132
3900 13.152926
3901 10.169891
3902 12.223461
3903 13.550367
3904 12.086688
3905 14.347383
3906 12.583844
3907 9.930099
3908 11.488255
3909 12.914538
3910 11.158587
3911 11.026814
3912 11.631479
3913 12.020115
3914 11.800511
3915 13.429270
3916 13.396037
3917 13.512652
3918 13.365602
3919 12.184204
3920 12.384321
3921 13.051991
3922 13.096154
3923 13.385538
3924 14.892191
3925 15.116067
3926 11.647817
3927 10.919460
3928 10.813169
3929 11.194395
3930 12.561997
3931 11.706033
3932 11.676871
3933 12.982315
3934 13.414475
3935 12.219116
3936 10.756534
3937 11.955602
3938 11.645967
3939 12.000301
3940 12.991972
3941 11.429312
3942 12.826481
3943 12.951233
3944 12.605038
3945 11.706605
3946 14.284444
3947 13.953329
3948 14.932054
3949 14.407221
3950 13.346535
3951 13.911269
3952 13.612034
3953 10.370370
3954 10.968987
3955 10.713774
3956 12.173254
3957 13.101702
3958 10.103450
3959 10.930338
3960 10.309891
3961 12.434308
3962 12.810269
3963 10.219241
3964 12.412598
3965 10.204676
3966 9.943987
3967 10.089508
3968 9.454450
3969 11.403758
3970 10.147243
3971 10.626633
3972 9.530904
3973 10.252927
3974 11.638371
3975 8.623443
3976 12.882807
3977 11.847786
3978 11.136380
3979 11.134834
3980 14.054061
3981 13.986414
3982 12.635291
3983 12.124291
3984 12.171247
3985 11.127268
3986 12.733946
3987 13.251314
3988 13.724068
3989 12.965484
3990 13.666739
3991 13.430283
3992 12.187057
3993 12.981283
3994 13.608028
3995 11.623135
3996 12.644660
3997 13.814308
3998 13.616244
3999 15.092651
4000 14.295768
4001 13.742602
4002 13.209606
4003 14.447659
4004 13.457023
4005 13.628493
4006 14.860915
4007 13.803904
4008 13.617656
4009 14.925664
4010 14.360462
4011 12.456029
4012 8.739300
4013 11.572053
4014 9.900640
4015 11.445437
4016 10.353749
4017 10.270994
4018 10.196832
4019 9.664965
4020 9.951867
4021 10.950498
4022 10.181921
4023 10.341079
4024 10.094170
4025 11.167530
4026 10.633804
4027 8.533446
4028 8.396939
4029 8.288342
4030 11.919988
4031 10.928363
4032 12.327342
4033 10.555182
4034 11.239160
4035 10.767880
4036 11.780332
4037 11.085855
4038 11.918785
4039 11.718932
4040 11.649045
4041 11.817994
4042 12.389487
4043 10.089964
4044 12.866863
4045 11.670909
4046 12.290531
4047 13.228657
4048 9.108198
4049 8.440291
4050 9.703299
4051 5.710412
4052 8.747533
4053 12.517687
4054 13.719788
4055 13.647951
4056 11.858029
4057 11.722089
4058 12.843300
4059 12.153333
4060 12.535275
4061 12.296876
4062 13.682870
4063 12.407749
4064 12.012542
4065 12.617977
4066 12.094207
4067 10.339103
4068 13.090581
4069 12.227492
4070 10.549034
4071 13.487963
4072 12.115965
4073 13.930357
4074 12.621643
4075 11.333504
4076 12.954051
4077 14.278364
4078 14.558002
4079 15.058170
4080 14.208295
4081 15.252488
4082 14.015369
4083 13.979553
4084 14.700613
4085 13.824781
4086 14.339766
4087 14.521876
4088 14.241848
4089 14.717897
4090 15.149477
4091 13.240870
4092 12.676068
4093 13.858534
4094 12.574837
4095 12.743583
4096 13.076393
4097 13.304189
4098 13.256884
4099 13.156438
4100 14.038683
4101 13.146564
4102 13.269686
4103 13.828506
4104 12.720160
4105 13.060500
4106 12.959018
4107 12.420067
4108 12.807803
4109 12.602168
4110 11.894726
4111 11.713936
4112 13.940064
4113 12.590825
4114 10.880529
4115 11.691791
4116 11.372213
4117 11.202649
4118 10.440023
4119 12.107337
4120 12.419216
4121 12.588242
4122 13.789493
4123 13.015315
4124 13.013289
4125 10.936519
4126 9.951956
4127 11.492040
4128 13.093685
4129 12.887875
4130 12.294333
4131 12.987660
4132 14.008760
4133 13.453351
4134 13.793021
4135 13.761563
4136 13.125152
4137 13.688548
4138 12.473497
4139 12.802959
4140 13.390426
4141 12.947251
4142 12.135997
4143 10.355394
4144 11.982195
4145 13.955065
4146 12.753151
4147 12.573719
4148 12.959155
4149 11.336246
4150 11.760302
4151 11.132589
4152 12.070948
4153 12.955872
4154 9.929719
4155 12.806974
4156 13.175632
4157 13.018408
4158 11.601986
4159 11.616377
4160 12.391706
4161 13.629749
4162 11.622279
4163 13.621474
4164 12.220595
4165 14.199328
4166 12.705336
4167 14.266560
4168 12.092865
4169 13.204810
4170 12.375862
4171 12.958603
4172 11.888465
4173 12.491888
4174 11.827000
4175 10.664322
4176 9.805209
4177 9.981936
4178 7.680978
4179 7.073125
4180 8.942406
4181 9.732183
4182 9.599836
4183 9.205028
4184 10.366091
4185 13.720147
4186 13.613213
4187 12.570705
4188 10.964657
4189 10.652180
4190 11.828837
4191 8.924400
4192 8.496791
4193 8.677512
4194 8.706991
4195 9.030250
4196 12.493746
4197 10.647959
4198 10.798042
4199 10.508955
4200 9.066935
4201 9.703508
4202 10.858366
4203 10.042916
4204 10.498409
4205 10.385707
4206 11.148303
4207 11.227296
4208 10.287637
4209 11.562618
4210 12.494304
4211 8.563680
4212 8.834468
4213 9.546338
4214 6.975200
4215 6.158208
4216 6.954778
4217 10.324098
4218 10.650498
4219 12.827713
4220 10.913894
4221 10.050021
4222 10.263035
4223 8.548905
4224 8.270265
4225 8.472384
4226 8.525636
4227 8.058068
4228 9.236379
4229 8.996608
4230 10.295330
4231 10.268404
4232 10.577376
4233 9.887742
4234 10.876938
4235 11.055033
4236 10.221262
4237 11.870636
4238 11.116994
4239 10.834448
4240 9.968695
4241 9.386302
4242 12.210440
4243 8.216965
4244 9.654347
4245 9.422750
4246 10.649184
4247 11.498300
4248 11.626320
4249 10.795817
4250 10.343486
4251 11.009110
4252 9.716637
4253 10.761513
4254 9.257933
4255 9.059678
4256 11.869851
4257 11.919154
4258 10.067519
4259 9.629642
4260 10.370483
4261 10.458007
4262 10.886181
4263 10.364409
4264 13.531715
4265 14.426857
4266 11.317687
4267 10.735036
4268 12.575143
4269 13.109011
4270 12.801908
4271 11.536716
4272 11.537570
4273 11.869273
4274 12.527250
4275 9.763306
4276 11.802967
4277 13.831766
4278 10.844639
4279 10.220857
4280 10.922990
4281 8.739216
4282 10.331341
4283 11.067164
4284 9.842710
4285 10.648747
4286 11.221415
4287 10.927148
4288 11.927474
4289 11.661918
4290 11.600836
4291 12.235068
4292 10.132019
4293 10.176290
4294 10.095400
4295 10.069271
4296 11.610860
4297 11.330621
4298 10.884642
4299 11.151515
4300 11.115273
4301 12.158721
4302 9.779836
4303 12.088439
4304 11.713590
4305 12.662867
4306 12.315147
4307 12.597096
4308 13.178563
4309 13.283269
4310 13.715191
4311 12.687856
4312 11.655152
4313 12.384295
4314 13.563251
4315 12.522278
4316 12.494259
4317 13.765358
4318 11.866216
4319 14.233952
4320 13.680013
4321 12.907455
4322 12.959723
4323 13.059438
4324 14.168108
4325 13.500211
4326 11.839401
4327 12.633441
4328 13.113829
4329 12.153575
4330 13.216363
4331 12.055597
4332 13.430878
4333 12.452926
4334 12.560132
4335 9.232946
4336 12.885571
4337 13.371068
4338 13.257800
4339 12.798818
4340 13.528179
4341 11.754337
4342 10.826970
4343 11.128606
4344 9.934037
4345 10.581479
4346 11.402541
4347 10.725165
4348 11.274830
4349 11.911184
4350 10.413347
4351 11.087062
4352 10.519095
4353 9.851499
4354 10.763870
4355 9.476213
4356 10.576111
4357 11.014470
4358 10.504430
4359 10.587053
4360 9.971786
4361 10.260424
4362 8.799568
4363 9.846001
4364 10.174822
4365 10.531419
4366 9.140797
4367 10.162405
4368 10.989177
4369 12.260226
4370 10.922280
4371 12.199617
4372 10.499796
4373 12.372768
4374 10.940742
4375 11.882754
4376 11.826346
4377 13.328485
4378 14.430710
4379 12.880398
4380 13.424819
4381 13.893943
4382 13.917998
4383 14.288329
4384 14.277888
4385 15.138417
4386 14.912794
4387 14.926406
4388 13.436958
4389 14.669618
4390 15.224273
4391 13.020576
4392 12.784569
4393 14.285149
4394 13.978805
4395 12.942281
4396 12.706380
4397 12.919879
4398 14.724627
4399 14.926159
4400 14.377044
4401 14.633307
4402 15.238853
4403 14.885009
4404 12.953350
4405 13.065265
4406 15.151776
4407 15.064294
4408 15.183447
4409 13.941772
4410 12.263521
4411 15.300284
4412 15.145129
4413 14.940165
4414 13.862673
4415 15.096079
4416 15.448214
4417 13.696883
4418 15.541833
4419 16.214478
4420 12.847634
4421 13.852120
4422 9.133501
4423 11.243882
4424 13.979596
4425 12.747195
4426 12.676574
4427 12.443912
4428 9.188245
4429 11.606999
4430 10.537464
4431 11.664279
4432 10.126534
4433 9.179577
4434 8.777899
4435 10.085933
4436 6.167140
4437 7.800359
4438 10.042088
4439 10.343762
4440 8.377313
4441 11.523724
4442 9.748878
4443 10.909765
4444 10.131907
4445 11.679008
4446 10.869419
4447 10.873884
4448 9.635916
4449 7.497631
4450 8.639488
4451 11.699202
4452 11.584004
4453 8.653811
4454 8.587144
4455 8.577163
4456 9.871464
4457 8.701600
4458 11.636169
4459 8.768414
4460 8.589114
4461 9.202711
4462 7.926249
4463 8.668057
4464 10.400567
4465 9.362663
4466 11.018585
4467 13.772211
4468 11.950103
4469 14.287462
4470 13.677671
4471 14.191709
4472 13.077437
4473 14.134249
4474 13.114576
4475 15.098793
4476 13.758493
4477 13.697015
4478 14.220978
4479 14.082681
4480 12.647135
4481 13.166634
4482 13.243227
4483 13.791870
4484 12.204405
4485 12.937893
4486 12.901643
4487 12.562160
4488 12.143518
4489 12.663406
4490 12.671236
4491 13.695713
4492 13.209049
4493 12.771804
4494 15.028406
4495 14.602261
4496 14.365243
4497 14.501950
4498 14.612928
4499 14.661590
4500 12.951963
4501 13.213967
4502 12.112319
4503 11.776542
4504 13.082910
4505 11.211575
4506 12.794011
4507 11.498507
4508 12.512197
4509 12.911957
4510 11.766671
4511 13.298078
4512 13.161935
4513 12.727581
4514 12.775106
4515 13.228604
4516 11.982006
4517 10.590420
4518 9.825212
4519 10.893387
4520 12.721952
4521 13.420710
4522 12.279936
4523 12.405945
4524 12.582731
4525 13.770141
4526 13.104716
4527 15.005805
4528 12.822203
4529 13.373383
4530 12.050430
4531 14.405090
4532 13.288622
4533 13.158293
4534 12.440107
4535 12.709734
4536 12.618898
4537 13.573077
4538 13.680505
4539 11.938129
4540 14.830205
4541 14.221595
4542 14.508416
4543 13.772211
4544 13.932901
4545 14.628866
4546 12.474519
4547 13.510830
4548 14.613521
4549 13.276163
4550 13.491497
4551 13.600688
4552 13.925966
4553 12.435216
4554 13.078183
4555 14.912037
4556 13.394675
4557 14.791755
4558 14.663482
4559 14.333757
4560 13.729635
4561 13.757142
4562 16.023594
4563 14.851911
4564 13.946107
4565 11.014470
4566 14.072432
4567 14.421182
4568 14.263513
4569 13.763102
4570 12.764599
4571 14.445935
4572 13.966337
4573 14.290433
4574 14.377652
4575 13.193507
4576 13.586004
4577 13.211241
4578 14.298660
4579 12.651655
4580 12.718007
4581 13.970788
4582 12.509733
4583 12.999037
4584 13.082943
4585 13.820566
4586 13.417087
4587 13.727392
4588 14.678850
4589 13.076471
4590 12.779432
4591 14.740273
4592 15.134577
4593 12.519094
4594 13.771906
4595 12.722777
4596 14.014938
4597 11.519874
4598 7.254248
4599 13.450365
4600 13.355255
4601 13.208733
4602 12.335191
4603 13.352777
4604 12.952151
4605 11.935850
4606 14.623656
4607 13.784864
4608 14.601379
4609 13.590755
4610 12.894907
4611 12.771688
4612 13.984138
4613 12.566981
4614 10.917680
4615 9.524318
4616 10.718814
4617 9.983085
4618 10.325841
4619 11.406925
4620 7.332102
4621 8.429717
4622 7.863775
4623 8.259788
4624 10.920060
4625 11.614724
4626 9.741481
4627 9.653259
4628 11.385472
4629 12.550334
4630 12.892342
4631 11.412768
4632 12.687589
4633 12.071525
4634 10.376890
4635 11.043348
4636 11.932432
4637 10.879551
4638 12.378130
4639 13.672408
4640 13.718650
4641 14.207561
4642 13.081888
4643 13.975944
4644 11.708057
4645 13.451023
4646 15.165051
4647 13.700360
4648 15.124534
4649 13.453156
4650 13.807536
4651 14.722271
4652 14.497893
4653 15.010060
4654 14.492886
4655 14.569591
4656 13.601578
4657 13.749464
4658 13.752241
4659 14.336938
4660 14.736902
4661 14.580771
4662 14.472410
4663 13.782086
4664 14.007601
4665 14.529098
4666 13.628736
4667 12.415778
4668 13.582021
4669 13.553548
4670 12.398538
4671 12.881949
4672 13.142206
4673 13.694760
4674 13.237611
4675 11.811086
4676 12.472169
4677 8.651017
4678 8.379435
4679 8.412198
4680 10.957996
4681 8.768181
4682 10.321294
4683 9.278541
4684 9.879582
4685 10.144034
4686 9.928205
4687 7.842249
4688 9.214299
4689 8.170980
4690 9.291557
4691 7.663395
4692 8.655284
4693 7.973997
4694 9.797004
4695 8.192195
4696 8.732450
4697 6.329298
4698 7.088155
4699 7.789154
4700 7.637260
4701 8.342576
4702 7.337969
4703 7.381288
4704 9.446629
4705 10.281263
4706 11.857779
4707 11.282957
4708 12.738251
4709 13.785609
4710 13.235395
4711 14.228790
4712 12.536294
4713 13.612506
4714 13.708202
4715 15.639114
4716 14.272120
4717 13.194788
4718 13.699449
4719 11.912653
4720 10.264975
4721 10.017455
4722 8.804057
4723 9.109336
4724 11.592954
4725 9.365410
4726 13.971560
4727 13.470057
4728 10.748706
4729 11.499517
4730 11.367396
4731 10.247526
4732 12.110430
4733 9.552813
4734 7.982470
4735 6.196282
4736 9.695400
4737 8.944866
4738 11.182085
4739 13.316978
4740 12.078456
4741 10.715693
4742 8.951214
4743 11.316693
4744 7.133963
4745 8.252956
4746 10.800357
4747 9.648351
4748 11.815743
4749 12.001166
4750 11.720162
4751 12.874833
4752 13.091960
4753 13.224516
4754 12.729133
4755 11.445147
4756 11.779178
4757 14.731510
4758 13.830959
4759 15.396783
4760 14.449483
4761 15.203920
4762 13.440032
4763 13.814589
4764 12.235549
4765 15.398954
4766 14.916000
4767 13.299034
4768 13.693964
4769 14.217291
4770 13.316045
4771 13.532346
4772 12.072350
4773 14.338273
4774 15.578630
4775 15.754096
4776 13.819151
4777 11.998670
4778 14.081181
4779 14.736221
4780 13.806426
4781 14.654162
4782 15.118793
4783 14.489881
4784 15.262305
4785 9.985476
4786 10.152369
4787 13.095834
4788 14.281336
4789 12.353725
4790 13.770131
4791 13.282957
4792 12.973056
4793 11.594296
4794 12.106828
4795 11.240238
4796 9.555924
4797 11.284169
4798 10.186860
4799 9.229888
4800 9.916536
4801 11.089661
4802 9.006891
4803 10.651377
4804 8.196310
4805 8.100573
4806 10.422076
4807 9.078022
4808 9.146615
4809 12.771052
4810 13.063436
4811 13.105338
4812 12.453235
4813 11.008730
4814 11.532152
4815 11.407869
4816 12.876379
4817 11.559525
4818 11.677175
4819 11.503930
4820 10.461141
4821 10.776278
4822 11.098892
4823 12.017065
4824 11.204204
4825 11.011292
4826 11.206902
4827 11.520860
4828 12.170199
4829 12.778826
4830 13.660556
4831 13.995329
4832 14.029987
4833 13.560653
4834 13.365856
4835 13.079610
4836 10.975307
4837 9.958238
4838 10.111525
4839 9.666034
4840 9.596168
4841 7.137493
4842 8.450732
4843 10.595160
4844 12.791565
4845 12.920112
4846 12.580889
4847 12.776490
4848 12.504989
4849 12.466267
4850 12.856421
4851 12.555513
4852 12.813127
4853 12.840593
4854 12.586982
4855 12.845080
4856 14.105698
4857 12.375609
4858 12.135284
4859 12.760632
4860 9.206790
4861 11.842724
4862 9.749856
4863 9.285158
4864 8.088297
4865 9.177284
4866 8.667260
4867 9.860677
4868 8.724683
4869 8.248398
4870 7.539457
4871 10.257628
4872 9.257027
4873 9.802903
4874 9.868948
4875 9.635045
4876 7.626327
4877 7.683737
4878 8.868793
4879 9.113491
4880 9.417890
4881 9.116544
4882 9.272243
4883 9.211216
4884 8.604563
4885 8.952159
4886 10.083149
4887 12.758864
4888 13.564844
4889 12.005643
4890 12.740693
4891 12.903725
4892 12.472585
4893 11.783280
4894 14.402796
4895 12.203777
4896 13.012462
4897 13.169974
4898 12.514676
4899 12.425805
4900 12.829940
4901 13.734756
4902 13.228387
4903 12.506316
4904 12.507090
4905 13.454240
4906 11.442666
4907 13.149116
4908 12.547630
4909 13.008868
4910 13.458598
4911 13.758918
4912 13.486570
4913 13.065718
4914 13.379635
4915 14.370282
4916 14.516438
4917 15.079005
4918 14.294998
4919 14.023902
4920 14.189522
4921 11.888826
4922 13.307090
4923 12.355259
4924 11.600816
4925 11.638299
4926 15.081491
4927 14.471305
4928 13.584654
4929 12.353337
4930 12.728120
4931 12.690632
4932 11.909418
4933 13.947619
4934 14.114862
4935 13.876951
4936 12.649907
4937 13.231039
4938 14.766809
4939 14.519113
4940 12.828612
4941 13.470034
4942 13.200429
4943 13.291297
4944 12.883421
4945 11.776349
4946 11.783802
4947 12.228407
4948 12.508551
4949 12.475787
4950 11.777542
4951 13.463261
4952 12.590290
4953 13.345704
4954 12.473369
4955 13.023952
4956 13.280908
4957 12.904004
4958 12.569331
4959 12.766789
4960 13.507231
4961 13.299178
4962 12.727437
4963 12.191429
4964 11.917977
4965 12.404855
4966 12.900630
4967 12.972999
4968 13.836971
4969 12.550847
4970 12.760557
4971 13.255472
4972 12.494244
4973 11.988919
4974 12.676045
4975 12.463631
4976 11.631028
4977 11.748228
4978 11.308193
4979 11.685894
4980 11.514086
4981 10.609925
4982 13.324467
4983 12.808827
4984 13.750301
4985 13.526620
4986 13.326216
4987 12.126998
4988 12.598580
4989 13.640272
4990 12.843650
4991 13.893725
4992 13.534174
4993 14.031160
4994 13.578502
4995 14.077109
4996 13.873492
4997 13.175918
4998 12.535572
4999 11.944581
5000 12.231511
5001 11.221031

