
0 5.451625
1 5.923462
2 6.664840
3 4.375411
4 4.964082
5 5.092287
6 5.269031
7 5.180393
8 5.163274
9 5.921485
10 4.915905
11 7.436249
12 8.325864
13 6.304992
14 4.943876
15 5.852187
16 3.849231
17 3.606841
18 6.140819
19 5.489261
20 5.955122
21 6.051596
22 5.808622
23 7.410700
24 6.720760
25 6.175067
26 5.840453
27 6.168069
28 5.962199
29 6.205917
30 6.113158
31 6.055618
32 6.252568
33 6.139398
34 5.904760
35 4.645976
36 5.284326
37 5.676531
38 5.278426
39 5.924366
40 6.190398
41 5.956178
42 5.745267
43 5.295354
44 5.555476
45 5.524996
46 4.601240
47 5.547953
48 6.027850
49 5.452097
50 5.406007
51 5.805268
52 5.322301
53 5.445183
54 5.315470
55 7.303739
56 6.609902
57 7.384153
58 8.724438
59 8.974841
60 9.007773
61 8.538181
62 10.485886
63 7.566677
64 8.566568
65 9.654242
66 8.570031
67 9.363944
68 11.129428
69 9.162170
70 10.724538
71 9.448534
72 10.155220
73 9.945828
74 9.796693
75 11.240450
76 9.747786
77 8.428987
78 8.707664
79 9.561809
80 9.964515
81 9.778466
82 9.415063
83 9.001966
84 9.990645
85 9.909100
86 9.569296
87 7.159218
88 10.109605
89 7.223753
90 8.379673
91 9.558399
92 9.135721
93 6.797574
94 6.642266
95 7.549994
96 6.452644
97 9.792594
98 9.026545
99 7.183886
100 6.992990
101 7.822902
102 7.066596
103 6.553077
104 5.658931
105 7.259959
106 7.907029
107 7.661867
108 7.286769
109 6.707175
110 6.905483
111 7.202278
112 5.886578
113 6.051991
114 5.526898
115 7.735537
116 8.290297
117 6.035395
118 6.047173
119 6.013875
120 7.235032
121 7.056408
122 6.451085
123 7.742770
124 6.378487
125 6.962285
126 6.044584
127 6.744146
128 6.486077
129 6.898102
130 5.800871
131 5.840368
132 6.723079
133 7.168719
134 6.633279
135 6.678527
136 7.493611
137 6.115758
138 7.149748
139 7.064744
140 6.010310
141 7.132260
142 8.572575
143 6.258195
144 7.981064
145 7.164119
146 6.047230
147 7.943815
148 9.179770
149 6.305235
150 7.367836
151 7.817756
152 5.891427
153 6.488158
154 5.138541
155 6.475207
156 6.916798
157 6.373398
158 7.161459
159 7.072970
160 6.216728
161 6.845328
162 5.910923
163 6.768574
164 6.721050
165 6.092134
166 6.228468
167 5.996883
168 6.767133
169 6.351227
170 6.760836
171 6.381622
172 5.942079
173 5.579614
174 5.865748
175 7.303938
176 6.680755
177 6.591571
178 7.258409
179 6.154266
180 6.173371
181 6.985707
182 6.081151
183 6.018571
184 6.532075
185 6.723117
186 7.156402
187 8.435622
188 8.080155
189 9.482286
190 7.282670
191 8.136769
192 8.731489
193 7.432526
194 6.990065
195 9.885518
196 7.197355
197 7.322957
198 6.374982
199 7.873217
200 7.341317
201 6.698440
202 6.561471
203 6.099614
204 6.507003
205 5.480448
206 5.149661
207 6.410913
208 7.768005
209 7.529324
210 7.462672
211 6.815408
212 6.483187
213 6.126116
214 6.398265
215 7.068140
216 6.334704
217 7.922182
218 7.511539
219 8.127534
220 7.958169
221 7.189470
222 6.763571
223 5.541562
224 6.195337
225 6.218401
226 7.108177
227 6.391354
228 5.580019
229 5.711969
230 7.821312
231 7.439274
232 6.788578
233 6.270909
234 6.879848
235 6.188587
236 7.441196
237 5.160862
238 5.995366
239 8.192130
240 7.919072
241 6.521817
242 7.274455
243 7.630505
244 7.097621
245 6.238092
246 7.007952
247 6.385905
248 6.762493
249 7.289500
250 6.592883
251 7.423212
252 6.818358
253 6.114427
254 7.614362
255 7.064573
256 6.157825
257 6.681244
258 8.503088
259 5.947412
260 7.300507
261 6.724709
262 5.939914
263 6.638615
264 7.297266
265 6.923387
266 7.026999
267 7.192295
268 9.285522
269 7.173403
270 7.426998
271 7.729980
272 6.013326
273 7.267847
274 7.041967
275 8.226498
276 6.391728
277 6.405022
278 5.146376
279 7.298262
280 7.393606
281 7.228894
282 7.658375
283 7.374951
284 7.606373
285 6.421978
286 7.192815
287 6.894426
288 8.297104
289 6.487904
290 6.046521
291 6.822829
292 6.652615
293 5.812384
294 7.009523
295 6.564769
296 7.272290
297 7.589402
298 8.680006
299 8.467307
300 7.073465
301 7.413218
302 6.530797
303 7.630779
304 7.326958
305 7.399912
306 7.223753
307 7.110542
308 7.392828
309 7.190125
310 6.470448
311 8.853960
312 7.162353
313 6.880618
314 6.721170
315 7.130386
316 6.633054
317 7.681471
318 7.306723
319 7.251290
320 7.233686
321 6.687137
322 7.225497
323 6.919378
324 7.455476
325 7.973143
326 5.007074
327 5.073953
328 5.431364
329 7.435839
330 8.020599
331 7.909103
332 8.372400
333 8.542869
334 7.179159
335 7.128465
336 7.336108
337 6.392324
338 6.804447
339 6.839605
340 6.377916
341 7.616810
342 6.430639
343 6.436630
344 6.463233
345 6.588255
346 6.946829
347 6.638591
348 6.678705
349 6.379670
350 6.355864
351 8.950503
352 9.271774
353 5.883495
354 7.080320
355 6.003356
356 6.191292
357 7.499846
358 6.949714
359 6.410593
360 6.522255
361 6.372458
362 6.356650
363 5.702780
364 6.041995
365 6.896708
366 6.983665
367 6.846395
368 5.939512
369 6.313430
370 6.083395
371 5.869173
372 6.241579
373 5.243060
374 6.584230
375 7.027098
376 6.393660
377 6.614169
378 7.355032
379 5.958345
380 6.371397
381 6.611974
382 5.561564
383 7.249075
384 6.890639
385 7.224824
386 5.663374
387 6.560809
388 7.991620
389 5.880247
390 5.982927
391 5.853145
392 6.375226
393 7.026473
394 7.335904
395 6.968544
396 7.099465
397 6.313312
398 7.565214
399 8.510753
400 7.750179
401 6.231325
402 7.333485
403 7.585835
404 7.280740
405 7.659891
406 7.198544
407 7.136988
408 7.657559
409 8.402061
410 6.823570
411 6.637364
412 5.702745
413 7.885493
414 6.405693
415 6.566110
416 6.403835
417 7.608219
418 7.090816
419 6.047950
420 5.932496
421 5.800871
422 6.641355
423 6.533996
424 6.937912
425 6.041507
426 6.187051
427 7.716412
428 6.640015
429 8.279385
430 5.899068
431 6.990892
432 7.538509
433 6.495337
434 6.564679
435 8.384752
436 8.100174
437 5.824251
438 5.093691
439 5.719667
440 6.894410
441 6.609531
442 7.169034
443 7.103937
444 6.220900
445 6.360541
446 8.994143
447 7.527849
448 6.378293
449 6.749592
450 5.946981
451 7.135867
452 7.630262
453 6.768464
454 7.612267
455 6.706341
456 7.340939
457 6.015066
458 5.902956
459 7.440311
460 6.504078
461 8.105884
462 7.302371
463 6.171234
464 7.000007
465 7.468608
466 7.487184
467 6.688046
468 7.662299
469 7.333911
470 8.420403
471 7.267694
472 7.123692
473 7.264499
474 7.847026
475 7.289718
476 7.929574
477 6.918388
478 6.608784
479 5.735335
480 5.991536
481 7.101536
482 6.068945
483 8.710194
484 6.869614
485 7.837354
486 6.035444
487 10.114922
488 7.738541
489 7.576311
490 7.012596
491 6.841485
492 7.131935
493 7.636341
494 7.249520
495 6.901372
496 6.074298
497 5.579192
498 7.540363
499 5.450148
500 6.308368
501 8.229786
502 7.620197
503 7.595959
504 6.968693
505 7.509022
506 7.452627
507 6.729777
508 6.946604
509 6.056022
510 5.412116
511 7.128443
512 7.401528
513 6.420257
514 6.920441
515 6.680553
516 7.459933
517 7.195756
518 7.127889
519 8.021208
520 4.596236
521 6.912237
522 7.154062
523 8.114641
524 5.852069
525 7.391637
526 6.562752
527 7.231223
528 7.131043
529 8.292384
530 6.706328
531 6.577636
532 6.897326
533 8.933067
534 7.870275
535 7.552238
536 7.045741
537 6.406755
538 5.144045
539 6.977744
540 7.727093
541 7.514663
542 6.229134
543 7.213635
544 5.745059
545 8.816609
546 6.185160
547 6.732130
548 6.038792
549 6.514178
550 6.326579
551 7.571638
552 8.842591
553 7.418721
554 7.935169
555 8.468801
556 6.859140
557 6.666160
558 8.719895
559 6.754066
560 6.705267
561 8.194939
562 8.560213
563 9.566295
564 6.914977
565 10.152052
566 9.213847
567 9.520139
568 9.770491
569 6.895656
570 7.317623
571 7.293075
572 7.916882
573 9.478318
574 9.695169
575 7.340246
576 6.164268
577 8.887357
578 9.374972
579 8.607183
580 8.492308
581 8.869397
582 7.302581
583 7.615864
584 7.210139
585 9.308792
586 8.775992
587 8.102086
588 9.257963
589 7.560965
590 8.518643
591 7.548310
592 9.625191
593 7.821885
594 7.161293
595 7.870740
596 8.813996
597 8.552860
598 8.759461
599 9.158484
600 8.167675
601 9.033652
602 6.060470
603 7.157437
604 7.889172
605 7.051417
606 7.067970
607 10.411769
608 8.445131
609 7.971608
610 6.707498
611 4.329860
612 8.299862
613 7.608758
614 9.462209
615 6.317137
616 9.569925
617 7.546953
618 7.646243
619 7.819963
620 7.591586
621 8.607939
622 8.098159
623 7.473909
624 6.119305
625 9.014903
626 6.866105
627 8.422238
628 6.610096
629 7.441786
630 6.873312
631 8.053142
632 7.746350
633 7.139228
634 7.942010
635 6.844859
636 7.820363
637 8.809529
638 7.184247
639 5.167312
640 5.695235
641 5.947513
642 6.544846
643 6.725876
644 7.342051
645 7.290364
646 7.346259
647 7.547028
648 7.161604
649 7.177132
650 8.466883
651 7.787105
652 7.905207
653 7.108312
654 8.285511
655 8.000669
656 8.640661
657 8.305143
658 8.896675
659 6.115307
660 7.107205
661 7.840522
662 6.506474
663 7.058030
664 7.538604
665 7.252681
666 6.470226
667 5.880384
668 7.431596
669 6.634243
670 7.365248
671 8.125768
672 7.961584
673 6.854588
674 7.068963
675 7.645461
676 7.002730
677 6.475014
678 6.577386
679 6.661726
680 6.746352
681 7.851781
682 7.173766
683 7.168971
684 6.607890
685 7.007095
686 6.806746
687 6.203556
688 6.589250
689 6.054207
690 7.810795
691 7.013478
692 7.067250
693 7.744811
694 8.847178
695 8.277035
696 7.562363
697 7.525443
698 7.454263
699 7.825758
700 5.870622
701 8.536798
702 7.535974
703 7.448099
704 7.012432
705 8.173043
706 8.061197
707 6.426695
708 7.039445
709 7.188102
710 7.612898
711 6.459480
712 7.001379
713 7.349545
714 8.387438
715 7.755123
716 7.257171
717 7.545872
718 7.530577
719 7.272753
720 6.935953
721 7.049094
722 8.472839
723 7.269781
724 6.070074
725 8.292706
726 7.613948
727 8.164023
728 8.712714
729 6.101320
730 7.457440
731 6.548819
732 7.072071
733 7.722890
734 6.661952
735 8.389579
736 6.985608
737 6.390321
738 6.190849
739 8.059287
740 6.043559
741 8.505638
742 7.075606
743 6.806296
744 6.008867
745 7.503050
746 5.779464
747 7.813327
748 8.370914
749 8.262464
750 6.400953
751 8.008645
752 6.996642
753 6.955444
754 5.806710
755 6.972358
756 6.411465
757 8.032501
758 6.999349
759 6.374582
760 6.559106
761 6.659798
762 6.785354
763 7.130812
764 6.785793
765 7.101978
766 7.125804
767 6.626674
768 6.565431
769 6.164131
770 8.643035
771 8.015947
772 8.694612
773 7.903195
774 7.921910
775 8.335670
776 7.806618
777 9.589334
778 8.000967
779 7.830223
780 7.601274
781 7.129944
782 7.983193
783 7.387918
784 8.327597
785 7.535249
786 7.515697
787 7.208391
788 7.723180
789 8.332982
790 7.118236
791 8.117821
792 7.503839
793 8.099514
794 8.888610
795 7.465180
796 5.941330
797 6.533261
798 7.407652
799 6.977435
800 7.050622
801 7.107423
802 7.270234
803 7.793458
804 7.494993
805 6.116887
806 6.518711
807 7.023397
808 5.648152
809 6.494969
810 6.048922
811 6.911512
812 7.446598
813 7.570614
814 7.172001
815 6.911339
816 7.861398
817 7.070629
818 8.234204
819 9.516306
820 6.996348
821 9.045671
822 7.630373
823 7.514999
824 7.975752
825 6.896731
826 6.905685
827 7.105870
828 7.506478
829 7.041087
830 7.588715
831 7.870027
832 9.993161
833 7.773937
834 7.476030
835 7.457862
836 7.213078
837 7.301787
838 6.471245
839 7.261962
840 7.937058
841 8.134666
842 7.987760
843 7.331344
844 7.643558
845 7.354598
846 6.354880
847 8.051373
848 7.903936
849 7.246799
850 7.639910
851 7.406471
852 6.669468
853 8.232195
854 7.662128
855 6.284783
856 7.220201
857 7.204208
858 8.047712
859 7.800116
860 7.710324
861 7.120154
862 6.506505
863 7.148125
864 7.078886
865 7.294004
866 6.096402
867 7.481878
868 7.327305
869 6.403193
870 6.069407
871 7.029503
872 7.419250
873 8.014898
874 7.741229
875 8.999928
876 8.674267
877 8.737069
878 9.140664
879 8.762288
880 7.299431
881 7.577367
882 6.946382
883 8.299724
884 8.292557
885 8.658580
886 9.664834
887 8.206229
888 7.930486
889 7.386995
890 6.614567
891 7.050738
892 7.072299
893 7.245728
894 7.015845
895 8.053452
896 7.422266
897 6.273987
898 5.953429
899 5.405876
900 7.552451
901 7.188359
902 6.246992
903 4.918914
904 5.383540
905 5.491203
906 5.473993
907 5.387698
908 4.780136
909 5.735241
910 5.608332
911 5.222461
912 4.552812
913 5.225685
914 5.526816
915 5.605122
916 5.630733
917 5.065974
918 5.369107
919 6.446906
920 6.084915
921 5.639164
922 5.947183
923 5.951513
924 5.845118
925 6.058062
926 5.396897
927 5.427603
928 5.557355
929 4.940637
930 5.228737
931 5.588246
932 5.206237
933 4.670461
934 5.983252
935 5.252029
936 4.618929
937 5.264534
938 5.425443
939 5.091147
940 7.235496
941 7.394493
942 4.743312
943 5.529369
944 5.302783
945 6.714298
946 7.536108
947 9.372104
948 7.468160
949 7.473704
950 8.089044
951 9.226642
952 11.064342
953 8.084404
954 8.081147
955 8.814449
956 8.847833
957 8.662018
958 7.795449
959 9.160530
960 8.216588
961 7.178395
962 7.688360
963 8.387200
964 7.781878
965 9.078815
966 8.204566
967 8.055771
968 8.780582
969 7.500098
970 7.571665
971 8.294944
972 8.795784
973 7.134242
974 8.566950
975 7.718226
976 7.042400
977 8.244326
978 7.604078
979 7.382719
980 7.737295
981 7.490111
982 7.853536
983 9.190700
984 8.962399
985 9.936171
986 8.547766
987 7.136651
988 6.343832
989 7.869260
990 9.611211
991 8.131137
992 9.738281
993 8.875919
994 8.413656
995 8.526575
996 7.977023
997 9.155571
998 7.832578
999 8.650092
1000 8.245157
1001 9.653435
1002 6.315251
1003 7.925560
1004 8.386356
1005 10.236258
1006 8.575509
1007 9.500472
1008 9.570136
1009 7.867532
1010 6.945481
1011 7.849312
1012 8.975840
1013 7.592288
1014 8.897036
1015 8.782400
1016 7.631476
1017 8.715173
1018 8.244833
1019 8.091000
1020 8.132259
1021 8.774034
1022 9.138083
1023 8.016337
1024 9.498702
1025 8.412927
1026 8.996722
1027 10.114618
1028 8.872240
1029 8.407812
1030 8.608165
1031 9.036184
1032 9.571421
1033 9.622686
1034 8.327929
1035 9.711343
1036 8.218813
1037 7.249635
1038 7.090240
1039 5.894751
1040 9.502101
1041 7.894569
1042 7.883235
1043 8.005561
1044 7.656825
1045 7.800424
1046 8.555196
1047 9.289139
1048 8.894835
1049 9.913728
1050 8.614090
1051 8.167565
1052 8.311974
1053 9.089894
1054 9.708005
1055 9.900510
1056 8.027793
1057 7.266842
1058 7.835169
1059 7.177150
1060 8.582914
1061 8.532733
1062 7.677575
1063 8.277133
1064 7.833074
1065 8.648106
1066 7.554879
1067 8.464860
1068 8.397173
1069 7.631524
1070 7.821984
1071 9.401966
1072 8.324011
1073 7.147447
1074 6.655428
1075 8.750291
1076 7.947453
1077 7.435783
1078 8.265242
1079 7.940969
1080 7.559400
1081 8.262540
1082 7.300467
1083 7.582547
1084 7.568202
1085 9.421025
1086 8.581354
1087 8.113748
1088 7.780332
1089 9.225989
1090 6.784110
1091 7.613863
1092 7.913315
1093 7.987498
1094 10.417876
1095 9.794921
1096 8.434745
1097 8.738403
1098 9.134273
1099 7.610133
1100 7.094995
1101 6.157125
1102 8.269003
1103 5.526644
1104 6.743574
1105 6.606240
1106 6.779385
1107 8.040234
1108 7.254303
1109 9.250286
1110 8.532416
1111 10.185795
1112 9.325805
1113 9.053840
1114 6.737278
1115 8.446953
1116 9.898934
1117 8.004149
1118 7.999906
1119 7.800797
1120 6.936347
1121 8.740076
1122 7.651776
1123 8.364241
1124 7.585551
1125 7.937418
1126 8.247600
1127 7.701099
1128 7.356828
1129 8.270588
1130 8.394579
1131 8.528668
1132 7.723639
1133 8.796882
1134 8.314238
1135 8.943941
1136 9.402732
1137 7.766139
1138 6.280900
1139 5.455509
1140 6.801124
1141 7.160616
1142 7.658575
1143 8.325588
1144 7.508935
1145 7.530657
1146 5.874846
1147 6.166239
1148 5.552315
1149 5.500091
1150 6.074347
1151 7.003834
1152 5.591253
1153 7.690606
1154 9.009778
1155 8.647086
1156 7.341704
1157 7.855476
1158 7.727581
1159 7.377729
1160 9.421433
1161 7.312715
1162 7.695101
1163 8.910186
1164 7.180314
1165 6.317111
1166 6.089670
1167 5.889941
1168 7.063997
1169 6.360550
1170 7.669121
1171 6.437173
1172 7.525393
1173 6.568570
1174 6.806675
1175 6.633867
1176 6.789618
1177 5.869072
1178 7.503712
1179 7.079505
1180 8.426162
1181 6.369852
1182 6.451952
1183 7.782043
1184 8.136096
1185 6.538999
1186 6.741431
1187 7.438879
1188 7.502380
1189 6.508156
1190 8.649606
1191 6.847431
1192 5.741385
1193 5.946714
1194 6.845225
1195 6.967138
1196 6.350009
1197 6.230706
1198 7.549232
1199 6.842579
1200 6.423869
1201 7.014370
1202 8.098514
1203 6.576848
1204 5.949025
1205 6.106799
1206 6.803382
1207 6.698276
1208 5.971776
1209 6.823311
1210 6.662680
1211 6.071286
1212 6.454317
1213 6.876184
1214 7.058872
1215 6.879864
1216 6.761345
1217 6.292996
1218 6.589219
1219 7.037089
1220 6.767651
1221 6.267385
1222 6.129469
1223 6.013094
1224 5.906691
1225 6.247712
1226 5.461868
1227 5.615078
1228 5.941261
1229 5.465476
1230 7.400446
1231 7.028982
1232 6.137597
1233 9.273931
1234 9.390363
1235 7.149671
1236 7.037541
1237 7.500574
1238 7.304528
1239 7.656338
1240 7.295711
1241 7.499134
1242 7.689479
1243 8.093416
1244 7.421469
1245 6.754828
1246 8.087306
1247 8.266499
1248 8.071957
1249 6.513533
1250 7.165724
1251 8.164638
1252 7.822903
1253 7.327047
1254 6.100499
1255 6.737142
1256 6.587527
1257 5.640336
1258 6.964352
1259 6.215658
1260 8.300060
1261 7.051161
1262 6.461687
1263 7.235150
1264 6.817984
1265 7.730784
1266 6.878182
1267 5.750521
1268 6.997330
1269 8.659244
1270 7.406916
1271 7.409595
1272 8.144870
1273 6.765154
1274 5.919798
1275 6.597705
1276 7.103837
1277 6.488406
1278 6.266570
1279 7.711966
1280 7.020713
1281 7.420067
1282 6.887824
1283 7.838783
1284 8.380124
1285 8.462305
1286 7.718055
1287 7.759910
1288 9.619797
1289 7.616541
1290 5.889474
1291 6.016892
1292 5.339719
1293 5.579508
1294 5.747311
1295 6.721369
1296 5.277327
1297 5.492513
1298 5.944337
1299 5.269894
1300 5.363377
1301 5.321229
1302 5.479287
1303 5.807074
1304 6.899574
1305 7.519689
1306 4.916465
1307 6.694167
1308 7.953346
1309 6.758706
1310 5.390676
1311 5.465722
1312 5.617866
1313 6.053802
1314 3.274312
1315 3.579900
1316 3.322185
1317 3.686856
1318 3.898154
1319 3.562486
1320 3.533766
1321 3.106221
1322 5.586852
1323 5.361466
1324 5.358395
1325 5.174109
1326 5.182472
1327 5.456152
1328 5.432476
1329 3.198406
1330 3.753718
1331 3.385645
1332 3.650289
1333 3.255181
1334 3.325897
1335 3.968238
1336 3.537951
1337 3.455591
1338 3.832611
1339 3.381865
1340 4.788133
1341 5.143910
1342 5.212421
1343 4.937796
1344 5.297360
1345 5.618014
1346 5.490103
1347 5.187157
1348 4.896774
1349 5.302836
1350 4.854065
1351 5.154423
1352 5.500591
1353 4.977367
1354 5.158047
1355 4.627914
1356 5.596445
1357 5.289803
1358 4.840775
1359 5.282650
1360 6.974304
1361 7.134989
1362 5.600579
1363 6.803537
1364 6.206916
1365 6.985679
1366 7.863753
1367 5.863173
1368 7.655053
1369 7.916879
1370 8.025494
1371 6.970746
1372 7.117402
1373 7.272282
1374 8.150442
1375 7.374075
1376 7.764043
1377 6.946986
1378 6.845708
1379 7.395546
1380 8.830678
1381 7.894784
1382 6.822683
1383 8.595909
1384 7.821745
1385 8.600436
1386 7.396699
1387 7.539296
1388 8.840073
1389 7.980163
1390 8.232291
1391 8.232211
1392 7.285507
1393 8.818720
1394 8.110916
1395 8.403779
1396 8.320108
1397 6.735853
1398 8.110496
1399 7.302960
1400 7.478221
1401 8.074812
1402 8.564864
1403 8.671408
1404 7.550423
1405 8.521936
1406 7.702189
1407 8.346522
1408 8.346500
1409 8.850424
1410 9.126370
1411 8.231051
1412 9.034292
1413 7.369485
1414 8.133714
1415 7.771855
1416 7.662670
1417 7.704627
1418 9.617930
1419 8.762133
1420 8.373559
1421 8.258824
1422 7.760327
1423 7.914220
1424 7.836332
1425 7.916482
1426 8.353166
1427 8.801828
1428 8.306207
1429 7.725158
1430 6.888205
1431 7.833346
1432 8.054781
1433 7.750954
1434 8.029473
1435 7.850431
1436 6.051122
1437 6.422792
1438 6.215254
1439 6.603702
1440 7.534301
1441 6.883455
1442 7.589698
1443 7.320206
1444 7.710241
1445 8.562834
1446 7.643913
1447 8.565197
1448 7.907482
1449 6.490067
1450 8.314837
1451 6.617630
1452 7.919929
1453 8.239910
1454 8.188136
1455 7.084107
1456 6.521970
1457 6.443276
1458 6.486865
1459 9.683373
1460 10.572673
1461 7.924330
1462 7.606859
1463 7.994115
1464 7.643879
1465 7.735362
1466 8.556390
1467 8.103482
1468 7.298947
1469 7.197388
1470 6.297262
1471 6.077393
1472 8.026685
1473 6.447675
1474 7.065171
1475 7.836600
1476 8.474457
1477 7.152805
1478 7.647811
1479 8.024063
1480 6.809902
1481 6.930230
1482 5.245056
1483 8.052558
1484 7.164818
1485 8.421203
1486 7.872703
1487 5.798491
1488 6.963313
1489 8.362977
1490 6.931098
1491 6.739476
1492 8.711746
1493 7.357723
1494 7.286398
1495 6.755569
1496 7.412699
1497 6.836592
1498 6.223416
1499 6.146746
1500 6.045636
1501 7.351341
1502 7.126387
1503 6.811096
1504 6.651534
1505 6.971293
1506 6.888469
1507 6.298587
1508 6.819279
1509 7.410871
1510 6.586000
1511 6.706237
1512 6.111676
1513 7.242769
1514 6.090098
1515 6.854182
1516 6.813236
1517 7.792310
1518 7.152554
1519 7.665957
1520 6.792997
1521 6.906446
1522 6.810501
1523 6.782742
1524 7.626855
1525 7.287592
1526 6.868692
1527 6.928845
1528 7.624538
1529 6.249502
1530 6.268221
1531 6.165729
1532 7.107560
1533 6.052810
1534 6.184998
1535 8.523438
1536 7.071485
1537 6.832320
1538 8.446473
1539 8.792487
1540 7.680653
1541 8.624974
1542 8.279903
1543 6.613502
1544 6.863680
1545 6.053123
1546 5.709019
1547 5.449459
1548 5.563334
1549 5.629928
1550 5.636213
1551 4.878390
1552 5.816125
1553 4.909348
1554 5.319869
1555 5.567289
1556 5.382881
1557 5.750730
1558 4.855289
1559 5.132181
1560 4.788923
1561 5.486216
1562 5.961552
1563 4.514446
1564 5.108013
1565 5.253389
1566 5.697033
1567 5.580690
1568 6.349842
1569 6.943106
1570 6.476936
1571 6.027352
1572 5.406237
1573 5.419123
1574 5.184630
1575 5.641453
1576 5.051685
1577 6.131966
1578 5.365770
1579 6.558248
1580 5.830317
1581 5.678477
1582 5.577858
1583 5.159873
1584 4.755911
1585 5.456280
1586 5.416140
1587 5.245847
1588 6.281249
1589 6.831033
1590 5.841812
1591 5.424111
1592 6.526944
1593 5.963337
1594 5.528998
1595 5.060365
1596 5.618442
1597 4.955999
1598 5.527946
1599 5.669645
1600 5.376199
1601 6.105496
1602 5.283089
1603 5.293889
1604 6.339156
1605 6.704708
1606 7.223890
1607 5.475309
1608 5.737709
1609 5.276902
1610 5.453863
1611 5.063291
1612 5.459202
1613 5.774243
1614 5.712373
1615 5.798915
1616 6.799611
1617 7.476002
1618 8.252763
1619 6.673844
1620 8.536077
1621 7.317718
1622 5.407634
1623 5.282537
1624 5.463809
1625 5.577977
1626 5.396526
1627 5.618753
1628 5.644351
1629 5.320733
1630 5.569246
1631 5.402685
1632 5.800575
1633 5.525631
1634 5.169148
1635 5.497690
1636 5.431886
1637 5.935394
1638 5.663444
1639 5.381533
1640 4.920764
1641 5.534130
1642 5.686300
1643 5.245504
1644 5.074466
1645 5.984471
1646 5.315920
1647 5.231538
1648 5.446126
1649 5.233249
1650 5.398823
1651 5.245294
1652 5.691489
1653 8.340276
1654 7.415785
1655 5.493580
1656 5.261436
1657 4.839125
1658 5.623602
1659 5.660324
1660 5.624181
1661 5.387561
1662 5.834827
1663 5.345594
1664 5.495902
1665 5.262290
1666 5.076081
1667 5.462132
1668 5.605897
1669 4.248072
1670 5.001689
1671 4.855201
1672 5.219360
1673 5.549585
1674 4.949220
1675 5.487967
1676 5.457969
1677 6.669191
1678 6.936381
1679 6.710635
1680 7.394499
1681 6.519177
1682 10.743670
1683 6.090209
1684 5.829483
1685 7.582737
1686 6.906298
1687 7.586472
1688 7.561205
1689 7.321403
1690 7.545011
1691 8.098808
1692 5.463212
1693 5.369937
1694 5.587245
1695 5.386734
1696 6.025289
1697 7.418633
1698 7.048213
1699 8.533434
1700 5.593952
1701 5.540876
1702 5.636645
1703 5.400183
1704 5.019700
1705 5.336488
1706 5.396991
1707 5.407433
1708 5.346261
1709 5.179282
1710 5.331949
1711 5.004100
1712 5.318986
1713 5.081431
1714 5.460411
1715 5.831548
1716 5.435183
1717 4.587612
1718 5.311591
1719 4.733597
1720 5.644938
1721 5.702729
1722 5.200468
1723 5.753765
1724 5.682342
1725 5.621085
1726 4.984062
1727 5.485998
1728 4.941315
1729 5.669744
1730 5.447515
1731 4.920874
1732 5.540165
1733 5.152380
1734 5.409336
1735 5.384748
1736 5.294054
1737 4.665289
1738 5.791812
1739 5.525382
1740 6.453227
1741 7.247628
1742 7.628505
1743 8.105452
1744 7.753200
1745 9.011834
1746 6.055651
1747 7.875786
1748 7.349218
1749 7.517693
1750 7.032313
1751 7.571757
1752 7.140371
1753 7.388328
1754 8.796059
1755 8.605498
1756 7.636617
1757 8.108545
1758 8.536796
1759 8.119300
1760 8.523521
1761 7.410892
1762 9.177320
1763 9.240354
1764 7.632602
1765 7.924746
1766 10.278332
1767 6.563491
1768 6.875792
1769 7.027388
1770 7.741506
1771 6.420181
1772 7.554236
1773 8.192736
1774 7.588946
1775 6.864364
1776 7.618597
1777 7.152888
1778 7.760077
1779 8.917992
1780 7.001507
1781 6.717210
1782 7.583725
1783 7.891603
1784 6.556684
1785 6.180049
1786 7.652063
1787 6.695269
1788 6.754867
1789 7.369322
1790 7.571163
1791 6.789706
1792 7.906670
1793 7.975199
1794 7.208247
1795 9.065599
1796 7.764601
1797 7.711607
1798 8.875093
1799 6.542110
1800 6.195958
1801 5.676946
1802 5.821115
1803 4.973691
1804 5.171037
1805 6.069447
1806 5.909391
1807 5.839289
1808 5.653297
1809 5.422923
1810 6.349536
1811 5.685920
1812 6.923718
1813 5.689023
1814 6.253063
1815 7.627852
1816 6.641882
1817 6.846504
1818 6.853183
1819 7.475701
1820 8.175316
1821 7.394924
1822 9.459698
1823 7.669217
1824 7.287599
1825 6.554495
1826 8.347726
1827 7.012103
1828 6.499825
1829 7.609419
1830 7.789351
1831 7.422414
1832 9.255668
1833 9.698356
1834 8.409170
1835 7.201181
1836 8.704792
1837 7.462822
1838 7.520027
1839 7.794138
1840 7.979324
1841 8.111043
1842 8.380980
1843 7.683060
1844 8.616327
1845 8.122445
1846 7.139115
1847 6.967317
1848 7.791849
1849 7.598322
1850 8.823162
1851 8.665540
1852 8.278515
1853 8.092624
1854 9.238123
1855 7.180675
1856 6.843785
1857 8.427799
1858 7.656534
1859 7.294718
1860 8.512815
1861 6.773020
1862 7.405065
1863 7.865658
1864 7.006520
1865 6.868698
1866 7.719021
1867 7.438118
1868 7.736065
1869 7.442656
1870 7.567021
1871 8.546842
1872 7.709696
1873 8.472042
1874 9.031264
1875 7.719882
1876 6.075944
1877 6.720661
1878 8.039609
1879 7.072468
1880 6.230137
1881 7.786943
1882 9.813342
1883 7.425806
1884 6.326153
1885 8.667669
1886 7.193733
1887 6.824354
1888 6.900827
1889 7.677110
1890 7.605827
1891 7.774952
1892 7.416401
1893 6.592518
1894 7.125525
1895 7.453415
1896 7.423658
1897 6.962342
1898 6.974260
1899 7.839221
1900 8.434751
1901 7.416287
1902 7.893402
1903 6.109419
1904 7.156514
1905 8.110642
1906 7.797153
1907 7.990644
1908 7.783380
1909 6.772312
1910 7.023995
1911 7.331705
1912 6.769381
1913 6.718497
1914 7.641917
1915 7.255874
1916 7.662330
1917 7.086783
1918 7.959573
1919 6.910860
1920 7.636007
1921 8.225138
1922 7.621267
1923 7.723852
1924 8.719007
1925 6.742924
1926 7.546509
1927 7.774585
1928 6.620114
1929 6.605945
1930 8.125644
1931 6.474088
1932 7.893106
1933 7.307160
1934 6.689074
1935 7.706220
1936 6.955582
1937 6.874803
1938 8.613996
1939 7.749465
1940 7.047787
1941 8.621248
1942 7.482895
1943 6.961214
1944 7.718479
1945 7.853814
1946 7.762769
1947 7.076751
1948 6.859462
1949 7.523835
1950 6.999443
1951 7.767245
1952 7.488265
1953 7.387978
1954 7.817807
1955 7.856545
1956 8.149263
1957 7.912610
1958 8.884778
1959 7.667704
1960 7.606979
1961 6.904412
1962 7.862856
1963 9.427199
1964 6.316811
1965 5.516541
1966 6.700955
1967 7.691690
1968 5.750172
1969 6.981497
1970 6.439673
1971 8.080315
1972 6.020581
1973 6.254224
1974 7.818883
1975 6.253847
1976 7.132489
1977 7.706922
1978 7.849005
1979 8.102582
1980 8.221683
1981 5.758871
1982 7.408841
1983 6.825389
1984 7.865012
1985 6.685303
1986 7.182368
1987 6.471305
1988 7.320445
1989 7.613907
1990 6.805485
1991 6.745154
1992 5.880221
1993 7.189047
1994 7.231191
1995 6.706519
1996 5.301225
1997 5.885354
1998 5.418966
1999 5.307365
2000 4.744365
2001 5.287241
2002 5.018346
2003 5.130749
2004 5.433940
2005 5.418209
2006 5.115506
2007 5.482132
2008 5.165160
2009 5.261402
2010 5.238523
2011 4.804677
2012 5.274163
2013 5.145386
2014 5.216263
2015 5.370335
2016 5.198943
2017 5.443437
2018 5.315382
2019 5.538982
2020 5.295621
2021 5.433641
2022 5.442666
2023 5.375100
2024 4.772221
2025 5.107750
2026 5.535938
2027 5.187919
2028 5.282572
2029 5.487426
2030 5.767885
2031 5.510482
2032 5.562239
2033 5.235504
2034 5.264112
2035 5.976773
2036 6.182959
2037 6.047561
2038 7.379505
2039 5.433315
2040 5.262377
2041 5.760929
2042 5.423523
2043 5.057845
2044 4.962313
2045 7.007781
2046 5.596942
2047 5.533037
2048 4.881887
2049 5.182338
2050 5.109375
2051 5.332998
2052 4.874557
2053 5.996251
2054 5.407272
2055 4.933300
2056 5.610794
2057 5.344651
2058 5.757873
2059 5.348505
2060 4.863166
2061 5.675474
2062 6.044021
2063 4.815331
2064 5.962325
2065 5.407016
2066 5.709458
2067 5.666260
2068 6.377570
2069 5.171402
2070 5.417831
2071 5.944248
2072 5.084496
2073 6.851475
2074 5.695359
2075 6.062914
2076 5.302782
2077 5.028648
2078 5.619063
2079 6.244703
2080 5.590905
2081 5.353410
2082 5.542391
2083 4.982299
2084 5.071186
2085 5.535566
2086 4.467628
2087 4.998826
2088 5.172942
2089 5.424075
2090 5.585515
2091 6.655532
2092 5.570402
2093 5.518013
2094 5.526029
2095 5.514174
2096 7.938643
2097 5.445981
2098 5.524141
2099 5.028420
2100 5.251558
2101 5.614311
2102 8.321190
2103 4.321413
2104 5.746008
2105 5.325458
2106 4.836010
2107 5.603614
2108 5.182325
2109 5.084849
2110 5.328095
2111 5.489990
2112 5.369739
2113 5.919702
2114 5.546550
2115 5.773092
2116 5.501863
2117 4.940628
2118 5.440535
2119 5.273008
2120 5.444575
2121 3.796329
2122 5.958302
2123 4.737098
2124 5.512751
2125 5.944828
2126 5.400355
2127 4.796101
2128 5.592023
2129 5.580045
2130 5.872861
2131 5.465417
2132 5.537112
2133 5.876639
2134 5.106367
2135 5.640508
2136 5.689342
2137 6.361722
2138 6.978722
2139 5.674319
2140 5.271602
2141 5.499419
2142 6.008445
2143 5.846759
2144 5.664996
2145 5.238072
2146 5.808485
2147 5.078564
2148 5.553144
2149 5.914534
2150 5.467665
2151 5.437364
2152 4.762981
2153 5.595256
2154 5.579696
2155 4.612905
2156 5.246304
2157 5.639527
2158 5.434024
2159 5.589570
2160 4.972302
2161 5.457564
2162 7.297921
2163 5.844037
2164 6.215217
2165 6.022507
2166 3.678056
2167 3.662623
2168 3.612010
2169 3.406948
2170 3.794562
2171 3.342347
2172 3.686583
2173 3.680543
2174 5.714194
2175 5.677764
2176 5.751808
2177 5.557427
2178 5.079696
2179 5.351692
2180 5.301681
2181 6.601319
2182 6.072391
2183 5.501218
2184 5.633668
2185 5.125075
2186 5.508553
2187 3.825624
2188 4.902947
2189 4.985480
2190 5.646396
2191 5.661095
2192 7.884740
2193 5.218764
2194 5.137023
2195 5.179932
2196 4.520818
2197 5.590671
2198 5.384504
2199 5.609109
2200 5.169961
2201 5.776063
2202 5.742310
2203 5.708493
2204 4.700107
2205 5.237844
2206 5.459552
2207 5.554609
2208 5.011723
2209 5.016873
2210 6.584838
2211 5.253809
2212 5.307446
2213 5.686977
2214 5.055385
2215 5.580809
2216 5.175567
2217 6.870148
2218 6.491865
2219 5.096372
2220 5.491673
2221 5.762455
2222 5.304988
2223 5.234558
2224 5.761951
2225 5.018060
2226 5.386883
2227 5.746903
2228 5.464149
2229 5.646675
2230 5.031288
2231 5.030815
2232 5.141656
2233 5.911432
2234 5.291975
2235 6.519249
2236 6.821332
2237 7.244111
2238 7.423484
2239 4.830353
2240 5.804094
2241 4.894670
2242 5.635343
2243 5.036773
2244 5.306347
2245 6.184733
2246 5.173778
2247 4.943015
2248 5.065115
2249 5.096018
2250 5.348059
2251 5.295563
2252 5.524329
2253 5.315591
2254 5.886270
2255 6.222010
2256 5.993421
2257 5.105420
2258 5.489509
2259 5.364606
2260 5.553745
2261 5.252086
2262 5.318212
2263 5.427808
2264 6.070830
2265 3.492653
2266 3.201376
2267 3.304938
2268 3.810827
2269 3.709851
2270 3.749533
2271 5.706398
2272 5.265793
2273 6.015521
2274 5.439565
2275 5.301943
2276 5.225420
2277 6.516120
2278 5.431172
2279 6.551045
2280 4.820016
2281 6.918672
2282 7.353269
2283 5.379089
2284 5.805522
2285 5.715951
2286 5.043907
2287 5.346459
2288 5.391335
2289 4.721983
2290 4.873903
2291 7.678603
2292 7.560296
2293 5.101510
2294 5.907190
2295 5.545743
2296 6.742805
2297 5.145379
2298 7.373264
2299 4.572674
2300 4.532882
2301 3.371336
2302 3.533091
2303 3.596179
2304 3.342605
2305 3.539305
2306 3.670831
2307 3.106204
2308 3.250447
2309 3.010779
2310 3.897257
2311 3.416389
2312 3.318346
2313 3.632095
2314 3.690182
2315 3.528486
2316 3.539691
2317 3.533497
2318 3.931667
2319 3.429712
2320 3.144844
2321 5.358279
2322 5.636641
2323 5.098989
2324 3.685787
2325 3.584158
2326 6.050166
2327 5.527821
2328 4.605484
2329 4.597534
2330 5.520590
2331 5.149551
2332 5.543621
2333 5.703593
2334 5.384503
2335 5.887969
2336 7.895868
2337 7.291118
2338 7.223411
2339 7.763419
2340 7.554405
2341 6.586410
2342 7.032812
2343 7.560747
2344 6.591103
2345 8.465206
2346 6.891407
2347 6.564649
2348 7.724183
2349 7.530984
2350 6.456478
2351 7.221563
2352 7.207572
2353 6.599903
2354 6.696455
2355 6.685910
2356 6.642433
2357 7.128233
2358 7.779288
2359 6.910642
2360 6.241802
2361 7.713326
2362 7.551981
2363 7.375784
2364 7.076195
2365 7.045084
2366 7.532550
2367 8.960206
2368 6.934465
2369 7.848924
2370 6.863507
2371 6.048546
2372 5.981546
2373 7.203264
2374 7.743037
2375 6.972555
2376 9.404606
2377 7.320178
2378 6.495253
2379 6.703206
2380 6.801904
2381 8.058026
2382 6.429991
2383 6.206714
2384 6.581495
2385 8.139206
2386 6.177670
2387 6.256429
2388 6.284091
2389 7.046757
2390 6.220016
2391 5.987186
2392 5.936379
2393 7.151015
2394 7.304993
2395 7.221876
2396 6.611541
2397 7.170290
2398 6.115463
2399 6.832541
2400 6.449275
2401 5.502962
2402 6.014782
2403 6.112374
2404 7.238681
2405 6.589644
2406 6.203259
2407 9.268844
2408 6.648813
2409 6.596885
2410 7.491737
2411 6.479885
2412 5.901431
2413 6.678489
2414 6.686718
2415 7.593591
2416 6.687203
2417 6.816473
2418 7.531724
2419 7.884637
2420 6.821834
2421 7.616279
2422 7.948660
2423 8.201377
2424 7.243632
2425 6.622612
2426 6.633817
2427 7.237107
2428 6.320039
2429 7.477031
2430 6.929603
2431 6.377906
2432 7.132782
2433 8.261294
2434 9.067225
2435 6.260040
2436 5.193583
2437 7.592324
2438 6.699203
2439 7.339824
2440 6.762048
2441 6.623700
2442 7.120877
2443 7.328526
2444 5.768578
2445 7.352115
2446 7.440806
2447 7.475829
2448 8.742734
2449 6.339085
2450 7.509642
2451 7.666987
2452 7.394544
2453 6.268764
2454 6.085613
2455 7.463404
2456 8.321711
2457 7.813839
2458 8.962907
2459 8.564490
2460 7.672150
2461 6.278234
2462 6.509539
2463 7.443104
2464 8.677245
2465 6.791560
2466 8.182893
2467 7.216659
2468 7.556825
2469 8.746410
2470 6.818366
2471 7.448497
2472 8.988929
2473 6.821942
2474 6.418015
2475 6.320190
2476 6.309888
2477 6.728951
2478 6.348236
2479 7.024251
2480 7.050454
2481 8.412029
2482 6.150529
2483 6.625202
2484 6.830169
2485 7.374591
2486 7.595724
2487 6.987789
2488 7.060126
2489 8.232530
2490 5.246199
2491 6.442593
2492 7.202236
2493 6.009138
2494 5.901670
2495 6.422313
2496 6.003616
2497 5.809828
2498 5.799914
2499 7.403869
2500 7.224805
2501 6.707020
2502 7.355876
2503 6.751991
2504 6.569695
2505 6.928592
2506 6.949718
2507 7.299355
2508 8.014090
2509 6.722581
2510 6.370354
2511 6.732902
2512 7.896681
2513 8.103141
2514 6.110426
2515 6.978869
2516 7.908869
2517 7.299190
2518 6.695895
2519 6.919459
2520 6.418161
2521 7.131305
2522 5.936355
2523 7.231946
2524 5.619380
2525 6.457933
2526 6.903934
2527 7.576689
2528 8.243336
2529 6.370941
2530 5.186270
2531 3.492062
2532 3.651328
2533 3.465315
2534 3.326937
2535 3.544192
2536 3.610387
2537 3.235383
2538 5.532052
2539 5.674551
2540 5.610161
2541 5.039691
2542 5.131316
2543 5.838777
2544 4.931955
2545 5.777110
2546 5.433250
2547 6.862894
2548 4.481173
2549 3.520595
2550 5.572603
2551 5.550641
2552 5.266548
2553 5.660758
2554 5.246436
2555 5.213702
2556 5.391151
2557 5.236831
2558 4.853383
2559 5.438751
2560 5.819535
2561 3.219750
2562 5.011127
2563 5.873144
2564 5.696566
2565 5.256437
2566 5.486438
2567 5.622116
2568 5.340271
2569 5.736427
2570 5.933169
2571 5.453568
2572 4.973791
2573 5.195508
2574 4.908627
2575 5.310612
2576 5.822724
2577 5.264388
2578 5.292164
2579 5.322659
2580 5.399573
2581 5.372645
2582 5.554027
2583 6.577221
2584 5.706309
2585 6.487726
2586 8.047340
2587 6.580663
2588 6.428235
2589 9.326632
2590 7.998475
2591 7.285060
2592 7.473961
2593 7.076614
2594 7.092235
2595 7.519846
2596 9.293845
2597 7.181564
2598 6.527917
2599 6.984539
2600 7.868671
2601 6.273149
2602 6.086092
2603 7.441941
2604 9.478631
2605 7.836206
2606 7.949413
2607 8.429784
2608 9.754922
2609 9.409914
2610 7.311913
2611 8.941690
2612 7.641799
2613 7.887774
2614 8.300539
2615 9.028031
2616 8.771480
2617 8.275949
2618 8.003438
2619 8.072278
2620 6.559954
2621 9.525817
2622 7.655619
2623 8.395281
2624 8.690600
2625 7.961893
2626 8.089336
2627 9.143418
2628 8.740829
2629 8.747423
2630 9.102381
2631 9.220470
2632 8.950427
2633 7.604239
2634 9.198200
2635 7.902758
2636 8.889527
2637 8.510026
2638 8.184659
2639 9.645456
2640 8.388836
2641 8.648112
2642 8.168389
2643 7.324678
2644 8.940660
2645 8.375565
2646 7.106977
2647 7.682590
2648 6.323378
2649 3.873579
2650 3.854101
2651 7.828941
2652 7.450543
2653 7.450510
2654 8.199279
2655 6.749136
2656 7.925921
2657 8.110865
2658 7.622002
2659 7.001468
2660 5.406829
2661 6.628998
2662 7.609326
2663 6.901695
2664 7.024592
2665 5.988605
2666 6.739276
2667 6.987362
2668 7.839220
2669 7.064786
2670 6.963350
2671 8.707472
2672 6.563678
2673 5.246764
2674 5.602801
2675 5.489351
2676 5.492595
2677 6.155209
2678 6.730654
2679 6.006598
2680 5.610472
2681 5.457446
2682 5.035407
2683 5.398572
2684 5.508618
2685 5.443996
2686 5.150019
2687 5.848471
2688 5.560533
2689 5.295432
2690 5.332326
2691 5.466939
2692 5.314509
2693 5.429031
2694 5.232302
2695 4.923130
2696 5.446734
2697 5.219626
2698 6.143157
2699 5.242273
2700 5.486884
2701 4.999442
2702 4.956269
2703 5.466717
2704 5.770346
2705 4.865399
2706 5.886501
2707 5.347384
2708 5.198894
2709 5.453714
2710 5.136624
2711 5.406155
2712 5.836695
2713 5.730046
2714 4.877686
2715 5.818984
2716 5.583807
2717 5.454768
2718 4.953880
2719 5.385043
2720 5.484468
2721 5.272210
2722 5.256699
2723 5.548774
2724 5.862498
2725 5.505733
2726 6.037432
2727 5.406312
2728 5.512484
2729 5.222912
2730 5.012874
2731 5.645227
2732 4.817324
2733 7.920822
2734 6.381449
2735 5.054079
2736 5.160475
2737 7.744676
2738 7.712879
2739 5.961619
2740 6.177013
2741 7.351914
2742 6.559792
2743 6.846581
2744 5.754809
2745 5.837484
2746 7.433724
2747 6.899611
2748 7.715058
2749 5.552677
2750 6.368117
2751 7.756482
2752 9.466838
2753 9.574102
2754 10.355693
2755 8.206518
2756 6.857082
2757 6.833566
2758 6.792005
2759 7.088648
2760 6.218890
2761 7.067964
2762 7.056954
2763 7.082577
2764 8.872901
2765 7.590851
2766 6.319619
2767 7.240918
2768 5.382686
2769 5.874299
2770 5.758896
2771 5.997915
2772 5.497063
2773 4.688285
2774 5.610249
2775 5.734715
2776 4.653321
2777 5.632169
2778 5.026944
2779 5.286860
2780 7.170387
2781 7.400819
2782 7.972765
2783 7.342484
2784 7.280802
2785 6.882185
2786 6.508437
2787 5.091515
2788 5.905396
2789 5.626804
2790 5.679925
2791 5.281383
2792 5.108749
2793 5.867682
2794 5.718155
2795 5.468364
2796 5.520586
2797 5.356919
2798 5.376050
2799 5.415221
2800 5.623545
2801 5.405684
2802 5.424398
2803 5.345746
2804 5.654678
2805 5.783055
2806 6.106475
2807 5.609007
2808 5.160184
2809 5.677132
2810 4.744692
2811 5.790375
2812 5.555376
2813 5.396045
2814 6.789150
2815 7.361985
2816 5.446965
2817 6.798487
2818 6.125260
2819 7.056378
2820 4.569880
2821 3.377648
2822 3.647958
2823 3.481954
2824 3.609889
2825 3.580744
2826 3.730336
2827 3.177056
2828 3.723788
2829 3.334800
2830 4.176566
2831 3.062319
2832 3.917220
2833 3.579176
2834 4.160647
2835 3.943415
2836 3.750321
2837 3.368885
2838 3.894213
2839 4.346230
2840 3.647478
2841 3.590179
2842 3.623660
2843 3.643434
2844 3.867430
2845 3.204090
2846 3.087846
2847 3.635188
2848 3.370637
2849 3.972027
2850 3.871602
2851 3.402662
2852 3.476910
2853 3.593925
2854 3.895189
2855 3.653424
2856 3.870351
2857 3.424296
2858 3.695082
2859 3.930471
2860 3.622720
2861 3.663947
2862 3.863315
2863 3.498484
2864 3.692075
2865 3.622886
2866 3.840530
2867 3.483993
2868 3.692777
2869 3.693643
2870 3.616215
2871 3.543487
2872 3.776203
2873 3.693902
2874 3.589900
2875 5.349999
2876 5.173324
2877 5.511903
2878 5.503844
2879 4.992033
2880 5.614036
2881 5.220478
2882 5.064584
2883 5.590508
2884 5.403823
2885 5.179595
2886 5.701946
2887 5.249563
2888 5.286361
2889 3.520836
2890 3.597863
2891 3.227430
2892 3.416021
2893 3.554224
2894 3.710539
2895 3.467465
2896 3.395012
2897 3.253228
2898 3.512563
2899 3.747052
2900 3.735519
2901 3.490586
2902 3.604123
2903 3.745343
2904 3.701904
2905 3.811285
2906 3.787891
2907 6.740060
2908 7.045632
2909 7.110231
2910 6.037226
2911 6.813613
2912 7.394412
2913 5.084731
2914 7.341995
2915 7.210537
2916 7.697175
2917 7.488264
2918 8.020798
2919 7.468425
2920 7.841002
2921 7.252388
2922 8.818120
2923 8.720647
2924 7.255773
2925 8.591494
2926 8.758525
2927 7.901093
2928 7.829752
2929 8.242187
2930 7.362535
2931 8.215227
2932 8.227600
2933 8.026270
2934 4.405610
2935 4.722766
2936 5.745791
2937 5.794009
2938 7.730879
2939 5.608262
2940 5.263867
2941 5.425763
2942 5.733506
2943 5.275169
2944 7.195782
2945 7.334634
2946 7.573240
2947 7.316190
2948 6.591471
2949 7.092934
2950 6.295473
2951 5.175666
2952 5.826869
2953 7.273555
2954 7.867435
2955 7.234107
2956 7.469213
2957 5.394276
2958 4.484354
2959 5.292985
2960 4.989360
2961 5.220289
2962 5.777698
2963 5.591933
2964 5.074742
2965 7.129952
2966 7.686750
2967 6.277283
2968 7.780554
2969 3.643583
2970 3.373115
2971 3.761994
2972 3.570631
2973 3.340569
2974 3.205965
2975 3.503100
2976 3.377053
2977 3.168692
2978 3.434034
2979 3.605523
2980 3.261135
2981 3.341872
2982 3.067456
2983 3.818953
2984 3.678560
2985 3.406127
2986 3.428700
2987 3.491432
2988 3.359195
2989 3.581480
2990 3.468343
2991 3.324348
2992 3.809124
2993 3.633468
2994 3.147981
2995 5.361277
2996 5.559784
2997 5.431345
2998 5.403609
2999 5.503400
3000 5.636536
3001 3.647724
3002 3.047786
3003 3.430654
3004 3.154330
3005 3.762420
3006 3.154047
3007 3.953657
3008 5.918258
3009 5.287779
3010 5.410036
3011 6.948519
3012 5.945259
3013 6.356477
3014 5.779366
3015 5.986285
3016 5.552462
3017 5.343267
3018 5.781124
3019 7.662648
3020 6.400762
3021 7.219397
3022 7.053094
3023 5.492623
3024 5.247905
3025 5.215612
3026 5.536100
3027 5.693019
3028 6.024620
3029 4.487370
3030 5.249029
3031 5.134986
3032 5.504806
3033 5.213455
3034 4.506727
3035 5.418015
3036 5.615639
3037 6.158555
3038 8.060056
3039 7.931010
3040 8.298174
3041 8.629276
3042 8.060603
3043 7.893375
3044 6.857506
3045 6.905319
3046 6.892243
3047 7.633251
3048 8.653664
3049 9.435746
3050 8.716475
3051 6.487602
3052 6.655607
3053 7.235723
3054 7.166764
3055 8.776662
3056 7.060069
3057 7.032737
3058 8.593869
3059 6.484604
3060 8.341018
3061 9.322534
3062 8.755024
3063 6.792725
3064 7.686385
3065 9.205423
3066 9.558498
3067 8.063907
3068 9.036140
3069 7.777025
3070 8.063409
3071 7.402358
3072 7.522695
3073 7.621938
3074 7.270273
3075 6.699155
3076 6.924221
3077 6.424407
3078 7.959524
3079 6.677208
3080 7.534970
3081 7.321257
3082 6.825233
3083 8.002280
3084 8.483039
3085 7.443063
3086 7.654435
3087 8.032045
3088 8.142659
3089 7.775148
3090 8.180915
3091 6.668268
3092 6.622001
3093 7.195451
3094 8.102470
3095 7.583074
3096 7.902286
3097 8.665029
3098 7.554317
3099 9.413256
3100 9.269324
3101 7.912687
3102 6.557662
3103 8.277093
3104 7.137825
3105 7.625781
3106 9.470345
3107 8.170835
3108 8.205564
3109 7.895144
3110 7.969372
3111 7.918467
3112 6.421449
3113 7.578580
3114 7.682259
3115 8.017094
3116 8.314120
3117 6.853859
3118 8.844078
3119 7.552927
3120 7.582091
3121 7.820008
3122 8.942544
3123 5.484031
3124 7.637834
3125 6.619706
3126 7.437935
3127 7.241230
3128 7.405282
3129 7.123735
3130 6.915302
3131 6.813885
3132 7.037059
3133 8.533405
3134 9.568732
3135 6.523889
3136 10.861491
3137 6.615760
3138 7.567190
3139 6.998142
3140 7.715477
3141 8.860574
3142 7.346895
3143 8.313057
3144 8.413442
3145 5.923513
3146 8.548717
3147 8.014044
3148 7.870254
3149 5.908647
3150 5.986484
3151 6.523962
3152 6.911808
3153 9.546377
3154 6.968286
3155 7.761784
3156 6.880881
3157 6.852023
3158 8.524905
3159 7.046395
3160 8.431116
3161 6.432333
3162 5.472292
3163 6.896216
3164 6.514849
3165 6.582865
3166 6.518136
3167 6.693610
3168 7.708115
3169 7.767100
3170 7.883110
3171 6.926514
3172 7.043302
3173 6.257363
3174 5.874642
3175 7.498702
3176 6.854984
3177 6.014467
3178 6.745257
3179 6.004606
3180 6.839043
3181 7.436363
3182 5.984723
3183 7.563074
3184 6.577499
3185 5.550648
3186 7.232577
3187 5.184390
3188 8.216705
3189 6.960425
3190 5.810731
3191 6.581558
3192 6.303913
3193 6.441973
3194 7.954492
3195 6.597104
3196 6.113150
3197 8.066307
3198 8.714752
3199 7.415537
3200 7.240574
3201 8.298830
3202 7.609119
3203 8.272961
3204 7.366614
3205 9.150961
3206 7.600541
3207 7.502353
3208 7.453926
3209 6.865494
3210 8.192685
3211 8.145975
3212 8.632667
3213 7.458184
3214 8.055347
3215 9.234904
3216 8.205420
3217 7.829310
3218 8.384194
3219 7.945571
3220 7.129061
3221 7.408819
3222 7.813021
3223 8.438187
3224 7.514851
3225 7.896080
3226 9.023912
3227 8.749640
3228 8.281775
3229 8.258698
3230 7.934344
3231 7.920259
3232 7.658159
3233 8.612102
3234 7.886399
3235 7.713391
3236 7.594861
3237 7.467403
3238 8.002726
3239 7.721587
3240 5.923537
3241 8.587330
3242 5.931854
3243 9.249108
3244 8.646173
3245 8.981565
3246 8.719204
3247 7.590950
3248 7.070629
3249 6.719376
3250 6.222669
3251 7.716256
3252 7.643263
3253 7.818089
3254 8.823882
3255 7.628538
3256 7.947510
3257 7.858570
3258 7.655776
3259 7.700507
3260 7.607977
3261 7.016809
3262 8.729848
3263 7.508734
3264 8.706172
3265 7.754160
3266 8.657286
3267 7.083299
3268 7.540803
3269 8.442165
3270 8.381677
3271 5.724963
3272 6.839255
3273 8.338122
3274 7.912251
3275 7.735651
3276 8.053228
3277 8.363648
3278 6.853525
3279 8.525612
3280 7.219757
3281 7.463587
3282 6.776452
3283 7.996636
3284 7.010085
3285 8.169456
3286 6.644231
3287 7.245433
3288 7.921402
3289 8.387468
3290 9.060941
3291 8.890541
3292 7.531042
3293 9.591586
3294 8.051250
3295 8.434550
3296 7.862533
3297 7.855781
3298 8.009227
3299 8.377083
3300 8.023080
3301 8.392606
3302 8.611465
3303 8.368088
3304 7.121272
3305 8.706096
3306 8.651627
3307 7.895069
3308 7.322745
3309 6.827569
3310 6.957106
3311 6.517983
3312 8.617942
3313 8.947077
3314 8.519585
3315 7.798839
3316 7.812298
3317 7.305873
3318 8.073997
3319 8.790638
3320 7.611798
3321 9.615061
3322 7.640348
3323 7.656371
3324 8.280992
3325 9.427776
3326 7.662532
3327 7.518304
3328 7.504258
3329 7.417190
3330 8.407098
3331 8.323040
3332 7.134732
3333 8.863323
3334 6.278862
3335 6.699695
3336 8.622636
3337 6.607518
3338 5.844219
3339 7.663597
3340 7.115899
3341 6.640668
3342 7.253856
3343 6.735027
3344 5.030636
3345 7.169031
3346 5.940885
3347 6.714797
3348 8.114354
3349 8.303889
3350 8.171803
3351 8.608611
3352 6.064199
3353 8.463739
3354 6.450124
3355 7.067851
3356 6.676055
3357 7.526207
3358 8.139687
3359 5.632781
3360 3.253953
3361 3.697838
3362 3.553182
3363 3.473342
3364 3.778015
3365 5.451578
3366 5.062143
3367 5.538782
3368 5.188353
3369 5.316823
3370 6.906967
3371 5.105576
3372 4.838315
3373 5.478778
3374 5.303991
3375 4.931459
3376 5.204874
3377 5.405672
3378 5.760486
3379 5.671296
3380 5.170359
3381 5.995131
3382 5.993915
3383 7.657611
3384 7.570918
3385 6.182734
3386 5.399129
3387 7.043226
3388 4.968551
3389 7.305621
3390 7.055112
3391 8.183626
3392 6.264486
3393 7.551007
3394 8.685793
3395 6.703060
3396 7.361699
3397 6.602682
3398 7.107328
3399 7.552602
3400 7.342010
3401 7.993130
3402 6.382391
3403 6.845678
3404 8.295552
3405 6.464574
3406 6.881322
3407 6.486556
3408 6.488174
3409 6.546779
3410 6.076407
3411 7.359334
3412 7.598848
3413 6.729672
3414 6.678817
3415 8.213830
3416 6.605097
3417 8.771459
3418 6.068254
3419 6.016096
3420 7.483824
3421 7.995471
3422 8.214749
3423 6.263817
3424 7.136065
3425 5.426730
3426 5.955980
3427 6.487186
3428 6.626960
3429 7.544569
3430 6.007405
3431 5.714769
3432 7.287934
3433 7.848657
3434 7.462265
3435 6.411343
3436 7.204477
3437 6.313700
3438 5.931248
3439 4.951715
3440 6.688342
3441 7.432019
3442 5.683742
3443 8.519119
3444 7.751000
3445 7.750368
3446 7.606351
3447 5.340217
3448 6.455093
3449 5.991110
3450 7.408703
3451 7.751614
3452 7.726841
3453 7.411376
3454 6.806659
3455 7.538931
3456 8.082247
3457 7.977500
3458 6.826347
3459 6.171143
3460 6.252143
3461 7.696869
3462 7.220846
3463 6.563762
3464 7.056672
3465 7.374152
3466 6.149023
3467 6.033797
3468 5.609001
3469 5.940960
3470 7.249222
3471 7.474818
3472 8.074540
3473 8.514586
3474 6.383628
3475 6.842375
3476 10.111078
3477 8.997347
3478 8.494961
3479 10.253589
3480 8.317338
3481 9.030426
3482 7.086896
3483 7.065085
3484 7.277843
3485 5.998784
3486 6.524424
3487 5.780666
3488 7.133793
3489 9.151974
3490 9.865542
3491 7.359525
3492 6.198177
3493 6.896478
3494 7.951062
3495 7.646809
3496 7.829261
3497 6.589190
3498 7.543329
3499 6.542487
3500 7.142450
3501 6.456108
3502 8.061849
3503 7.337123
3504 6.300822
3505 5.856451
3506 5.325233
3507 6.070265
3508 5.608477
3509 5.332187
3510 5.122998
3511 4.748809
3512 5.116334
3513 5.706819
3514 5.638696
3515 5.772097
3516 3.532859
3517 3.773447
3518 3.815101
3519 3.218398
3520 3.413999
3521 3.519618
3522 3.495252
3523 3.283382
3524 3.612465
3525 3.370416
3526 3.385703
3527 3.502400
3528 3.624927
3529 3.250060
3530 3.806167
3531 3.326335
3532 3.354429
3533 3.345358
3534 3.697972
3535 3.263449
3536 3.185815
3537 3.544138
3538 3.617416
3539 3.551479
3540 3.286595
3541 3.550281
3542 3.801749
3543 3.278567
3544 3.693318
3545 3.510757
3546 3.573793
3547 3.695770
3548 3.781242
3549 3.242437
3550 3.715817
3551 4.166737
3552 3.759937
3553 3.817930
3554 3.227290
3555 5.330541
3556 6.515854
3557 4.633466
3558 5.206926
3559 5.524003
3560 5.443685
3561 5.228439
3562 5.496354
3563 5.086536
3564 5.166643
3565 4.400945
3566 4.919817
3567 5.406124
3568 5.187311
3569 5.903176
3570 5.186077
3571 5.625851
3572 5.360626
3573 4.891767
3574 5.277557
3575 5.240032
3576 4.925149
3577 5.470457
3578 5.496512
3579 6.517859
3580 6.772482
3581 6.807391
3582 8.722270
3583 7.125233
3584 5.777075
3585 5.854530
3586 4.874197
3587 5.308635
3588 4.837871
3589 5.819675
3590 8.371444
3591 6.481155
3592 6.793961
3593 7.116477
3594 7.116436
3595 6.545603
3596 7.576880
3597 5.249314
3598 5.139064
3599 5.807122
3600 5.160814
3601 5.427280
3602 5.199357
3603 5.470111
3604 6.238887
3605 4.974626
3606 5.194005
3607 5.013674
3608 5.585238
3609 6.098312
3610 5.789033
3611 6.571043
3612 6.433242
3613 7.846280
3614 8.399342
3615 7.982969
3616 8.453691
3617 7.661888
3618 8.175580
3619 7.802974
3620 8.067645
3621 7.303220
3622 9.120217
3623 7.377758
3624 7.596960
3625 7.644273
3626 7.505422
3627 10.071592
3628 7.458351
3629 6.310382
3630 6.495861
3631 7.005867
3632 7.887489
3633 8.171590
3634 8.631366
3635 7.330251
3636 7.494646
3637 7.842458
3638 8.037376
3639 9.244835
3640 8.623143
3641 6.882804
3642 8.128012
3643 10.054698
3644 8.289090
3645 5.827639
3646 7.631232
3647 9.195928
3648 9.182638
3649 9.261539
3650 9.439353
3651 8.603892
3652 9.538854
3653 7.789174
3654 9.933309
3655 9.087371
3656 7.942104
3657 8.833992
3658 7.756191
3659 7.629167
3660 8.138865
3661 9.223335
3662 9.253569
3663 8.035540
3664 8.301291
3665 7.747262
3666 5.356063
3667 4.799179
3668 6.494128
3669 8.544181
3670 8.238063
3671 7.567113
3672 7.699630
3673 7.455506
3674 6.854565
3675 5.713747
3676 5.693161
3677 6.955152
3678 6.424965
3679 6.521121
3680 6.903455
3681 7.751403
3682 6.275517
3683 5.578215
3684 7.976017
3685 8.376053
3686 7.436007
3687 7.999716
3688 7.656486
3689 7.176912
3690 6.663955
3691 8.210467
3692 7.832329
3693 7.697565
3694 7.455158
3695 8.585034
3696 8.480062
3697 7.481043
3698 7.449201
3699 7.577347
3700 8.800347
3701 7.761368
3702 8.581775
3703 7.372961
3704 9.053164
3705 7.438455
3706 7.781538
3707 7.177757
3708 7.197145
3709 6.461399
3710 7.332539
3711 7.376158
3712 6.733268
3713 6.694983
3714 7.027562
3715 6.228628
3716 7.492630
3717 8.467754
3718 6.597787
3719 7.602830
3720 6.045545
3721 6.868807
3722 7.547029
3723 8.074762
3724 7.267801
3725 7.071154
3726 7.703631
3727 6.444734
3728 7.125510
3729 7.217277
3730 6.714724
3731 7.521945
3732 7.682257
3733 7.978307
3734 8.182140
3735 7.682847
3736 7.467615
3737 6.920837
3738 6.444385
3739 6.665800
3740 7.484878
3741 7.275683
3742 6.310198
3743 6.225825
3744 7.360011
3745 7.623622
3746 7.302894
3747 6.945113
3748 7.933466
3749 7.316404
3750 6.110556
3751 6.200791
3752 9.606843
3753 7.036839
3754 5.839399
3755 7.308428
3756 6.854263
3757 6.062738
3758 6.769173
3759 6.033688
3760 6.211416
3761 6.125554
3762 7.096379
3763 7.844623
3764 7.448087
3765 6.616450
3766 6.829540
3767 6.864213
3768 7.367592
3769 7.232996
3770 7.429355
3771 5.857524
3772 7.834188
3773 7.390272
3774 6.754474
3775 6.493573
3776 6.456115
3777 7.343767
3778 6.474233
3779 6.646721
3780 6.948022
3781 7.376484
3782 6.783782
3783 6.799037
3784 6.840920
3785 6.356131
3786 7.939232
3787 7.927319
3788 6.415069
3789 6.048884
3790 6.511972
3791 7.246943
3792 6.884084
3793 8.267600
3794 7.441395
3795 6.862341
3796 6.643559
3797 7.218903
3798 7.307916
3799 6.690069
3800 6.559597
3801 7.524274
3802 6.194464
3803 7.932281
3804 6.141628
3805 7.086586
3806 7.634519
3807 5.975993
3808 6.278931
3809 7.234868
3810 8.409810
3811 7.190445
3812 5.201134
3813 6.990972
3814 7.097512
3815 7.143563
3816 5.257918
3817 5.247104
3818 5.641455
3819 5.744964
3820 5.479491
3821 5.442326
3822 5.143415
3823 5.258980
3824 4.802795
3825 5.555186
3826 5.586224
3827 5.073481
3828 5.141943
3829 7.566254
3830 5.670083
3831 5.322369
3832 6.789253
3833 5.353353
3834 5.505707
3835 5.330539
3836 5.375202
3837 5.744826
3838 5.252867
3839 5.879620
3840 5.432175
3841 5.673879
3842 5.378602
3843 5.192783
3844 5.290756
3845 4.975248
3846 5.557923
3847 5.209961
3848 5.468905
3849 4.886276
3850 5.548994
3851 5.403723
3852 5.589291
3853 4.959065
3854 7.453304
3855 7.501931
3856 7.727465
3857 7.308358
3858 7.832407
3859 7.627235
3860 5.028505
3861 5.721370
3862 5.691090
3863 5.645433
3864 5.561277
3865 7.449849
3866 7.726486
3867 7.428560
3868 6.559573
3869 5.730532
3870 5.332784
3871 5.151787
3872 4.623298
3873 5.358132
3874 5.535930
3875 5.276484
3876 5.540116
3877 5.738642
3878 5.447587
3879 5.021442
3880 4.959042
3881 5.556930
3882 4.766341
3883 5.689751
3884 4.845924
3885 5.572486
3886 5.345216
3887 4.772357
3888 5.746877
3889 5.101511
3890 6.611523
3891 5.322667
3892 7.689443
3893 7.292662
3894 5.189344
3895 5.548521
3896 6.023033
3897 5.766939
3898 6.023445
3899 5.069132
3900 5.564611
3901 4.604403
3902 5.784687
3903 5.270318
3904 5.471938
3905 5.663339
3906 5.524040
3907 5.931020
3908 5.431371
3909 5.223208
3910 4.989729
3911 5.842167
3912 5.349942
3913 5.543087
3914 7.260116
3915 5.051552
3916 5.368512
3917 5.323166
3918 5.113248
3919 4.970117
3920 5.272827
3921 5.155252
3922 5.164727
3923 5.253541
3924 4.683911
3925 5.588291
3926 7.609810
3927 5.978571
3928 5.224305
3929 5.736689
3930 5.206189
3931 5.496545
3932 6.027710
3933 5.245664
3934 3.464839
3935 3.915279
3936 4.046960
3937 3.764719
3938 3.747815
3939 3.656378
3940 3.698499
3941 5.632592
3942 5.582471
3943 5.271175
3944 4.893151
3945 5.356746
3946 4.804892
3947 5.445851
3948 5.421246
3949 5.011570
3950 5.678565
3951 5.426661
3952 5.386449
3953 5.717880
3954 4.960493
3955 5.674502
3956 5.083829
3957 5.471693
3958 5.567079
3959 5.481322
3960 5.457894
3961 5.362469
3962 5.114587
3963 5.472237
3964 5.553649
3965 4.663572
3966 5.809948
3967 5.880629
3968 5.703070
3969 5.275120
3970 4.957682
3971 5.534267
3972 5.314101
3973 5.325149
3974 5.126189
3975 5.353745
3976 4.761208
3977 4.882544
3978 5.470246
3979 5.306554
3980 5.222656
3981 5.526600
3982 5.483044
3983 5.618864
3984 5.303940
3985 5.924738
3986 5.563176
3987 5.288069
3988 4.844483
3989 5.411710
3990 5.632884
3991 7.098761
3992 7.809598
3993 7.140724
3994 6.741941
3995 6.580262
3996 7.304035
3997 7.265063
3998 7.100215
3999 7.239984
4000 6.881008
4001 7.155882
4002 7.283701
4003 7.943111
4004 6.047552
4005 6.769737
4006 6.937444
4007 6.643507
4008 6.769680
4009 7.696193
4010 6.033506
4011 7.539530
4012 6.934342
4013 7.605068
4014 7.035745
4015 7.107810
4016 7.352724
4017 7.844698
4018 7.075049
4019 8.989417
4020 6.494129
4021 6.137054
4022 6.331526
4023 6.570890
4024 6.206739
4025 7.758363
4026 7.717046
4027 7.234057
4028 8.576095
4029 8.384586
4030 7.660765
4031 8.737247
4032 8.074169
4033 8.280448
4034 8.224051
4035 9.059203
4036 7.325964
4037 7.526286
4038 8.209885
4039 6.337276
4040 7.153576
4041 5.030258
4042 7.846388
4043 8.886951
4044 7.905622
4045 8.543271
4046 8.769601
4047 8.547030
4048 8.052157
4049 6.613339
4050 5.357210
4051 5.362956
4052 4.724097
4053 5.664540
4054 5.071825
4055 4.176672
4056 5.181592
4057 5.111840
4058 5.157933
4059 8.363172
4060 9.121889
4061 7.626159
4062 7.381478
4063 7.630266
4064 7.895323
4065 7.868823
4066 9.905933
4067 7.698038
4068 9.071689
4069 12.219136
4070 12.071130
4071 7.413379
4072 9.097825
4073 9.628342
4074 9.921886
4075 8.431899
4076 8.624349
4077 8.882690
4078 10.394193
4079 8.816898
4080 9.061867
4081 7.411798
4082 7.750491
4083 9.774837
4084 6.898030
4085 7.996609
4086 9.366677
4087 6.599796
4088 8.665802
4089 7.532066
4090 8.917219
4091 7.305231
4092 6.654865
4093 9.105362
4094 8.220207
4095 9.059037
4096 7.898919
4097 7.490120
4098 7.634224
4099 8.903903
4100 10.398746
4101 7.828064
4102 8.057909
4103 8.245447
4104 6.882484
4105 7.638501
4106 7.067015
4107 8.155673
4108 8.338380
4109 8.821009
4110 8.524675
4111 9.739947
4112 9.577251
4113 8.669387
4114 8.532219
4115 7.750877
4116 8.969350
4117 8.110105
4118 10.153129
4119 8.110957
4120 7.570858
4121 7.569968
4122 8.752195
4123 10.797668
4124 8.048267
4125 8.948675
4126 7.616804
4127 9.569701
4128 9.700161
4129 9.047461
4130 7.578740
4131 9.147187
4132 7.783181
4133 8.081028
4134 9.136753
4135 8.694401
4136 6.103852
4137 5.925647
4138 5.080444
4139 8.287230
4140 7.837964
4141 5.952009
4142 8.302553
4143 8.007510
4144 6.984634
4145 8.016771
4146 8.531978
4147 7.890621
4148 7.658368
4149 7.889375
4150 6.943031
4151 8.557560
4152 8.649125
4153 8.894274
4154 8.729684
4155 8.259813
4156 7.828269
4157 7.746807
4158 8.154986
4159 7.952269
4160 7.728557
4161 6.206483
4162 6.240914
4163 9.183178
4164 7.721360
4165 7.656008
4166 6.596227
4167 6.314823
4168 8.303699
4169 8.723551
4170 8.567789
4171 9.658613
4172 9.268967
4173 6.987382
4174 6.395662
4175 6.075309
4176 6.537913
4177 6.924934
4178 6.486117
4179 6.346236
4180 6.933960
4181 6.012480
4182 8.391008
4183 5.988668
4184 5.468840
4185 6.764279
4186 6.631598
4187 7.149902
4188 6.657591
4189 7.537786
4190 6.799551
4191 7.397371
4192 6.255982
4193 6.046693
4194 6.437164
4195 6.174028
4196 6.092134
4197 6.646939
4198 6.797469
4199 6.505121
4200 7.646445
4201 7.459988
4202 8.183281
4203 6.687086
4204 7.993299
4205 6.728938
4206 6.414274
4207 6.105368
4208 6.943838
4209 5.520805
4210 6.596691
4211 6.067529
4212 6.090466
4213 5.961989
4214 6.228484
4215 5.774305
4216 5.126022
4217 5.163506
4218 5.171550
4219 6.180049
4220 5.473820
4221 4.979216
4222 5.669321
4223 4.801714
4224 4.673977
4225 5.747390
4226 5.628444
4227 5.500927
4228 6.239367
4229 5.082842
4230 5.930372
4231 5.876377
4232 5.544395
4233 5.498457
4234 5.624287
4235 4.747642
4236 5.511670
4237 5.054759
4238 5.107347
4239 6.408416
4240 5.499583
4241 4.606048
4242 4.230093
4243 6.163942
4244 6.541220
4245 7.578819
4246 5.520383
4247 8.183913
4248 6.391945
4249 5.213578
4250 4.975730
4251 5.323956
4252 5.011117
4253 5.061909
4254 4.594824
4255 4.960627
4256 5.817054
4257 5.718333
4258 5.745426
4259 5.357818
4260 5.385814
4261 5.374838
4262 5.311320
4263 6.426969
4264 5.207569
4265 5.156075
4266 5.995782
4267 5.926432
4268 6.260078
4269 5.457645
4270 5.828027
4271 6.458776
4272 5.863243
4273 5.712950
4274 5.572458
4275 7.286291
4276 5.172737
4277 5.866696
4278 5.691090
4279 5.734990
4280 5.838311
4281 5.553134
4282 5.347577
4283 6.036894
4284 5.584049
4285 5.536733
4286 5.651389
4287 5.954636
4288 5.211572
4289 6.173193
4290 5.478367
4291 6.255701
4292 5.545899
4293 7.818349
4294 6.950719
4295 7.553869
4296 6.404796
4297 6.681804
4298 8.647889
4299 6.807424
4300 6.828074
4301 7.446114
4302 7.422172
4303 8.060158
4304 6.956421
4305 6.694916
4306 6.795571
4307 8.222009
4308 6.439394
4309 7.117648
4310 7.876732
4311 7.745561
4312 6.800897
4313 7.166373
4314 6.882034
4315 7.944093
4316 8.620547
4317 7.880640
4318 7.080142
4319 6.676077
4320 7.350994
4321 6.983166
4322 6.892206
4323 7.324386
4324 7.993333
4325 8.434345
4326 7.178878
4327 6.837588
4328 6.021470
4329 7.294064
4330 7.451532
4331 6.626688
4332 6.974204
4333 6.893365
4334 7.304089
4335 7.620207
4336 9.296885
4337 7.639754
4338 7.339227
4339 6.821734
4340 7.989125
4341 7.155396
4342 7.208779
4343 6.737158
4344 6.811265
4345 6.571155
4346 6.470263
4347 6.457887
4348 6.195304
4349 6.995670
4350 6.493450
4351 6.388286
4352 6.495083
4353 7.000121
4354 6.826096
4355 6.369443
4356 6.778317
4357 6.263498
4358 5.879659
4359 7.051548
4360 6.982612
4361 5.837175
4362 5.870700
4363 6.351576
4364 6.185529
4365 6.741111
4366 7.132020
4367 6.986429
4368 5.288904
4369 5.918969
4370 6.321756
4371 6.101754
4372 6.471082
4373 5.556501
4374 7.210922
4375 6.556684
4376 7.511683
4377 6.719085
4378 7.215051
4379 7.719189
4380 6.284801
4381 5.265367
4382 7.917941
4383 7.510621
4384 7.718894
4385 7.434414
4386 6.652436
4387 6.801903
4388 6.268190
4389 7.216926
4390 5.988204
4391 5.967355
4392 9.548640
4393 7.171633
4394 5.894285
4395 6.298484
4396 6.607668
4397 7.416233
4398 5.375993
4399 5.652159
4400 6.371225
4401 8.375492
4402 6.083593
4403 6.659352
4404 7.547558
4405 7.571382
4406 6.917428
4407 6.463357
4408 8.070720
4409 4.978213
4410 6.612519
4411 6.498469
4412 7.666094
4413 7.249062
4414 8.357639
4415 7.287620
4416 7.110477
4417 9.312730
4418 7.888790
4419 7.626912
4420 7.773861
4421 6.927367
4422 7.225677
4423 5.370931
4424 7.495499
4425 8.535813
4426 7.064348
4427 7.810847
4428 6.977512
4429 8.721334
4430 6.973456
4431 8.144853
4432 7.064793
4433 7.520958
4434 6.671050
4435 8.175801
4436 6.520998
4437 7.409709
4438 7.588332
4439 7.749232
4440 8.437590
4441 8.311464
4442 6.600075
4443 7.466733
4444 7.402993
4445 7.250670
4446 7.309840
4447 7.194763
4448 7.474444
4449 7.291495
4450 8.236318
4451 5.950176
4452 6.756242
4453 6.312692
4454 7.735910
4455 6.703886
4456 6.158036
4457 7.083904
4458 6.979306
4459 7.553205
4460 6.436172
4461 6.317113
4462 6.785663
4463 7.542316
4464 8.103544
4465 7.890791
4466 6.845523
4467 5.450855
4468 7.532869
4469 7.337929
4470 7.157125
4471 7.230968
4472 8.087502
4473 7.132111
4474 7.196721
4475 7.104259
4476 6.302595
4477 8.294119
4478 7.852014
4479 6.570335
4480 8.669106
4481 6.386189
4482 7.374565
4483 6.536446
4484 7.682455
4485 8.721204
4486 5.756258
4487 7.760586
4488 7.641165
4489 7.001372
4490 7.673290
4491 7.090282
4492 7.213655
4493 7.060326
4494 7.633669
4495 7.859922
4496 8.024985
4497 8.947433
4498 8.545339
4499 7.330089
4500 7.486221
4501 6.534899
4502 8.960982
4503 8.645727
4504 8.812064
4505 8.080159
4506 8.515326
4507 8.643335
4508 6.592252
4509 7.780342
4510 6.942651
4511 6.528782
4512 7.252287
4513 7.330689
4514 7.258356
4515 6.200879
4516 8.230832
4517 8.851405
4518 6.951663
4519 7.975667
4520 7.034159
4521 7.078575
4522 8.100049
4523 7.776896
4524 7.062536
4525 6.792599
4526 6.622121
4527 6.691680
4528 7.536862
4529 9.223710
4530 7.716048
4531 8.746802
4532 7.874637
4533 6.127236
4534 7.680352
4535 7.294946
4536 8.752334
4537 6.710656
4538 5.829425
4539 7.324727
4540 6.335883
4541 6.793924
4542 5.627772
4543 6.504460
4544 6.494807
4545 5.798326
4546 7.563209
4547 7.524074
4548 7.204220
4549 6.638274
4550 7.209841
4551 7.728318
4552 7.436270
4553 7.037791
4554 7.489198
4555 7.296262
4556 7.089245
4557 8.659592
4558 6.925395
4559 8.220815
4560 7.431036
4561 6.548504
4562 8.559740
4563 6.255688
4564 5.508994
4565 7.369091
4566 7.992734
4567 8.429029
4568 8.164271
4569 7.991958
4570 8.060428
4571 7.688875
4572 7.587199
4573 7.362127
4574 7.143711
4575 6.549840
4576 7.033762
4577 6.667195
4578 7.238190
4579 6.334619
4580 7.114066
4581 7.318049
4582 6.610756
4583 5.700685
4584 8.277619
4585 7.156301
4586 7.353838
4587 6.304141
4588 7.637965
4589 6.896165
4590 8.028767
4591 9.067360
4592 9.387789
4593 9.551925
4594 7.738043
4595 7.388410
4596 7.287963
4597 7.345569
4598 6.943467
4599 6.262954
4600 6.967483
4601 6.479553
4602 8.508595
4603 6.440878
4604 6.333377
4605 7.196375
4606 6.842675
4607 5.818774
4608 8.021590
4609 6.317446
4610 7.938900
4611 7.246722
4612 7.252951
4613 7.221781
4614 9.298742
4615 6.867627
4616 7.472274
4617 7.098036
4618 8.844815
4619 6.280399
4620 7.436807
4621 7.422629
4622 8.080772
4623 6.903659
4624 7.217325
4625 8.731462
4626 6.189718
4627 7.688625
4628 6.680236
4629 7.100833
4630 7.355091
4631 7.219424
4632 6.892757
4633 7.702760
4634 7.526368
4635 7.514260
4636 7.487597
4637 9.412018
4638 7.765701
4639 7.441947
4640 7.736602
4641 8.192270
4642 8.507229
4643 7.884573
4644 6.521886
4645 6.658513
4646 7.562497
4647 7.401027
4648 8.000511
4649 8.960429
4650 6.728552
4651 7.651392
4652 7.114583
4653 8.823649
4654 9.901823
4655 8.179225
4656 7.582328
4657 8.546689
4658 8.042753
4659 7.041008
4660 7.246834
4661 8.642800
4662 7.511225
4663 7.066245
4664 7.454918
4665 7.883863
4666 7.515384
4667 7.243984
4668 8.635803
4669 6.973228
4670 7.422062
4671 7.077005
4672 7.514366
4673 8.525666
4674 7.846904
4675 6.866577
4676 7.791515
4677 8.304426
4678 7.602664
4679 9.240569
4680 8.624447
4681 8.207058
4682 8.938372
4683 6.815291
4684 7.331447
4685 6.711096
4686 8.539005
4687 8.097236
4688 7.756511
4689 7.842889
4690 7.542295
4691 7.184672
4692 5.929899
4693 7.554401
4694 6.974245
4695 7.114858
4696 6.184432
4697 4.637554
4698 5.705690
4699 6.835987
4700 5.673968
4701 6.892242
4702 6.326934
4703 6.155850
4704 8.170522
4705 7.467382
4706 7.322227
4707 7.600797
4708 7.329153
4709 8.325015
4710 6.240809
4711 7.975626
4712 7.024819
4713 6.568858
4714 6.580098
4715 6.815645
4716 6.306514
4717 6.974963
4718 5.136332
4719 5.194892
4720 6.042566
4721 7.056890
4722 6.828279
4723 6.913965
4724 6.888315
4725 6.856049
4726 7.182660
4727 6.739482
4728 7.005041
4729 7.515882
4730 7.166743
4731 6.026525
4732 6.593740
4733 6.224260
4734 7.363818
4735 8.929940
4736 7.659432
4737 6.868028
4738 5.842200
4739 6.302952
4740 6.362114
4741 6.967934
4742 7.428231
4743 5.908079
4744 6.197233
4745 6.520797
4746 7.155810
4747 6.707638
4748 6.461193
4749 6.535457
4750 9.308076
4751 8.514672
4752 6.867787
4753 5.995014
4754 7.087701
4755 5.515659
4756 6.751194
4757 7.542607
4758 6.307186
4759 7.620131
4760 6.395671
4761 6.999806
4762 7.365828
4763 5.364485
4764 4.661180
4765 4.617748
4766 5.556340
4767 6.862950
4768 5.512249
4769 5.500729
4770 5.893946
4771 6.031760
4772 6.805079
4773 7.782783
4774 6.025721
4775 4.406098
4776 4.992995
4777 5.990308
4778 5.296659
4779 6.190840
4780 5.052228
4781 5.650637
4782 4.980201
4783 5.781167
4784 5.805661
4785 4.567649
4786 5.569103
4787 5.924983
4788 5.970377
4789 6.002266
4790 5.696262
4791 6.170268
4792 6.138241
4793 6.580401
4794 6.086329
4795 6.022724
4796 5.413003
4797 4.760116
4798 5.886850
4799 6.784061
4800 5.967388
4801 6.442687
4802 7.234067
4803 5.881097
4804 7.519713
4805 6.170163
4806 8.004361
4807 8.479386
4808 6.946733
4809 5.422048
4810 6.501162
4811 5.836873
4812 6.979141
4813 6.858644
4814 5.760782
4815 6.540038
4816 6.486179
4817 4.301361
4818 5.786649
4819 5.761719
4820 4.914021
4821 7.137633
4822 6.108493
4823 7.575922
4824 6.137540
4825 6.556243
4826 5.497882
4827 6.262595
4828 7.456689
4829 7.472977
4830 7.580172
4831 6.029859
4832 7.226674
4833 7.745671
4834 5.807013
4835 6.415491
4836 5.874403
4837 6.947122
4838 6.545625
4839 6.697118
4840 7.144580
4841 5.248627
4842 7.632602
4843 6.973106
4844 6.836514
4845 7.478696
4846 7.323893
4847 6.241169
4848 7.268486
4849 6.546594
4850 8.207058
4851 6.421978
4852 8.654093
4853 6.041697
4854 5.932806
4855 7.698319
4856 8.362427
4857 7.658909
4858 7.189553
4859 7.301841
4860 5.570386
4861 5.833764
4862 7.006205
4863 6.320642
4864 6.019882
4865 5.783052
4866 6.577500
4867 5.467626
4868 6.680734
4869 6.354793
4870 6.340616
4871 6.844363
4872 6.141189
4873 5.366880
4874 5.312447
4875 7.281977
4876 7.087871
4877 6.831940
4878 6.082525
4879 6.919913
4880 6.804087
4881 6.104844
4882 6.080955
4883 7.349587
4884 6.332810
4885 7.952019
4886 7.001237
4887 6.643020
4888 7.746197
4889 7.550602
4890 8.591166
4891 5.960845
4892 9.326892
4893 6.371476
4894 7.310439
4895 5.583887
4896 6.695416
4897 5.650796
4898 6.802978
4899 6.835766
4900 6.929762
4901 6.511304
4902 6.550702
4903 6.220909
4904 6.503891
4905 7.150741
4906 6.449062
4907 7.037458
4908 5.685534
4909 6.352676
4910 5.348440
4911 7.014292
4912 6.016519
4913 5.792487
4914 5.386994
4915 3.485369
4916 3.465054
4917 3.359896
4918 3.859224
4919 3.404027
4920 3.765781
4921 3.782723
4922 3.993056
4923 3.236634
4924 3.801922
4925 3.624482
4926 3.476611
4927 3.262901
4928 3.175548
4929 3.225943
4930 3.490371
4931 3.722540
4932 3.344085
4933 3.104156
4934 3.785128
4935 3.589888
4936 3.425117
4937 6.334558
4938 5.507021
4939 5.210039
4940 5.200847
4941 5.343061
4942 4.730625
4943 4.836580
4944 5.450816
4945 5.605160
4946 6.001150
4947 5.276554
4948 8.852220
4949 6.665562
4950 5.581658
4951 7.470279
4952 7.593544
4953 8.529531
4954 9.660094
4955 9.906593
4956 10.300515
4957 6.714328
4958 8.379964
4959 7.424076
4960 7.268792
4961 8.946856
4962 10.136496
4963 8.860750
4964 9.374998
4965 8.577289
4966 8.041200
4967 6.765803
4968 10.365640
4969 8.317631
4970 9.412780
4971 7.317609
4972 7.916842
4973 9.273075
4974 8.491326
4975 8.417586
4976 11.178427
4977 9.474541
4978 9.104315
4979 8.862564
4980 7.820191
4981 7.576028
4982 8.249079
4983 8.304071
4984 7.694656
4985 8.280809
4986 8.722980
4987 8.120641
4988 6.590154
4989 8.117789
4990 7.790488
4991 7.560780
4992 6.976999
4993 8.475642
4994 8.518516
4995 8.961928
4996 13.846157
4997 12.357930
4998 8.420001
4999 10.821135
5000 9.461894
5001 7.190959

