0 3.510926
1 5.801560
2 4.763078
3 3.706072
4 3.996258
5 4.529230
6 5.217986
7 4.589349
8 3.194793
9 5.727662
10 6.030864
11 5.168302
12 6.076528
13 12.586063
14 11.838071
15 12.703505
16 14.618231
17 14.988197
18 13.546440
19 15.157405
20 14.486991
21 16.545385
22 17.633312
23 16.864672
24 17.665466
25 15.598162
26 18.146444
27 18.789053
28 20.493183
29 17.465345
30 18.605108
31 18.280203
32 18.681730
33 21.270763
34 21.580120
35 22.110558
36 21.457203
37 21.087328
38 20.303135
39 19.883259
40 19.758629
41 16.507458
42 15.757738
43 16.110495
44 17.314127
45 18.349804
46 17.302494
47 17.783514
48 17.060408
49 19.577827
50 19.416862
51 22.356867
52 20.583857
53 20.697205
54 17.983046
55 17.816584
56 18.044479
57 22.260677
58 24.307167
59 24.336266
60 24.807905
61 26.180574
62 25.786802
63 25.727604
64 23.377872
65 26.543407
66 24.498449
67 23.928869
68 24.138407
69 25.935879
70 28.104687
71 26.978416
72 25.930901
73 25.264706
74 23.958565
75 26.284952
76 26.704283
77 26.541851
78 24.239618
79 23.057852
80 23.535976
81 24.002716
82 24.013819
83 27.375248
84 26.998734
85 26.299723
86 26.759151
87 26.696489
88 26.301096
89 26.049263
90 26.035877
91 23.062603
92 23.293730
93 23.515938
94 23.656752
95 21.355349
96 22.328793
97 19.614834
98 19.661592
99 21.084768
100 22.230558
101 19.635124
102 17.274740
103 19.202789
104 19.392611
105 19.494986
106 21.268970
107 20.586451
108 23.691666
109 23.026609
110 20.265291
111 19.285507
112 17.774837
113 20.850231
114 19.049076
115 18.809229
116 19.169306
117 20.921221
118 23.325338
119 22.226128
120 19.389711
121 23.420883
122 19.117100
123 22.123199
124 20.560480
125 20.128626
126 18.289371
127 17.791100
128 17.116840
129 16.848938
130 15.377241
131 15.909084
132 15.096003
133 14.457521
134 17.247803
135 14.888470
136 17.535892
137 15.986148
138 16.593662
139 16.992460
140 19.418037
141 17.667751
142 18.164320
143 17.636465
144 18.188913
145 18.728954
146 18.398766
147 17.031765
148 15.394507
149 18.897768
150 16.567724
151 17.715874
152 18.713755
153 17.346996
154 17.043943
155 16.824837
156 17.019192
157 17.044504
158 16.180048
159 19.552362
160 21.105024
161 19.509398
162 18.603540
163 16.498171
164 17.411535
165 19.409899
166 19.465555
167 18.608217
168 20.381823
169 19.655146
170 19.834948
171 18.607149
172 20.463169
173 19.873957
174 19.723099
175 19.570377
176 18.317873
177 16.361898
178 15.897754
179 19.665453
180 15.189799
181 18.065977
182 19.534632
183 17.765148
184 19.851139
185 17.463018
186 17.780203
187 17.365767
188 18.006207
189 17.425140
190 15.068091
191 13.814284
192 16.468323
193 14.651393
194 16.664541
195 16.944250
196 21.934183
197 17.418173
198 16.161007
199 15.350708
200 18.408880
201 19.240122
202 17.544216
203 19.985804
204 19.942333
205 19.634487
206 21.457169
207 22.774981
208 22.293848
209 20.242050
210 22.025902
211 19.903452
212 22.738970
213 21.944988
214 20.226395
215 19.333826
216 19.462070
217 18.388746
218 16.917145
219 21.127918
220 20.258173
221 22.895248
222 22.629082
223 20.398798
224 20.213947
225 19.000010
226 20.917271
227 20.271921
228 19.925064
229 20.165030
230 19.782290
231 19.792791
232 21.161493
233 19.103100
234 21.678776
235 18.704096
236 16.728149
237 16.684217
238 14.954425
239 16.376320
240 16.245895
241 15.463859
242 13.989834
243 16.587858
244 15.154919
245 13.789920
246 14.021470
247 16.353161
248 16.297117
249 18.661991
250 18.733614
251 18.732344
252 17.634470
253 18.787119
254 18.182814
255 16.928478
256 17.175896
257 16.757637
258 17.797045
259 18.779722
260 16.446316
261 16.219454
262 16.198305
263 16.711615
264 15.888467
265 16.944916
266 19.031219
267 17.008760
268 16.332096
269 16.367073
270 15.787272
271 15.278658
272 19.097315
273 18.633020
274 20.422438
275 20.195272
276 19.332611
277 17.899500
278 18.345354
279 19.065742
280 19.448486
281 20.320114
282 21.091122
283 21.516525
284 19.970535
285 22.322845
286 19.764034
287 20.209295
288 21.082668
289 22.515532
290 17.708040
291 20.926943
292 20.125904
293 19.453081
294 20.750988
295 21.745295
296 20.271164
297 20.141758
298 17.052547
299 17.423058
300 17.921579
301 18.400297
302 20.123688
303 20.235899
304 18.671570
305 17.521465
306 17.259928
307 16.708578
308 17.450941
309 17.217535
310 18.962496
311 19.400738
312 17.072578
313 19.409082
314 19.732227
315 19.519176
316 18.920801
317 17.854763
318 17.451015
319 19.054134
320 19.394787
321 16.352596
322 18.307030
323 17.928558
324 19.654388
325 19.023630
326 19.389193
327 18.484137
328 18.085480
329 18.761154
330 20.784958
331 19.531418
332 18.662737
333 19.116936
334 18.397703
335 15.418648
336 18.032423
337 18.742622
338 16.602699
339 15.987275
340 15.560623
341 16.540157
342 16.009970
343 14.261534
344 16.021452
345 15.374459
346 15.931108
347 14.898787
348 17.002239
349 17.034981
350 17.763147
351 14.500356
352 14.338679
353 14.786732
354 15.989074
355 16.472910
356 13.336101
357 14.432417
358 16.132671
359 16.077795
360 14.093585
361 16.341272
362 12.538280
363 16.884930
364 14.216956
365 12.720074
366 16.525471
367 15.292290
368 16.171917
369 15.815390
370 15.391224
371 17.686415
372 17.293407
373 16.073923
374 16.702280
375 17.425175
376 14.804775
377 16.683243
378 16.140766
379 16.244324
380 12.737514
381 12.927683
382 16.197800
383 16.730581
384 17.566616
385 18.025024
386 17.858196
387 16.360323
388 16.157087
389 15.472595
390 18.911951
391 18.259377
392 19.311819
393 20.124744
394 15.058505
395 12.902081
396 15.195879
397 14.641139
398 15.192563
399 18.262794
400 18.117069
401 15.494347
402 14.270789
403 16.581516
404 14.699983
405 13.643110
406 20.108774
407 19.282555
408 15.061480
409 16.729712
410 16.356840
411 18.195601
412 19.879721
413 17.580460
414 19.188135
415 16.047909
416 16.828674
417 17.569250
418 16.581024
419 17.663635
420 18.050646
421 18.700340
422 17.494997
423 18.146894
424 18.939964
425 18.040880
426 21.136076
427 19.204174
428 17.650763
429 18.294968
430 18.834238
431 19.149229
432 18.358145
433 18.897017
434 19.638775
435 20.866386
436 20.671564
437 20.606020
438 18.484528
439 17.639326
440 19.711491
441 17.959867
442 19.565554
443 20.066469
444 19.798756
445 19.857166
446 19.540052
447 20.108295
448 19.131880
449 20.311384
450 16.848991
451 18.403502
452 20.666275
453 18.835419
454 20.457127
455 19.030003
456 19.853588
457 18.523682
458 13.935943
459 15.189729
460 16.525694
461 16.079819
462 18.570511
463 19.579765
464 16.735451
465 16.933081
466 15.620991
467 17.936062
468 16.022242
469 17.151171
470 17.997725
471 15.694961
472 14.711027
473 16.584562
474 15.914775
475 15.629077
476 18.743668
477 17.145304
478 17.472818
479 16.480469
480 13.762060
481 14.959500
482 12.018056
483 14.267890
484 12.747193
485 15.678960
486 17.464975
487 19.794321
488 19.990921
489 19.578499
490 20.225264
491 19.347141
492 19.518635
493 18.013002
494 19.203352
495 18.426775
496 17.204924
497 17.277531
498 18.900646
499 19.095383
500 18.456543
501 15.543615
502 17.470173
503 14.839837
504 14.670524
505 13.215796
506 14.037171
507 15.686942
508 17.077436
509 15.757666
510 17.469585
511 16.734325
512 19.090176
513 19.855541
514 17.352011
515 15.867809
516 13.645679
517 12.809315
518 15.982378
519 15.469894
520 17.470051
521 20.256609
522 18.575356
523 18.044960
524 16.939514
525 17.269796
526 17.833790
527 15.241713
528 15.521782
529 14.541254
530 17.551025
531 16.382195
532 17.213129
533 16.792192
534 15.756222
535 15.693420
536 15.739976
537 16.287218
538 14.785105
539 18.745165
540 17.043306
541 16.628611
542 17.011854
543 17.637423
544 17.413488
545 18.545748
546 17.568293
547 17.904961
548 18.711163
549 16.306580
550 17.378071
551 16.616434
552 19.716646
553 20.429504
554 18.926077
555 21.595385
556 20.919384
557 20.346418
558 21.438496
559 19.249918
560 21.334417
561 21.751379
562 22.466700
563 20.493635
564 20.939749
565 21.352316
566 17.584969
567 18.748709
568 17.052053
569 18.447165
570 17.836126
571 18.103205
572 19.159931
573 16.970310
574 21.068672
575 19.992811
576 17.836733
577 19.933628
578 19.219439
579 18.572861
580 19.384775
581 20.477482
582 18.444862
583 19.280451
584 19.879408
585 19.477442
586 20.988485
587 20.546206
588 18.129042
589 18.367125
590 20.141808
591 17.952692
592 18.333269
593 19.232344
594 17.848213
595 14.510091
596 14.036680
597 15.621744
598 16.159742
599 16.069778
600 19.136272
601 16.004683
602 11.968868
603 10.074265
604 11.450050
605 13.159839
606 13.266758
607 13.127628
608 16.822073
609 15.267512
610 16.934155
611 17.061508
612 18.545322
613 17.641705
614 16.187284
615 18.573996
616 19.196444
617 21.596684
618 20.076597
619 19.214979
620 18.570015
621 17.015276
622 16.310125
623 19.053135
624 16.008942
625 18.721802
626 18.054825
627 18.465376
628 17.803707
629 15.399776
630 13.983006
631 15.170144
632 16.391209
633 16.349047
634 15.312140
635 11.714096
636 11.826990
637 10.486304
638 11.837049
639 15.838722
640 12.445256
641 13.380978
642 8.732460
643 12.243090
644 15.348035
645 13.963767
646 15.314687
647 15.630758
648 13.343426
649 16.195717
650 14.359054
651 16.027399
652 16.342449
653 16.310316
654 16.172590
655 16.663292
656 14.284663
657 15.982927
658 16.159704
659 15.786469
660 16.365206
661 16.773968
662 16.291016
663 13.799911
664 15.537656
665 14.701283
666 13.881536
667 15.462126
668 15.061762
669 14.638376
670 13.772793
671 15.694730
672 14.906702
673 17.043749
674 15.599181
675 17.318565
676 17.493900
677 18.224375
678 16.894857
679 15.672970
680 14.893601
681 16.142101
682 14.999953
683 16.688215
684 17.589899
685 17.744246
686 13.976442
687 13.619528
688 17.008389
689 17.300093
690 16.548502
691 18.211849
692 18.607428
693 18.119928
694 18.831961
695 19.415052
696 17.657825
697 19.539072
698 19.987892
699 17.390154
700 14.577181
701 14.404556
702 17.870119
703 14.219213
704 16.868761
705 18.492420
706 18.720581
707 17.814091
708 18.039677
709 18.215473
710 16.248405
711 14.297496
712 18.154707
713 20.177565
714 18.584751
715 17.002190
716 18.181782
717 17.648596
718 19.710554
719 17.956024
720 20.415777
721 17.384480
722 17.960379
723 19.047663
724 19.788336
725 20.957550
726 19.415249
727 17.784893
728 21.438705
729 19.500168
730 18.667866
731 18.396141
732 17.756416
733 18.886168
734 18.860954
735 19.131483
736 16.282524
737 14.603815
738 17.123295
739 19.715271
740 19.128965
741 18.453709
742 17.213467
743 14.889353
744 20.130894
745 19.143766
746 18.624048
747 20.192387
748 18.979347
749 19.205738
750 18.379908
751 18.166008
752 17.724630
753 17.615501
754 15.705327
755 18.909912
756 14.633088
757 17.364733
758 20.080826
759 18.282354
760 14.817442
761 17.200878
762 16.811440
763 18.367126
764 16.857176
765 15.647960
766 17.333677
767 14.962371
768 15.553513
769 18.820309
770 16.967234
771 14.256019
772 16.412243
773 19.451109
774 16.024263
775 16.391998
776 16.907776
777 18.867781
778 19.337368
779 20.017403
780 22.377373
781 21.897963
782 19.785694
783 14.992857
784 17.084116
785 17.541792
786 21.119297
787 19.793364
788 21.062321
789 21.422756
790 19.978853
791 18.742624
792 20.181084
793 19.771324
794 17.640133
795 18.760777
796 19.260862
797 19.393827
798 20.198233
799 22.151371
800 21.992411
801 21.793135
802 19.204454
803 19.951775
804 17.274225
805 15.216819
806 14.142678
807 16.353405
808 14.717884
809 15.083389
810 14.337353
811 16.731464
812 15.779779
813 15.472868
814 17.592867
815 20.075785
816 17.658602
817 15.790484
818 12.167182
819 15.182219
820 16.026012
821 17.061134
822 17.345831
823 15.499809
824 13.270041
825 15.059118
826 12.377514
827 13.713193
828 13.684802
829 15.293566
830 18.751120
831 16.664856
832 15.471185
833 14.134981
834 14.686649
835 15.995789
836 15.037903
837 15.521438
838 16.649446
839 17.770338
840 17.565228
841 17.393002
842 17.394724
843 13.629872
844 14.216670
845 14.245139
846 15.521425
847 15.924444
848 12.128030
849 11.683949
850 12.266255
851 14.557812
852 14.263658
853 14.262876
854 14.262801
855 14.410116
856 14.131973
857 15.389194
858 13.449255
859 14.658643
860 11.712448
861 10.638574
862 12.846768
863 11.472845
864 13.760830
865 16.040815
866 16.324892
867 13.894527
868 14.910629
869 15.098315
870 15.958061
871 17.748693
872 17.966326
873 19.241898
874 16.401770
875 19.411880
876 19.006554
877 23.391663
878 21.514029
879 18.858158
880 19.963579
881 20.347708
882 19.568254
883 20.759064
884 16.828333
885 16.030939
886 16.035713
887 17.658213
888 18.123178
889 16.146822
890 16.207396
891 22.712967
892 20.031120
893 19.278183
894 19.078066
895 17.695509
896 18.042395
897 19.123796
898 17.382158
899 15.407042
900 20.444317
901 20.166529
902 19.468781
903 18.653069
904 20.404005
905 17.976681
906 17.721273
907 21.272978
908 19.328745
909 17.812204
910 20.757542
911 21.776138
912 20.092939
913 21.541582
914 20.628040
915 17.566385
916 18.900131
917 19.379305
918 22.384199
919 20.880125
920 20.601118
921 20.867434
922 16.472528
923 16.525986
924 17.764246
925 19.427748
926 19.327496
927 21.559927
928 20.935921
929 21.675140
930 20.722870
931 19.386230
932 18.728043
933 21.243532
934 20.731035
935 21.913185
936 19.619251
937 21.241125
938 22.403337
939 18.517460
940 20.279961
941 17.173450
942 15.929491
943 17.855738
944 15.902117
945 16.912334
946 17.323545
947 18.867868
948 17.510637
949 14.939631
950 16.713629
951 17.406038
952 17.886604
953 17.025040
954 18.886080
955 17.664692
956 17.492304
957 18.920286
958 21.198120
959 18.342529
960 17.166998
961 18.553375
962 17.407907
963 20.391218
964 19.828581
965 18.517591
966 22.018740
967 18.644190
968 18.261774
969 16.857260
970 18.640535
971 17.980337
972 20.772175
973 20.820137
974 20.373312
975 20.358675
976 19.766712
977 20.391424
978 22.767197
979 21.139101
980 20.762217
981 19.285765
982 20.667629
983 22.156715
984 20.644810
985 21.576784
986 23.319832
987 23.909302
988 22.428406
989 22.949896
990 20.920732
991 22.292299
992 20.698481
993 20.485897
994 21.132353
995 22.309111
996 17.820692
997 21.174570
998 22.173794
999 23.143490
1000 19.473183
1001 23.345240
1002 20.898159
1003 21.078691
1004 21.785526
1005 22.241232
1006 21.919878
1007 22.013462
1008 20.410301
1009 18.339500
1010 18.063208
1011 18.996258
1012 19.513126
1013 20.172028
1014 19.158154
1015 20.669476
1016 21.028301
1017 21.375120
1018 19.823082
1019 17.815176
1020 18.695398
1021 20.435452
1022 18.132982
1023 19.796976
1024 17.144796
1025 19.187603
1026 18.236065
1027 18.232048
1028 16.988823
1029 18.138672
1030 18.405399
1031 15.913815
1032 15.811910
1033 18.129110
1034 18.802217
1035 19.962883
1036 20.075794
1037 21.349365
1038 21.867777
1039 21.178295
1040 22.552649
1041 22.243370
1042 19.826881
1043 20.985394
1044 24.170609
1045 21.720337
1046 21.725771
1047 21.720526
1048 23.969418
1049 23.311579
1050 20.760248
1051 23.243408
1052 23.481531
1053 18.479416
1054 20.138926
1055 19.554939
1056 17.800379
1057 16.195831
1058 20.645029
1059 19.175436
1060 19.611462
1061 19.520504
1062 17.998884
1063 18.590464
1064 20.740519
1065 18.402176
1066 18.337606
1067 18.897364
1068 18.268955
1069 20.259874
1070 19.196308
1071 20.911564
1072 22.775541
1073 21.734827
1074 23.056644
1075 16.990273
1076 20.899618
1077 23.009888
1078 22.167845
1079 22.692284
1080 23.481745
1081 23.175394
1082 23.159098
1083 20.945423
1084 22.871202
1085 22.402105
1086 23.088186
1087 22.011972
1088 21.928040
1089 22.069408
1090 21.863661
1091 22.206907
1092 21.979990
1093 21.430712
1094 21.216085
1095 20.465271
1096 23.895868
1097 22.382345
1098 23.971518
1099 21.473644
1100 18.672474
1101 20.969814
1102 19.809278
1103 20.741482
1104 20.188082
1105 18.442272
1106 19.850361
1107 18.285055
1108 18.902861
1109 17.409569
1110 21.643724
1111 20.122528
1112 20.948174
1113 24.041933
1114 23.650717
1115 19.139099
1116 20.409725
1117 21.737642
1118 19.143881
1119 18.273344
1120 21.552650
1121 19.612225
1122 20.116587
1123 19.655558
1124 20.647642
1125 19.354053
1126 20.515965
1127 21.487139
1128 22.708431
1129 19.110071
1130 20.787931
1131 20.705462
1132 19.643414
1133 20.502209
1134 21.752018
1135 21.215036
1136 22.994843
1137 22.787794
1138 20.935112
1139 19.773468
1140 18.862301
1141 19.928083
1142 19.707653
1143 20.494936
1144 23.723259
1145 21.284885
1146 18.093206
1147 20.242094
1148 18.329056
1149 25.306910
1150 22.330244
1151 20.817291
1152 21.285933
1153 19.545364
1154 20.710264
1155 18.674593
1156 18.049276
1157 17.654692
1158 18.261940
1159 20.754200
1160 19.654295
1161 18.489597
1162 18.852301
1163 20.062860
1164 21.248930
1165 22.268669
1166 19.381912
1167 17.754465
1168 22.918533
1169 22.698919
1170 21.674215
1171 21.451168
1172 18.806555
1173 19.043388
1174 18.420502
1175 16.847469
1176 19.888748
1177 21.750561
1178 19.337566
1179 18.824678
1180 19.475876
1181 19.357088
1182 19.700312
1183 21.296638
1184 20.806475
1185 18.263500
1186 20.769501
1187 22.236713
1188 19.230701
1189 21.325699
1190 18.059980
1191 20.990248
1192 23.640841
1193 22.660336
1194 19.934090
1195 20.898565
1196 22.016001
1197 20.576097
1198 20.129841
1199 21.024244
1200 19.617817
1201 18.620235
1202 19.739063
1203 19.605154
1204 18.896080
1205 18.454971
1206 17.336573
1207 16.795696
1208 19.193375
1209 19.311625
1210 17.864315
1211 18.507427
1212 18.697922
1213 16.935495
1214 16.555077
1215 19.959677
1216 18.868479
1217 21.448935
1218 19.586796
1219 18.902195
1220 20.595217
1221 21.218311
1222 18.132429
1223 12.719932
1224 19.167463
1225 17.784140
1226 17.351637
1227 19.399818
1228 21.069347
1229 18.870186
1230 19.506985
1231 19.486403
1232 18.534113
1233 21.452650
1234 21.642931
1235 21.829147
1236 21.648993
1237 20.267025
1238 23.026613
1239 20.387926
1240 20.861038
1241 19.331707
1242 20.324720
1243 22.122116
1244 20.437267
1245 21.799221
1246 21.808374
1247 19.577316
1248 19.986149
1249 19.814966
1250 18.268614
1251 18.879614
1252 19.516542
1253 20.589859
1254 18.711700
1255 20.505329
1256 17.038065
1257 18.475735
1258 18.060581
1259 20.981480
1260 19.415359
1261 19.973404
1262 18.472700
1263 18.183487
1264 18.746641
1265 20.851326
1266 19.411686
1267 21.773067
1268 16.450556
1269 18.000912
1270 19.195009
1271 18.003586
1272 22.021894
1273 21.691895
1274 20.753462
1275 20.154356
1276 22.000578
1277 19.458397
1278 21.094904
1279 19.831152
1280 20.180712
1281 19.703491
1282 20.095991
1283 21.028297
1284 20.625330
1285 20.095865
1286 18.125549
1287 17.726048
1288 19.959785
1289 18.623274
1290 17.417885
1291 19.618916
1292 16.010664
1293 18.761776
1294 18.818665
1295 20.380907
1296 18.648115
1297 19.474598
1298 20.106863
1299 19.130930
1300 18.750954
1301 19.054544
1302 19.492046
1303 18.246088
1304 19.725100
1305 18.923447
1306 17.575987
1307 18.027946
1308 18.805456
1309 17.781311
1310 19.398521
1311 17.879896
1312 19.526417
1313 18.419399
1314 16.323238
1315 19.221468
1316 16.314758
1317 16.482582
1318 13.174858
1319 16.516155
1320 18.963146
1321 20.319441
1322 20.566868
1323 22.165380
1324 22.533257
1325 22.260710
1326 19.916143
1327 17.473606
1328 18.070065
1329 18.262669
1330 16.988186
1331 15.364272
1332 17.293076
1333 17.639486
1334 18.016020
1335 19.740511
1336 18.964363
1337 19.970240
1338 19.998619
1339 21.937656
1340 19.952938
1341 19.093357
1342 21.880325
1343 19.699883
1344 21.751547
1345 20.300314
1346 18.184750
1347 17.637564
1348 17.522089
1349 19.976004
1350 20.533194
1351 17.833138
1352 18.063028
1353 17.432013
1354 21.369612
1355 18.875944
1356 19.389294
1357 19.750025
1358 22.330017
1359 21.296949
1360 20.171108
1361 20.320717
1362 20.026852
1363 21.582094
1364 21.576410
1365 23.050238
1366 20.095947
1367 21.398443
1368 18.247841
1369 20.063854
1370 18.956009
1371 23.371199
1372 20.209446
1373 22.146044
1374 22.143425
1375 23.220884
1376 22.376560
1377 22.984217
1378 22.810104
1379 19.254736
1380 21.038946
1381 23.028391
1382 22.215622
1383 21.152426
1384 21.765940
1385 20.723877
1386 20.809734
1387 20.617702
1388 15.878263
1389 17.952948
1390 17.687822
1391 18.103264
1392 19.323963
1393 18.593952
1394 19.856752
1395 20.838203
1396 22.374451
1397 24.818565
1398 23.533882
1399 24.608343
1400 20.825884
1401 20.921999
1402 21.453707
1403 21.757761
1404 23.535669
1405 21.946827
1406 23.158215
1407 22.513363
1408 20.410500
1409 21.310120
1410 22.055447
1411 23.053162
1412 21.447428
1413 20.984201
1414 23.086201
1415 22.121496
1416 19.689075
1417 22.288242
1418 22.777969
1419 21.885519
1420 21.256281
1421 22.770525
1422 21.590788
1423 19.740940
1424 19.162945
1425 21.735760
1426 22.194796
1427 21.325556
1428 20.074549
1429 20.794909
1430 22.268219
1431 20.705717
1432 21.873188
1433 21.071934
1434 19.280664
1435 20.192492
1436 20.125530
1437 17.874403
1438 17.987928
1439 18.731382
1440 19.836584
1441 17.323860
1442 19.379526
1443 19.604742
1444 19.158422
1445 19.537395
1446 22.496099
1447 21.012486
1448 21.840734
1449 19.557035
1450 22.604271
1451 20.421783
1452 23.344072
1453 21.466400
1454 23.893456
1455 21.435623
1456 23.448465
1457 22.477549
1458 20.110607
1459 21.724068
1460 22.204882
1461 21.655338
1462 21.410864
1463 20.988516
1464 21.337675
1465 16.620781
1466 18.820538
1467 20.622812
1468 21.746166
1469 20.803858
1470 23.386759
1471 21.657555
1472 22.277842
1473 19.995630
1474 23.547823
1475 18.040031
1476 19.492882
1477 21.872259
1478 22.147821
1479 22.315161
1480 21.792702
1481 20.836306
1482 21.960220
1483 20.041119
1484 22.700222
1485 22.246914
1486 23.558981
1487 20.652618
1488 18.934082
1489 20.526325
1490 19.294319
1491 18.523798
1492 17.311171
1493 18.670267
1494 18.822605
1495 17.713860
1496 16.983347
1497 17.851072
1498 17.967590
1499 18.781528
1500 17.549778
1501 17.932863
1502 21.201475
1503 20.219765
1504 18.231520
1505 19.087036
1506 18.683317
1507 15.255754
1508 18.461264
1509 17.418238
1510 19.899027
1511 19.550739
1512 19.328840
1513 19.368670
1514 20.621344
1515 19.515865
1516 18.523296
1517 17.471338
1518 16.330637
1519 15.847130
1520 17.061335
1521 19.545919
1522 22.722227
1523 21.906227
1524 20.859741
1525 20.888905
1526 19.540804
1527 17.439461
1528 19.924345
1529 19.542629
1530 17.101683
1531 21.350296
1532 20.089325
1533 20.089264
1534 18.162098
1535 20.695774
1536 21.853065
1537 19.165869
1538 19.081114
1539 20.961588
1540 20.404346
1541 18.496767
1542 16.213932
1543 16.442783
1544 15.004291
1545 16.278524
1546 17.284830
1547 19.406120
1548 19.557236
1549 20.393457
1550 19.500185
1551 18.346533
1552 17.604286
1553 18.157475
1554 16.963551
1555 19.160793
1556 16.586138
1557 18.527098
1558 18.042471
1559 20.850296
1560 17.050537
1561 19.512667
1562 21.892838
1563 20.696522
1564 19.797079
1565 22.414104
1566 20.790844
1567 20.251925
1568 23.164618
1569 20.882744
1570 19.509163
1571 19.141975
1572 20.353203
1573 16.539045
1574 17.678860
1575 18.237778
1576 18.979080
1577 20.253307
1578 21.353594
1579 20.177130
1580 21.724714
1581 16.130968
1582 16.939283
1583 21.908625
1584 20.747911
1585 22.391726
1586 23.735258
1587 22.062014
1588 23.690611
1589 22.795588
1590 22.597788
1591 23.298779
1592 18.014906
1593 21.050552
1594 20.489044
1595 19.776371
1596 22.512352
1597 20.217892
1598 19.493610
1599 21.519079
1600 20.592089
1601 26.047394
1602 24.479195
1603 24.241310
1604 23.153826
1605 20.903984
1606 19.930225
1607 20.546740
1608 19.391752
1609 21.615189
1610 20.613213
1611 23.842321
1612 23.628178
1613 20.930372
1614 20.679264
1615 17.390762
1616 17.380451
1617 18.131046
1618 21.170776
1619 21.436808
1620 23.244932
1621 22.973276
1622 22.167908
1623 22.228781
1624 20.020382
1625 21.564178
1626 20.806438
1627 24.420206
1628 24.104626
1629 22.233067
1630 24.360373
1631 22.062231
1632 22.610872
1633 21.089300
1634 18.396362
1635 20.825148
1636 21.084568
1637 24.682571
1638 21.263952
1639 18.931412
1640 21.372385
1641 20.494303
1642 19.430048
1643 16.269146
1644 18.557463
1645 15.729470
1646 16.301456
1647 17.876387
1648 16.300276
1649 16.274410
1650 20.181641
1651 20.640587
1652 22.092798
1653 22.746527
1654 22.693697
1655 21.465706
1656 22.122116
1657 21.035324
1658 20.222685
1659 16.885292
1660 18.386219
1661 19.559137
1662 19.185074
1663 18.904409
1664 18.303812
1665 16.532614
1666 15.971385
1667 16.467405
1668 17.937696
1669 19.847549
1670 19.913988
1671 19.851191
1672 18.553158
1673 20.792124
1674 22.094736
1675 21.972902
1676 20.355827
1677 20.732330
1678 23.923103
1679 18.514126
1680 21.619240
1681 19.394085
1682 22.200111
1683 21.911886
1684 20.436075
1685 18.411751
1686 18.972433
1687 17.518139
1688 16.813025
1689 16.238785
1690 16.158611
1691 16.364790
1692 13.836691
1693 20.275280
1694 19.386684
1695 15.173426
1696 17.951849
1697 17.450729
1698 15.172407
1699 16.607285
1700 15.840408
1701 18.585611
1702 18.317215
1703 19.174034
1704 20.393951
1705 18.103296
1706 17.395086
1707 17.898184
1708 20.812317
1709 17.845369
1710 16.591064
1711 16.927240
1712 20.822807
1713 16.818216
1714 17.611530
1715 17.335482
1716 18.579096
1717 19.171705
1718 19.771589
1719 17.638588
1720 19.114294
1721 18.998688
1722 18.606583
1723 16.666796
1724 17.672478
1725 17.094353
1726 18.488293
1727 19.021341
1728 19.232315
1729 17.445250
1730 17.416880
1731 18.355370
1732 18.895933
1733 15.685220
1734 16.959944
1735 17.977428
1736 18.085119
1737 17.318409
1738 16.443621
1739 17.782181
1740 15.092258
1741 16.411947
1742 16.186991
1743 16.910801
1744 15.698086
1745 15.640239
1746 14.977207
1747 16.050327
1748 16.206310
1749 16.896976
1750 16.928223
1751 15.939145
1752 15.741745
1753 17.838524
1754 16.617180
1755 15.848524
1756 14.008497
1757 13.119591
1758 14.302965
1759 12.330226
1760 12.453507
1761 13.297825
1762 13.893146
1763 14.269807
1764 15.841938
1765 16.716234
1766 18.967316
1767 18.402157
1768 18.318926
1769 16.955263
1770 18.080242
1771 16.056084
1772 16.475582
1773 15.229751
1774 15.033632
1775 13.007070
1776 11.813304
1777 14.083190
1778 12.189983
1779 14.404406
1780 16.081627
1781 15.846307
1782 15.769908
1783 15.318349
1784 14.614582
1785 15.113716
1786 14.586666
1787 16.696959
1788 13.693259
1789 13.862553
1790 12.115835
1791 13.818173
1792 13.704836
1793 16.104256
1794 14.318718
1795 11.985773
1796 12.685212
1797 11.812350
1798 15.429317
1799 16.059761
1800 13.682887
1801 14.314285
1802 14.914188
1803 15.354545
1804 13.939925
1805 15.716503
1806 15.334631
1807 18.827791
1808 18.197174
1809 16.093884
1810 14.589574
1811 13.224906
1812 15.402290
1813 13.737505
1814 14.272664
1815 14.226303
1816 14.630641
1817 12.440461
1818 16.410225
1819 16.709970
1820 15.824945
1821 16.509966
1822 18.141981
1823 17.281694
1824 15.499345
1825 16.259487
1826 17.620317
1827 17.102055
1828 17.412745
1829 17.839846
1830 17.748783
1831 16.637745
1832 16.534306
1833 18.949438
1834 17.366030
1835 16.849430
1836 17.542465
1837 15.470558
1838 17.360662
1839 16.482616
1840 18.045856
1841 18.780491
1842 16.845459
1843 16.949799
1844 14.365343
1845 14.807060
1846 15.583757
1847 15.214585
1848 16.428816
1849 15.507340
1850 19.081289
1851 15.834261
1852 15.451173
1853 17.953794
1854 20.675568
1855 21.598787
1856 17.719887
1857 19.563978
1858 19.197470
1859 17.109503
1860 19.140471
1861 20.359438
1862 20.282307
1863 21.886810
1864 17.295837
1865 16.752403
1866 15.130236
1867 16.037613
1868 15.493105
1869 18.087811
1870 19.702379
1871 19.606543
1872 19.061888
1873 17.449793
1874 17.856955
1875 16.231882
1876 15.764677
1877 13.220742
1878 16.109575
1879 14.206221
1880 13.838659
1881 15.744242
1882 14.490283
1883 15.721503
1884 15.492970
1885 15.574307
1886 15.587800
1887 15.547045
1888 15.271249
1889 15.900120
1890 16.570223
1891 12.411232
1892 13.448514
1893 13.352866
1894 14.596345
1895 14.429360
1896 15.614934
1897 15.694231
1898 14.965529
1899 17.763231
1900 18.636957
1901 18.519293
1902 19.876287
1903 18.067455
1904 17.058613
1905 15.319957
1906 16.553123
1907 16.361355
1908 15.202251
1909 12.348696
1910 13.767421
1911 18.413755
1912 16.532766
1913 15.096652
1914 17.836456
1915 15.626239
1916 16.170280
1917 18.761267
1918 15.773930
1919 18.814783
1920 17.915873
1921 17.520304
1922 15.125567
1923 16.943548
1924 14.669851
1925 14.334409
1926 18.535446
1927 16.426752
1928 16.422377
1929 14.914186
1930 16.943922
1931 15.197802
1932 14.949843
1933 16.823282
1934 13.809891
1935 14.965937
1936 14.986464
1937 15.641276
1938 18.916973
1939 17.333530
1940 17.437120
1941 16.528187
1942 15.031264
1943 16.975779
1944 16.273968
1945 16.511135
1946 13.510756
1947 17.585932
1948 15.287814
1949 17.139259
1950 16.008730
1951 14.444628
1952 13.152958
1953 15.364110
1954 18.885962
1955 16.929131
1956 16.286959
1957 16.211815
1958 18.514570
1959 18.076056
1960 17.016403
1961 16.604691
1962 17.514959
1963 15.741593
1964 19.888361
1965 18.740171
1966 18.015770
1967 18.967442
1968 17.309851
1969 19.160597
1970 20.204077
1971 19.979836
1972 19.035723
1973 17.296402
1974 15.469933
1975 16.796919
1976 14.983883
1977 16.096188
1978 15.270004
1979 16.002901
1980 14.939643
1981 16.004116
1982 12.922945
1983 14.035284
1984 14.854858
1985 16.793657
1986 17.699932
1987 16.390808
1988 15.974586
1989 14.430957
1990 13.729322
1991 16.817801
1992 15.753129
1993 15.550678
1994 16.459438
1995 15.917999
1996 15.617890
1997 16.923246
1998 15.207295
1999 15.851246
2000 15.960486
2001 15.739573
2002 16.107250
2003 17.525703
2004 16.785501
2005 16.780655
2006 17.650362
2007 13.391677
2008 14.769976
2009 13.942316
2010 14.385509
2011 15.066312
2012 13.986370
2013 14.956288
2014 14.654846
2015 15.271230
2016 14.708227
2017 14.001690
2018 14.455411
2019 15.455250
2020 16.506468
2021 16.760239
2022 14.244878
2023 14.849281
2024 15.245277
2025 14.903118
2026 15.449968
2027 14.841781
2028 14.639165
2029 16.048916
2030 16.568127
2031 14.083664
2032 15.586137
2033 13.712215
2034 13.127899
2035 14.916067
2036 16.088324
2037 18.189957
2038 17.995426
2039 18.634642
2040 19.969027
2041 18.934488
2042 19.979601
2043 16.137741
2044 16.897526
2045 14.903399
2046 13.187040
2047 14.508291
2048 15.367671
2049 14.837450
2050 14.688051
2051 18.896408
2052 16.810471
2053 17.049313
2054 18.633472
2055 16.855051
2056 15.991392
2057 16.318644
2058 14.935629
2059 13.986670
2060 14.987639
2061 15.120240
2062 14.791825
2063 14.945024
2064 14.205244
2065 14.557433
2066 16.265507
2067 16.844591
2068 16.266888
2069 16.426239
2070 16.943974
2071 16.908304
2072 17.422861
2073 14.775303
2074 16.403534
2075 15.852951
2076 15.699457
2077 17.025942
2078 15.871785
2079 18.858469
2080 15.073825
2081 14.377666
2082 18.254768
2083 17.354797
2084 16.618071
2085 19.358551
2086 14.434157
2087 16.295174
2088 16.981052
2089 16.236376
2090 15.796110
2091 16.187878
2092 16.724802
2093 17.330999
2094 16.790710
2095 18.326323
2096 15.422044
2097 16.682388
2098 16.579470
2099 14.462266
2100 18.304625
2101 18.193069
2102 17.484280
2103 16.666271
2104 14.909099
2105 15.004614
2106 17.319948
2107 15.816325
2108 16.427958
2109 16.149681
2110 16.999615
2111 16.381899
2112 16.670662
2113 16.870062
2114 17.011448
2115 15.592219
2116 14.891353
2117 17.229517
2118 16.936338
2119 14.265548
2120 18.322920
2121 13.843378
2122 14.038982
2123 16.587954
2124 16.572668
2125 16.346195
2126 16.357824
2127 17.051199
2128 16.807772
2129 16.642365
2130 15.923721
2131 15.610941
2132 16.633482
2133 16.532644
2134 15.234241
2135 18.475822
2136 16.390003
2137 14.087084
2138 16.536491
2139 17.912588
2140 17.149639
2141 14.586497
2142 17.003983
2143 16.662359
2144 17.898767
2145 18.067572
2146 16.105148
2147 16.899664
2148 18.416462
2149 16.279522
2150 19.215944
2151 14.427732
2152 13.116583
2153 13.363315
2154 18.488729
2155 16.610521
2156 17.334387
2157 20.148441
2158 16.757116
2159 17.178141
2160 18.641989
2161 15.391004
2162 17.142206
2163 16.492493
2164 16.225506
2165 15.968282
2166 16.577543
2167 15.431063
2168 16.190800
2169 13.979201
2170 12.789247
2171 13.964422
2172 15.598702
2173 15.444373
2174 13.271688
2175 14.305592
2176 15.194982
2177 15.795903
2178 14.974887
2179 15.376363
2180 16.323994
2181 15.404041
2182 14.913336
2183 14.211593
2184 14.085153
2185 14.780899
2186 14.406722
2187 11.723078
2188 14.871362
2189 15.185559
2190 13.803469
2191 14.727572
2192 15.540268
2193 15.605193
2194 17.277168
2195 15.973097
2196 13.930888
2197 13.406671
2198 14.477386
2199 14.704682
2200 13.200415
2201 13.071988
2202 13.584601
2203 12.681296
2204 13.059690
2205 11.569691
2206 13.181671
2207 14.149922
2208 16.557838
2209 14.102465
2210 14.458000
2211 15.050091
2212 15.589470
2213 16.359507
2214 15.472850
2215 12.788415
2216 12.577920
2217 12.638841
2218 13.127967
2219 12.496623
2220 12.676372
2221 13.246136
2222 15.124694
2223 15.082183
2224 13.611469
2225 13.411225
2226 14.269089
2227 15.988103
2228 16.555227
2229 13.469936
2230 11.776078
2231 10.449284
2232 11.149753
2233 15.775388
2234 15.884645
2235 14.396810
2236 12.633771
2237 15.014456
2238 11.683572
2239 13.102877
2240 10.700747
2241 13.541206
2242 12.212657
2243 8.863320
2244 15.304960
2245 15.010666
2246 14.510200
2247 14.707167
2248 14.457920
2249 12.511282
2250 15.067547
2251 14.462221
2252 16.288507
2253 15.868127
2254 15.672104
2255 16.596409
2256 16.041471
2257 14.698865
2258 13.831546
2259 13.588962
2260 13.891446
2261 11.306499
2262 11.128005
2263 14.527702
2264 16.183790
2265 13.524601
2266 13.840452
2267 14.072266
2268 14.993214
2269 15.791780
2270 14.131716
2271 16.339546
2272 16.688658
2273 16.092766
2274 18.018192
2275 17.679581
2276 17.857874
2277 15.804742
2278 17.211018
2279 14.705165
2280 17.425529
2281 18.640886
2282 17.093124
2283 16.684786
2284 17.989847
2285 18.466284
2286 17.259924
2287 19.745644
2288 14.641510
2289 16.166168
2290 13.889148
2291 13.006374
2292 13.581057
2293 16.409054
2294 20.151346
2295 18.253317
2296 16.832794
2297 16.723585
2298 17.038530
2299 17.874207
2300 14.305057
2301 16.746162
2302 17.346939
2303 14.734956
2304 12.810738
2305 13.721260
2306 13.512366
2307 14.978873
2308 12.711568
2309 13.846214
2310 12.635036
2311 13.036630
2312 11.991682
2313 12.628207
2314 13.240831
2315 13.925429
2316 12.882995
2317 13.909900
2318 15.937336
2319 15.038402
2320 15.675681
2321 17.669277
2322 17.032116
2323 16.355438
2324 15.105858
2325 17.687265
2326 18.859140
2327 19.193089
2328 20.742691
2329 20.482897
2330 19.735949
2331 17.794083
2332 18.002689
2333 18.108986
2334 20.565126
2335 20.057692
2336 18.577105
2337 18.286753
2338 20.236338
2339 19.370689
2340 18.492226
2341 18.507862
2342 17.169521
2343 20.701666
2344 15.600219
2345 14.637280
2346 15.291430
2347 14.356428
2348 16.339239
2349 16.160028
2350 16.373756
2351 14.145294
2352 15.676965
2353 15.462779
2354 17.296272
2355 16.368477
2356 15.910073
2357 16.037275
2358 15.102010
2359 18.190182
2360 17.739643
2361 18.411135
2362 17.369034
2363 17.193441
2364 16.880186
2365 14.323775
2366 13.511191
2367 16.931904
2368 16.228559
2369 14.936267
2370 15.817350
2371 15.358849
2372 13.387560
2373 15.290633
2374 17.494658
2375 16.535028
2376 16.534435
2377 16.942568
2378 17.223347
2379 18.263176
2380 20.561693
2381 17.499792
2382 18.603542
2383 17.353128
2384 18.378019
2385 18.870186
2386 19.067928
2387 17.628599
2388 18.491505
2389 18.021111
2390 18.341602
2391 21.862942
2392 20.684256
2393 21.667566
2394 19.645239
2395 15.241222
2396 17.056168
2397 18.302511
2398 20.073719
2399 19.700010
2400 20.650866
2401 20.342628
2402 21.953108
2403 18.420862
2404 20.381346
2405 20.044188
2406 20.551153
2407 19.582432
2408 21.732494
2409 21.024475
2410 24.013767
2411 24.736528
2412 23.087378
2413 23.753071
2414 23.036551
2415 24.823610
2416 24.704313
2417 24.353455
2418 23.527325
2419 20.467533
2420 21.517975
2421 20.519608
2422 22.484514
2423 23.024891
2424 23.538225
2425 20.527321
2426 21.188248
2427 19.382650
2428 17.012323
2429 20.790236
2430 20.373081
2431 20.884613
2432 23.004070
2433 17.263479
2434 15.774059
2435 19.566332
2436 14.647559
2437 19.297935
2438 20.977903
2439 19.793385
2440 21.682608
2441 21.769129
2442 21.743570
2443 19.565969
2444 21.608450
2445 20.557871
2446 18.760416
2447 17.338537
2448 16.710316
2449 19.289291
2450 18.667631
2451 19.822390
2452 17.992474
2453 18.138603
2454 17.166782
2455 17.280504
2456 18.733873
2457 17.773933
2458 16.137333
2459 18.592813
2460 16.345499
2461 18.016542
2462 15.619424
2463 16.707605
2464 16.686958
2465 18.503611
2466 19.821621
2467 17.654964
2468 18.179714
2469 19.960217
2470 18.607552
2471 17.677923
2472 14.538508
2473 14.825529
2474 17.604572
2475 16.754286
2476 15.301326
2477 17.338062
2478 20.217773
2479 16.245277
2480 15.121245
2481 14.955099
2482 16.602863
2483 19.330618
2484 18.795813
2485 17.708809
2486 18.133299
2487 16.612009
2488 13.664938
2489 15.826595
2490 14.704341
2491 12.556703
2492 14.993980
2493 14.277132
2494 13.589733
2495 14.142658
2496 18.078045
2497 19.068609
2498 17.040352
2499 17.082733
2500 16.637287
2501 17.040047
2502 16.302500
2503 14.916818
2504 14.913139
2505 15.645985
2506 13.987190
2507 14.058482
2508 14.308978
2509 17.099560
2510 16.986191
2511 17.263378
2512 16.495892
2513 16.491117
2514 16.509169
2515 18.485331
2516 17.353359
2517 17.031481
2518 18.203131
2519 17.785128
2520 17.865416
2521 17.112528
2522 17.501295
2523 16.192253
2524 13.614269
2525 14.753417
2526 13.738738
2527 15.670457
2528 18.022076
2529 18.083656
2530 18.659752
2531 17.630497
2532 17.655676
2533 14.660590
2534 14.797362
2535 18.577526
2536 19.762951
2537 20.221748
2538 19.029890
2539 19.347982
2540 17.451824
2541 17.386009
2542 15.490104
2543 14.520747
2544 11.947628
2545 14.563745
2546 21.417831
2547 14.277265
2548 16.077360
2549 16.243267
2550 15.519774
2551 18.344585
2552 17.109074
2553 15.867691
2554 17.333876
2555 17.584610
2556 17.240143
2557 17.356125
2558 16.200834
2559 16.824915
2560 15.027710
2561 15.211166
2562 14.223258
2563 16.646351
2564 13.695132
2565 14.092587
2566 14.882751
2567 12.170971
2568 9.507250
2569 12.441429
2570 12.554162
2571 12.914092
2572 12.754242
2573 14.335753
2574 14.632988
2575 14.224051
2576 15.355522
2577 14.429753
2578 13.808745
2579 12.007396
2580 13.973722
2581 10.161880
2582 10.267233
2583 10.666584
2584 11.685969
2585 14.351007
2586 14.068069
2587 15.055681
2588 15.021497
2589 14.369715
2590 14.626650
2591 11.484809
2592 12.537539
2593 12.188016
2594 13.118951
2595 12.823083
2596 11.820654
2597 12.473378
2598 15.408437
2599 17.770502
2600 16.913570
2601 17.714790
2602 16.415537
2603 17.282167
2604 15.336205
2605 14.750333
2606 15.346354
2607 16.095572
2608 15.475358
2609 16.918024
2610 17.967348
2611 18.859240
2612 19.503231
2613 15.594662
2614 17.007359
2615 15.155849
2616 16.832735
2617 17.909504
2618 16.472166
2619 17.160007
2620 18.677820
2621 17.452990
2622 15.303457
2623 18.564428
2624 17.758026
2625 17.415747
2626 16.408594
2627 16.681078
2628 19.121456
2629 18.378992
2630 20.561235
2631 17.458117
2632 18.600077
2633 16.105169
2634 18.527269
2635 17.771204
2636 17.274706
2637 19.634922
2638 18.281511
2639 19.789785
2640 15.487034
2641 17.419062
2642 16.550484
2643 19.606501
2644 18.998871
2645 21.147844
2646 19.690189
2647 19.697653
2648 16.187969
2649 16.482758
2650 16.787718
2651 16.001207
2652 16.486866
2653 14.430648
2654 16.435946
2655 18.831503
2656 14.279552
2657 14.087374
2658 12.513159
2659 14.806548
2660 14.932752
2661 11.872478
2662 14.672621
2663 13.010248
2664 14.679220
2665 15.273393
2666 15.241197
2667 15.072839
2668 12.759122
2669 9.856179
2670 12.872544
2671 11.993439
2672 15.339227
2673 12.908484
2674 10.560330
2675 11.539578
2676 10.814628
2677 10.334417
2678 11.194981
2679 10.360327
2680 10.550616
2681 10.976856
2682 10.886409
2683 10.244584
2684 10.765262
2685 9.240292
2686 12.697014
2687 10.209002
2688 11.775167
2689 9.668604
2690 10.720324
2691 10.546470
2692 13.392925
2693 14.340670
2694 16.640896
2695 14.612698
2696 11.175031
2697 15.040650
2698 17.352871
2699 17.795668
2700 15.021805
2701 18.227947
2702 15.834818
2703 14.344038
2704 15.012444
2705 16.527700
2706 15.365943
2707 16.305805
2708 17.042776
2709 17.060398
2710 16.672136
2711 15.358739
2712 17.575394
2713 18.557249
2714 20.374962
2715 20.829947
2716 20.814823
2717 20.680136
2718 18.565866
2719 19.500114
2720 20.762438
2721 18.883066
2722 17.085440
2723 19.290451
2724 19.650824
2725 17.574198
2726 18.282875
2727 17.200985
2728 16.369114
2729 17.433498
2730 14.835330
2731 17.907244
2732 17.381172
2733 16.944889
2734 17.218910
2735 17.370075
2736 18.551617
2737 17.612680
2738 17.797321
2739 18.479074
2740 16.583706
2741 18.993216
2742 16.288599
2743 15.639240
2744 9.550349
2745 9.903237
2746 9.750047
2747 10.479473
2748 11.896223
2749 14.570380
2750 13.992110
2751 12.868188
2752 16.178408
2753 14.476043
2754 17.043941
2755 12.940309
2756 14.410229
2757 15.927402
2758 17.379925
2759 17.254547
2760 18.473190
2761 20.982689
2762 18.261072
2763 20.734383
2764 18.885056
2765 19.066996
2766 19.548862
2767 18.690052
2768 19.960732
2769 13.093336
2770 13.113304
2771 13.440017
2772 13.960149
2773 14.270315
2774 19.379951
2775 19.412664
2776 13.419698
2777 17.628580
2778 20.193193
2779 16.820183
2780 19.012966
2781 17.333433
2782 17.800581
2783 16.822205
2784 17.612158
2785 18.398491
2786 17.208387
2787 18.168818
2788 18.134977
2789 18.147224
2790 18.109045
2791 20.460173
2792 18.545340
2793 20.362518
2794 14.973146
2795 14.048796
2796 16.463709
2797 15.154784
2798 16.907026
2799 17.011089
2800 15.661700
2801 19.124422
2802 14.329634
2803 17.471500
2804 21.981346
2805 20.331873
2806 17.873394
2807 18.693604
2808 18.055338
2809 16.153128
2810 16.570541
2811 14.594975
2812 10.137525
2813 14.834958
2814 14.316355
2815 15.063243
2816 19.755348
2817 17.365694
2818 18.031954
2819 12.899612
2820 16.236986
2821 14.026020
2822 15.675985
2823 13.757137
2824 15.748724
2825 17.276419
2826 13.091331
2827 13.476710
2828 11.358728
2829 13.980349
2830 13.740981
2831 16.859015
2832 16.695311
2833 14.186930
2834 14.673882
2835 13.207397
2836 16.570066
2837 17.524977
2838 19.486511
2839 20.080025
2840 18.658516
2841 20.302322
2842 19.847494
2843 19.914598
2844 19.804457
2845 22.380623
2846 21.638582
2847 20.365776
2848 19.809397
2849 19.129625
2850 21.478611
2851 19.174828
2852 22.568251
2853 20.795376
2854 17.649296
2855 20.988813
2856 21.294266
2857 18.643980
2858 21.522303
2859 18.685236
2860 18.896061
2861 20.844793
2862 19.790749
2863 19.476519
2864 19.609499
2865 17.139576
2866 19.891478
2867 19.889084
2868 18.522026
2869 19.503611
2870 18.410700
2871 19.028471
2872 20.551962
2873 18.800491
2874 16.674974
2875 16.988800
2876 17.605776
2877 20.542179
2878 22.137709
2879 21.226652
2880 20.629049
2881 20.375439
2882 20.864786
2883 20.143024
2884 18.232986
2885 17.792431
2886 18.754597
2887 19.411251
2888 20.095734
2889 18.951786
2890 21.125027
2891 20.072021
2892 21.809513
2893 21.020802
2894 23.386986
2895 22.800501
2896 21.489208
2897 23.645052
2898 22.402512
2899 21.151043
2900 19.092405
2901 16.410305
2902 19.742685
2903 19.308039
2904 19.449453
2905 19.806440
2906 19.703903
2907 20.034702
2908 21.239988
2909 23.382402
2910 22.782480
2911 22.471426
2912 21.804573
2913 20.419985
2914 18.131168
2915 18.082098
2916 16.772673
2917 19.174883
2918 20.406008
2919 21.480371
2920 21.434757
2921 19.985720
2922 20.853577
2923 20.870441
2924 23.382700
2925 19.854258
2926 21.649483
2927 22.796207
2928 22.413769
2929 22.693272
2930 21.968052
2931 21.679266
2932 23.361942
2933 25.047331
2934 22.598381
2935 19.329014
2936 21.128637
2937 20.640881
2938 21.977285
2939 21.288494
2940 21.874218
2941 23.016499
2942 24.181835
2943 25.854074
2944 24.222355
2945 24.093332
2946 24.125193
2947 21.943825
2948 18.545538
2949 21.437485
2950 20.529007
2951 19.895607
2952 21.585058
2953 18.935219
2954 20.058197
2955 22.503239
2956 23.972647
2957 23.023951
2958 23.133329
2959 20.830935
2960 19.393688
2961 22.048292
2962 23.081516
2963 21.219055
2964 21.907982
2965 19.869919
2966 18.732637
2967 15.600576
2968 20.479876
2969 19.652021
2970 19.269390
2971 19.315369
2972 15.927081
2973 17.074911
2974 18.329859
2975 17.942530
2976 17.952623
2977 18.196505
2978 19.614820
2979 21.987146
2980 21.705242
2981 21.036264
2982 22.246414
2983 21.900097
2984 22.095520
2985 19.770941
2986 20.335659
2987 21.386631
2988 19.796392
2989 20.689047
2990 21.084642
2991 20.597109
2992 19.021526
2993 18.718256
2994 19.591166
2995 18.495390
2996 18.500614
2997 19.347998
2998 23.970127
2999 21.581959
3000 20.512209
3001 22.491261
3002 24.498409
3003 23.054169
3004 23.203493
3005 22.456736
3006 23.410841
3007 22.886244
3008 22.189968
3009 20.304903
3010 19.343576
3011 23.677509
3012 25.239977
3013 22.021929
3014 20.911158
3015 23.395136
3016 23.198162
3017 20.869198
3018 18.426622
3019 20.377249
3020 17.816736
3021 19.231451
3022 18.160107
3023 17.679094
3024 16.835737
3025 19.552404
3026 20.935457
3027 20.097422
3028 20.048330
3029 20.178673
3030 18.378521
3031 20.843761
3032 18.769016
3033 20.516447
3034 19.722095
3035 18.432323
3036 20.297188
3037 21.568153
3038 21.793703
3039 22.719288
3040 21.862164
3041 22.199015
3042 21.246935
3043 23.593208
3044 24.799192
3045 23.055132
3046 19.279047
3047 21.753061
3048 20.920078
3049 22.599567
3050 23.060900
3051 21.344091
3052 24.126348
3053 22.278734
3054 21.049753
3055 18.987282
3056 20.815800
3057 18.985498
3058 20.472357
3059 20.715084
3060 19.758585
3061 20.000622
3062 23.046228
3063 22.893595
3064 21.843296
3065 23.695761
3066 23.167709
3067 22.884029
3068 22.012871
3069 22.597704
3070 25.324160
3071 24.300257
3072 21.984018
3073 21.065104
3074 22.488842
3075 23.274410
3076 21.391369
3077 22.827675
3078 22.199686
3079 20.580833
3080 23.416971
3081 24.673492
3082 25.344013
3083 23.978886
3084 20.986622
3085 19.255972
3086 18.024923
3087 18.673880
3088 16.180492
3089 15.224172
3090 17.323870
3091 15.911993
3092 17.071327
3093 17.348518
3094 15.951597
3095 18.576288
3096 19.032965
3097 16.582943
3098 16.105919
3099 18.569775
3100 16.155428
3101 18.088644
3102 18.786676
3103 20.765110
3104 19.887070
3105 21.356600
3106 20.749893
3107 21.155441
3108 20.303299
3109 20.702152
3110 19.279095
3111 19.889765
3112 17.986469
3113 16.206894
3114 19.654423
3115 20.719650
3116 18.981142
3117 21.785954
3118 20.108864
3119 21.479685
3120 22.238287
3121 22.791708
3122 22.170742
3123 21.713322
3124 22.927357
3125 22.154900
3126 20.448526
3127 20.775555
3128 21.152397
3129 21.299377
3130 18.908077
3131 19.468935
3132 18.593510
3133 21.084469
3134 22.123489
3135 25.678095
3136 24.608246
3137 22.024715
3138 20.428581
3139 21.478230
3140 22.661688
3141 23.013025
3142 22.408434
3143 20.421194
3144 19.826941
3145 20.541952
3146 20.557673
3147 17.372856
3148 17.008957
3149 19.525515
3150 17.108232
3151 16.799572
3152 18.151237
3153 14.407771
3154 19.415951
3155 18.016825
3156 17.785686
3157 19.766579
3158 24.098690
3159 22.101196
3160 24.167849
3161 17.958874
3162 20.597641
3163 20.626638
3164 22.497959
3165 22.076908
3166 22.673069
3167 19.230585
3168 20.912373
3169 17.908001
3170 19.253618
3171 17.359539
3172 18.417360
3173 17.400524
3174 20.330143
3175 17.289377
3176 18.193674
3177 19.437544
3178 21.319588
3179 17.669500
3180 20.311138
3181 21.542372
3182 19.807217
3183 20.601536
3184 20.393028
3185 17.981537
3186 14.194150
3187 14.645361
3188 13.866647
3189 14.619067
3190 12.996647
3191 14.381477
3192 16.942823
3193 15.323567
3194 17.562910
3195 17.378693
3196 19.017204
3197 22.100342
3198 20.190245
3199 18.469822
3200 20.757120
3201 21.161352
3202 21.460487
3203 19.636356
3204 18.262634
3205 20.132965
3206 21.176762
3207 21.360210
3208 20.502829
3209 18.768250
3210 20.631557
3211 20.158621
3212 19.232512
3213 18.050976
3214 20.812895
3215 19.282497
3216 23.444189
3217 22.821844
3218 19.133814
3219 20.945900
3220 21.264812
3221 20.971237
3222 18.273890
3223 19.926151
3224 22.531595
3225 21.957027
3226 20.566858
3227 22.373652
3228 23.529512
3229 23.643587
3230 22.561010
3231 24.640381
3232 18.960455
3233 19.074430
3234 19.428238
3235 19.341942
3236 19.119194
3237 20.159298
3238 16.957657
3239 17.454100
3240 15.035666
3241 15.638026
3242 18.058506
3243 17.418928
3244 15.241439
3245 14.368401
3246 18.494465
3247 13.687407
3248 12.985938
3249 17.090132
3250 17.959385
3251 18.403475
3252 15.500014
3253 15.159410
3254 17.795668
3255 19.005468
3256 17.150660
3257 18.791580
3258 16.040955
3259 18.354727
3260 17.794605
3261 19.624399
3262 19.600407
3263 20.075260
3264 15.739923
3265 18.880892
3266 17.694042
3267 19.449429
3268 17.993668
3269 17.664276
3270 16.521955
3271 18.724834
3272 18.769918
3273 17.462040
3274 17.184067
3275 16.941820
3276 16.724825
3277 15.533425
3278 16.529995
3279 17.354610
3280 19.990614
3281 19.402948
3282 19.601246
3283 20.488363
3284 18.704721
3285 19.267595
3286 18.400068
3287 19.012138
3288 18.938515
3289 17.152849
3290 17.290983
3291 17.882730
3292 18.618073
3293 15.779943
3294 16.259354
3295 17.305723
3296 18.156898
3297 17.323359
3298 17.235502
3299 15.797048
3300 16.906282
3301 16.218815
3302 15.628835
3303 14.557777
3304 18.459127
3305 17.681145
3306 20.058517
3307 17.954590
3308 18.238863
3309 18.225861
3310 16.715830
3311 16.607328
3312 16.716902
3313 20.876532
3314 19.320627
3315 19.999304
3316 19.550032
3317 17.482328
3318 14.886090
3319 16.345417
3320 16.068567
3321 17.321957
3322 17.168510
3323 17.409420
3324 19.171701
3325 17.332790
3326 18.006939
3327 17.722666
3328 14.184072
3329 13.249701
3330 18.457676
3331 16.911690
3332 17.502125
3333 17.193201
3334 17.148420
3335 15.507294
3336 17.813868
3337 16.852505
3338 14.484057
3339 15.666659
3340 15.538807
3341 14.520472
3342 16.483767
3343 18.611397
3344 17.170122
3345 16.084040
3346 19.242767
3347 17.537506
3348 18.766529
3349 19.191074
3350 19.131392
3351 19.153572
3352 19.031506
3353 19.349474
3354 19.260017
3355 17.597326
3356 18.299618
3357 16.540323
3358 14.428653
3359 15.168444
3360 16.005066
3361 16.893698
3362 14.258814
3363 14.039233
3364 13.625862
3365 14.579425
3366 12.780693
3367 13.436371
3368 12.361328
3369 15.926087
3370 19.173243
3371 20.797066
3372 19.320154
3373 17.171000
3374 19.114893
3375 19.996660
3376 18.001976
3377 20.586216
3378 16.282579
3379 16.015053
3380 16.282808
3381 18.026924
3382 18.495955
3383 17.835760
3384 17.457245
3385 14.963960
3386 15.604616
3387 19.222328
3388 19.356152
3389 18.352568
3390 19.007326
3391 21.855347
3392 20.315634
3393 18.507601
3394 17.984602
3395 19.640060
3396 17.397291
3397 18.118097
3398 17.310102
3399 17.858721
3400 18.691639
3401 20.412014
3402 20.723581
3403 20.161543
3404 18.412394
3405 18.280628
3406 16.842607
3407 18.342833
3408 16.941282
3409 20.442381
3410 20.395706
3411 18.349098
3412 22.168722
3413 19.214729
3414 22.012753
3415 23.696938
3416 22.572027
3417 22.712757
3418 23.165146
3419 22.783213
3420 19.767746
3421 17.107977
3422 22.094095
3423 21.705856
3424 22.050369
3425 23.813358
3426 23.228823
3427 17.870216
3428 18.069408
3429 20.965227
3430 20.230986
3431 17.887051
3432 19.484755
3433 22.079611
3434 21.535105
3435 19.187567
3436 19.636347
3437 19.900154
3438 21.202244
3439 20.897249
3440 20.424522
3441 20.254232
3442 21.959980
3443 21.223827
3444 23.612558
3445 21.998646
3446 22.623396
3447 24.903316
3448 25.302326
3449 22.191381
3450 22.312565
3451 25.636309
3452 21.146757
3453 23.282330
3454 22.503656
3455 23.753656
3456 24.909840
3457 26.778297
3458 25.984062
3459 23.050581
3460 26.639160
3461 25.614731
3462 25.068249
3463 25.446012
3464 27.601419
3465 27.452831
3466 27.800364
3467 26.075251
3468 25.241312
3469 22.784611
3470 24.116947
3471 22.149662
3472 25.699224
3473 26.035196
3474 24.254204
3475 27.312809
3476 26.678162
3477 24.207809
3478 25.194231
3479 22.307415
3480 25.212812
3481 23.784349
3482 24.054638
3483 25.163578
3484 21.420435
3485 23.046104
3486 21.798437
3487 23.377020
3488 23.532913
3489 21.692120
3490 24.687428
3491 24.447803
3492 25.561722
3493 25.996422
3494 25.051813
3495 25.718645
3496 27.002436
3497 27.486307
3498 27.969706
3499 28.428591
3500 28.700092
3501 25.948996
3502 25.391863
3503 26.514776
3504 26.835476
3505 26.115112
3506 26.786102
3507 26.280973
3508 26.051676
3509 27.578701
3510 28.894049
3511 27.509342
3512 27.710718
3513 26.063234
3514 26.819376
3515 26.684534
3516 25.621012
3517 24.633743
3518 26.343224
3519 25.697634
3520 24.136806
3521 25.313354
3522 23.075209
3523 27.780699
3524 26.569508
3525 26.316713
3526 25.370171
3527 28.483316
3528 25.940287
3529 27.200066
3530 26.198034
3531 23.765829
3532 24.612221
3533 23.909496
3534 22.779627
3535 21.413061
3536 23.061590
3537 22.889912
3538 23.941874
3539 25.607838
3540 24.124771
3541 21.981825
3542 22.980360
3543 21.999239
3544 26.524017
3545 26.668463
3546 23.613497
3547 23.877092
3548 24.516409
3549 18.735107
3550 19.917698
3551 19.513304
3552 20.779900
3553 21.195499
3554 23.662912
3555 22.524965
3556 22.769220
3557 23.063755
3558 25.676033
3559 24.555578
3560 17.615299
3561 17.859844
3562 17.836514
3563 17.024206
3564 18.537582
3565 19.085381
3566 19.789505
3567 18.951666
3568 17.368361
3569 18.002918
3570 21.736994
3571 19.351288
3572 20.495665
3573 20.072712
3574 22.229883
3575 20.246212
3576 21.390179
3577 22.115911
3578 21.871592
3579 20.725462
3580 22.165754
3581 18.876339
3582 21.813620
3583 22.510201
3584 21.674353
3585 19.836435
3586 19.897224
3587 19.399651
3588 20.114037
3589 20.300261
3590 21.877296
3591 22.304932
3592 19.345270
3593 21.229582
3594 18.783821
3595 21.538727
3596 21.368748
3597 21.007952
3598 21.495029
3599 21.517492
3600 20.977453
3601 19.868719
3602 20.890213
3603 21.208057
3604 19.693428
3605 22.096914
3606 23.681389
3607 20.105383
3608 23.811653
3609 22.696339
3610 21.308859
3611 22.670879
3612 24.100899
3613 22.038841
3614 22.595514
3615 23.763599
3616 23.022165
3617 23.253860
3618 21.833715
3619 23.127010
3620 22.409840
3621 20.435150
3622 20.824541
3623 25.693535
3624 25.270382
3625 25.123728
3626 24.357748
3627 25.649504
3628 24.483313
3629 24.030081
3630 22.180992
3631 25.034248
3632 22.171862
3633 21.788706
3634 22.639280
3635 22.292955
3636 24.814472
3637 22.673971
3638 22.763126
3639 22.662888
3640 25.896482
3641 23.206289
3642 23.441048
3643 21.909513
3644 23.124567
3645 21.963303
3646 22.477848
3647 22.367369
3648 24.559671
3649 23.869097
3650 24.346485
3651 24.315891
3652 26.364668
3653 26.014654
3654 22.243000
3655 24.337254
3656 22.206760
3657 21.520674
3658 24.294477
3659 20.711750
3660 18.292345
3661 19.561922
3662 22.399090
3663 20.096195
3664 19.745342
3665 16.750643
3666 17.967543
3667 18.448086
3668 16.346077
3669 19.474461
3670 16.842197
3671 21.695078
3672 21.700174
3673 20.657579
3674 19.142860
3675 19.279398
3676 20.070536
3677 19.263186
3678 21.196688
3679 21.325724
3680 20.343149
3681 23.465652
3682 22.197592
3683 22.799719
3684 24.790527
3685 23.229486
3686 22.309616
3687 25.184931
3688 24.191944
3689 24.986965
3690 24.145174
3691 23.328272
3692 24.134089
3693 23.987387
3694 25.940973
3695 23.929037
3696 23.210384
3697 27.693983
3698 26.724442
3699 27.515179
3700 24.913271
3701 25.672226
3702 27.270113
3703 23.713791
3704 24.392023
3705 23.346567
3706 25.137083
3707 23.205288
3708 23.082020
3709 24.161383
3710 22.376383
3711 24.100643
3712 22.005075
3713 21.925102
3714 23.380804
3715 24.776308
3716 28.547577
3717 24.913219
3718 25.731825
3719 25.408833
3720 26.061518
3721 25.167496
3722 24.707544
3723 25.145761
3724 23.161980
3725 24.565765
3726 25.744125
3727 26.586103
3728 23.558498
3729 18.808353
3730 23.158680
3731 25.604979
3732 24.266388
3733 24.806379
3734 25.828011
3735 22.475964
3736 22.957727
3737 22.728952
3738 22.158400
3739 21.812408
3740 20.880554
3741 18.941082
3742 22.352362
3743 19.063126
3744 20.410980
3745 20.057819
3746 20.251028
3747 21.587038
3748 20.460487
3749 23.709143
3750 23.160154
3751 19.728128
3752 23.160410
3753 24.927677
3754 24.795586
3755 24.550964
3756 24.766054
3757 22.617687
3758 22.108921
3759 23.015106
3760 21.071564
3761 21.888981
3762 22.297009
3763 24.141424
3764 18.555258
3765 21.608707
3766 19.402576
3767 17.496304
3768 18.567543
3769 21.997360
3770 20.830332
3771 20.985888
3772 20.262491
3773 21.555311
3774 24.157488
3775 20.348175
3776 21.195522
3777 22.214888
3778 19.416965
3779 21.303963
3780 22.648615
3781 23.779005
3782 24.397758
3783 24.081373
3784 25.772657
3785 24.454069
3786 25.490110
3787 25.578018
3788 24.564316
3789 23.565420
3790 23.029495
3791 22.130255
3792 20.860985
3793 23.708721
3794 20.193838
3795 23.788727
3796 21.927664
3797 24.167150
3798 24.288561
3799 25.555613
3800 22.138016
3801 20.810600
3802 16.509842
3803 21.946497
3804 23.688528
3805 24.440510
3806 24.837824
3807 22.215799
3808 24.548372
3809 23.646172
3810 24.743483
3811 23.549002
3812 24.861748
3813 23.684414
3814 22.973598
3815 24.308294
3816 23.091211
3817 21.216993
3818 24.884218
3819 23.505655
3820 22.612190
3821 24.797579
3822 24.145971
3823 22.955748
3824 22.077116
3825 23.080828
3826 24.399225
3827 23.517645
3828 24.361933
3829 22.786921
3830 22.714849
3831 22.785103
3832 22.229143
3833 22.115036
3834 21.460047
3835 21.843691
3836 19.875729
3837 21.021011
3838 20.874146
3839 21.369986
3840 21.693750
3841 20.333160
3842 21.094471
3843 21.486433
3844 20.233213
3845 20.128422
3846 18.725420
3847 24.327196
3848 21.148510
3849 19.634951
3850 19.905308
3851 21.949875
3852 21.348576
3853 21.232563
3854 22.282644
3855 23.296562
3856 22.634319
3857 19.924137
3858 24.591003
3859 23.677111
3860 25.902138
3861 22.917656
3862 24.339546
3863 19.949718
3864 21.121632
3865 21.509218
3866 22.052422
3867 22.200439
3868 21.851923
3869 21.764814
3870 22.704405
3871 21.777882
3872 19.509190
3873 19.299282
3874 18.884394
3875 21.447950
3876 21.187384
3877 21.019800
3878 22.288752
3879 21.194510
3880 18.146452
3881 19.084469
3882 19.291351
3883 22.172297
3884 20.684374
3885 20.224941
3886 19.990046
3887 20.411005
3888 21.480709
3889 18.872364
3890 22.111111
3891 23.157814
3892 21.655916
3893 23.804680
3894 24.140793
3895 24.597536
3896 22.715273
3897 24.541565
3898 21.939512
3899 22.126621
3900 23.085754
3901 22.823471
3902 22.288952
3903 23.000477
3904 23.206657
3905 22.711380
3906 24.376266
3907 24.369480
3908 22.314325
3909 22.175152
3910 24.058050
3911 23.828297
3912 24.132122
3913 23.383425
3914 21.904459
3915 25.214453
3916 22.572668
3917 21.399567
3918 17.587700
3919 22.099380
3920 22.127234
3921 23.024250
3922 20.568369
3923 23.317415
3924 27.155622
3925 25.751396
3926 25.325621
3927 23.824478
3928 26.344826
3929 24.885149
3930 23.566004
3931 26.137682
3932 24.814512
3933 25.529186
3934 23.760120
3935 24.288572
3936 22.906731
3937 22.609304
3938 24.729366
3939 23.378225
3940 24.782427
3941 24.564213
3942 25.927084
3943 24.868685
3944 21.904560
3945 23.386665
3946 23.535040
3947 22.993273
3948 24.441319
3949 23.877584
3950 23.870361
3951 21.563723
3952 22.735027
3953 23.311480
3954 21.644554
3955 21.938951
3956 24.118176
3957 23.955505
3958 24.018538
3959 23.129587
3960 20.839548
3961 24.051584
3962 21.688456
3963 21.775063
3964 21.334871
3965 22.158381
3966 24.573427
3967 22.416433
3968 22.845774
3969 22.720974
3970 23.508080
3971 22.919756
3972 19.501070
3973 21.194527
3974 19.189062
3975 20.290781
3976 22.012127
3977 21.547495
3978 23.124872
3979 20.927071
3980 20.347210
3981 22.664040
3982 20.487892
3983 21.413368
3984 20.533876
3985 21.770805
3986 22.066971
3987 23.331341
3988 23.285271
3989 24.043005
3990 22.856960
3991 22.470030
3992 21.621542
3993 21.471985
3994 22.568224
3995 22.351082
3996 18.534346
3997 22.429985
3998 21.590790
3999 21.543612
4000 21.290533
4001 22.681923
4002 24.010445
4003 24.265814
4004 23.742746
4005 25.043087
4006 26.484369
4007 25.719229
4008 24.530813
4009 25.710358
4010 22.437527
4011 20.456545
4012 21.573341
4013 23.282969
4014 23.435902
4015 24.173033
4016 22.124903
4017 22.379501
4018 23.225508
4019 21.785837
4020 21.228769
4021 22.453394
4022 23.164383
4023 23.846823
4024 21.885601
4025 22.223463
4026 24.688463
4027 21.243984
4028 22.770863
4029 22.846823
4030 21.619373
4031 22.274736
4032 22.740374
4033 23.766153
4034 21.994339
4035 24.327881
4036 25.574377
4037 26.239174
4038 24.340693
4039 23.680521
4040 18.597853
4041 20.778585
4042 23.292500
4043 22.376757
4044 18.362719
4045 22.801188
4046 19.649460
4047 22.397713
4048 22.115646
4049 21.290030
4050 21.472202
4051 22.033609
4052 24.170998
4053 23.356924
4054 25.860209
4055 21.190458
4056 20.291662
4057 24.287325
4058 22.944523
4059 24.578804
4060 24.792034
4061 25.045794
4062 28.053530
4063 26.263409
4064 25.507496
4065 25.417713
4066 24.789907
4067 23.923891
4068 23.607294
4069 26.075439
4070 25.839081
4071 22.134211
4072 22.705196
4073 24.588652
4074 22.729551
4075 24.094204
4076 24.850428
4077 24.914389
4078 24.267004
4079 25.615776
4080 22.517626
4081 26.688490
4082 23.567997
4083 24.463079
4084 23.513906
4085 22.801823
4086 23.828297
4087 22.964491
4088 23.088284
4089 22.479315
4090 23.034756
4091 23.779034
4092 22.858051
4093 24.249392
4094 25.461996
4095 26.080231
4096 23.732147
4097 24.048767
4098 23.974472
4099 24.776712
4100 21.574715
4101 21.291559
4102 20.917009
4103 19.856508
4104 21.165733
4105 19.113937
4106 19.327463
4107 18.397463
4108 22.451977
4109 21.667217
4110 18.349123
4111 24.930666
4112 23.110916
4113 22.980379
4114 23.749407
4115 20.236284
4116 18.507027
4117 18.246956
4118 19.052183
4119 22.478632
4120 22.060183
4121 20.750731
4122 23.646978
4123 21.417166
4124 23.581354
4125 23.583570
4126 23.485876
4127 22.614191
4128 24.911371
4129 22.687401
4130 25.329580
4131 25.331547
4132 25.263378
4133 23.549782
4134 20.950130
4135 25.776527
4136 23.202719
4137 22.766413
4138 23.846514
4139 23.562498
4140 22.205050
4141 22.813461
4142 23.294510
4143 26.143238
4144 26.191938
4145 25.302711
4146 26.602076
4147 26.045015
4148 25.790916
4149 23.333710
4150 23.140692
4151 25.086956
4152 24.089197
4153 24.370846
4154 23.630131
4155 21.132227
4156 18.921913
4157 19.818386
4158 19.038462
4159 19.417095
4160 19.052490
4161 18.262671
4162 22.574612
4163 22.939842
4164 24.750614
4165 24.468826
4166 22.598665
4167 21.303617
4168 21.484127
4169 22.815092
4170 23.190149
4171 25.398285
4172 23.164965
4173 23.578566
4174 22.747314
4175 23.624544
4176 23.901331
4177 24.042801
4178 25.023981
4179 23.538170
4180 24.944410
4181 25.206665
4182 24.442528
4183 23.281334
4184 20.485069
4185 20.796608
4186 23.287827
4187 22.992649
4188 27.557278
4189 24.988033
4190 24.727747
4191 24.563692
4192 22.796934
4193 23.440914
4194 24.037874
4195 25.443037
4196 26.340755
4197 23.421343
4198 23.869137
4199 22.524611
4200 23.493967
4201 21.993673
4202 25.419600
4203 23.491089
4204 24.998884
4205 24.433146
4206 25.035185
4207 23.670065
4208 23.501762
4209 23.421497
4210 23.960773
4211 23.920433
4212 22.608988
4213 23.262388
4214 24.432446
4215 25.006439
4216 25.051357
4217 25.128950
4218 24.084572
4219 21.157568
4220 20.889444
4221 19.661354
4222 21.682575
4223 25.440456
4224 24.017382
4225 25.138365
4226 24.285337
4227 26.157932
4228 23.194036
4229 22.658190
4230 24.619900
4231 23.581013
4232 21.528074
4233 23.339478
4234 23.564566
4235 23.797255
4236 23.992861
4237 23.184532
4238 24.211613
4239 25.145287
4240 24.774633
4241 27.215555
4242 23.651085
4243 24.873436
4244 25.373699
4245 26.451563
4246 25.666323
4247 24.548538
4248 24.374535
4249 22.415157
4250 22.880180
4251 23.135702
4252 22.280602
4253 22.624683
4254 24.323238
4255 26.519054
4256 25.600117
4257 26.434122
4258 19.964125
4259 20.119387
4260 23.912313
4261 27.072227
4262 24.743790
4263 26.263643
4264 24.808029
4265 27.642023
4266 25.088604
4267 22.153671
4268 20.477509
4269 23.483736
4270 22.721069
4271 24.640896
4272 21.513973
4273 22.891850
4274 24.881397
4275 23.566616
4276 25.441931
4277 24.130209
4278 23.735180
4279 24.992834
4280 22.983921
4281 23.000944
4282 23.017998
4283 24.092241
4284 23.694084
4285 24.542082
4286 24.805838
4287 25.034433
4288 23.572960
4289 21.186686
4290 23.633629
4291 23.259285
4292 21.490559
4293 15.214602
4294 19.683092
4295 18.490543
4296 21.364695
4297 21.859024
4298 23.294184
4299 20.572338
4300 20.119024
4301 16.482687
4302 15.869171
4303 20.235077
4304 22.624990
4305 23.960752
4306 26.093647
4307 22.847984
4308 25.882437
4309 27.537165
4310 26.986685
4311 28.946754
4312 25.993406
4313 24.527119
4314 25.850142
4315 24.204771
4316 22.981655
4317 23.531658
4318 25.062849
4319 25.228306
4320 25.386738
4321 25.458994
4322 26.319889
4323 25.267342
4324 26.222673
4325 25.392183
4326 24.215094
4327 23.662010
4328 23.922991
4329 25.009350
4330 24.820990
4331 23.612288
4332 21.857059
4333 20.915123
4334 22.365784
4335 24.812296
4336 22.507399
4337 23.242655
4338 24.746323
4339 23.733852
4340 24.342175
4341 23.706263
4342 26.440500
4343 24.393738
4344 25.820814
4345 25.501894
4346 25.080196
4347 24.661631
4348 27.596399
4349 25.740192
4350 27.754862
4351 26.727255
4352 24.945879
4353 24.717043
4354 25.375166
4355 24.914894
4356 26.529127
4357 27.926163
4358 26.072140
4359 26.064119
4360 24.981228
4361 26.443680
4362 25.126366
4363 25.804150
4364 26.471649
4365 23.853136
4366 22.002777
4367 25.845848
4368 27.067713
4369 24.619291
4370 27.131628
4371 27.550402
4372 20.063314
4373 22.373343
4374 20.767038
4375 22.191309
4376 21.074682
4377 20.891434
4378 23.065208
4379 25.159492
4380 25.927734
4381 24.943668
4382 23.904469
4383 25.625570
4384 25.098742
4385 24.969013
4386 25.606609
4387 25.933844
4388 24.009584
4389 24.378838
4390 24.374859
4391 21.951008
4392 24.727407
4393 23.608704
4394 19.066418
4395 21.488558
4396 19.728453
4397 21.551552
4398 20.666208
4399 20.719570
4400 21.388931
4401 20.885769
4402 23.414021
4403 24.468412
4404 23.929790
4405 23.168644
4406 24.262598
4407 20.152451
4408 22.395807
4409 22.822138
4410 23.214006
4411 21.962574
4412 22.619349
4413 21.865866
4414 21.053734
4415 22.687641
4416 21.250757
4417 22.745871
4418 21.001709
4419 23.195211
4420 22.768261
4421 21.271986
4422 21.215868
4423 23.720182
4424 22.293941
4425 25.179615
4426 22.951488
4427 22.139303
4428 23.242844
4429 20.848549
4430 18.467279
4431 18.782370
4432 22.949219
4433 21.702009
4434 19.578550
4435 21.201139
4436 21.220306
4437 21.142012
4438 20.806534
4439 24.238550
4440 24.212286
4441 22.852062
4442 22.033684
4443 24.324171
4444 22.968935
4445 23.966408
4446 23.983892
4447 24.396667
4448 22.667833
4449 23.472807
4450 23.499184
4451 23.170658
4452 22.781363
4453 23.911100
4454 23.570457
4455 24.759243
4456 23.429937
4457 19.644098
4458 21.403595
4459 21.619131
4460 20.123264
4461 17.834261
4462 21.259039
4463 22.466694
4464 20.766068
4465 23.386101
4466 22.921837
4467 21.408693
4468 21.774126
4469 22.173613
4470 18.970825
4471 17.308567
4472 18.697479
4473 19.609505
4474 20.091715
4475 20.704891
4476 22.512901
4477 20.677151
4478 19.394770
4479 17.850941
4480 16.124210
4481 19.693663
4482 21.892530
4483 19.314627
4484 21.900379
4485 24.107500
4486 23.217232
4487 22.328224
4488 20.435328
4489 21.375299
4490 21.132179
4491 23.309925
4492 24.054079
4493 19.694134
4494 22.216808
4495 23.450144
4496 23.094381
4497 21.223845
4498 23.173658
4499 19.345045
4500 20.478745
4501 24.225929
4502 21.843723
4503 23.295876
4504 19.211395
4505 20.110031
4506 21.909786
4507 23.044493
4508 22.313694
4509 23.421722
4510 23.747942
4511 22.949692
4512 23.764479
4513 22.808065
4514 24.611206
4515 21.178581
4516 21.534143
4517 20.364557
4518 20.712128
4519 21.535282
4520 23.306934
4521 22.046156
4522 23.179562
4523 21.262012
4524 20.117123
4525 19.702471
4526 20.435072
4527 20.878923
4528 19.802017
4529 21.586132
4530 19.909433
4531 19.137720
4532 20.287708
4533 19.896175
4534 21.664942
4535 22.552382
4536 21.910707
4537 20.042042
4538 21.497492
4539 23.349575
4540 22.217421
4541 20.996027
4542 22.990746
4543 23.682711
4544 21.866354
4545 24.673538
4546 24.125301
4547 25.547297
4548 24.480545
4549 26.704245
4550 24.944872
4551 23.780758
4552 22.417879
4553 23.577667
4554 22.895454
4555 23.626560
4556 25.769859
4557 24.165937
4558 25.100729
4559 22.945398
4560 23.983936
4561 22.573412
4562 22.624397
4563 25.946386
4564 24.608017
4565 25.357862
4566 22.683762
4567 18.066532
4568 16.903345
4569 21.923674
4570 20.865608
4571 20.945953
4572 22.646046
4573 18.299480
4574 19.043127
4575 19.262325
4576 23.005251
4577 21.725866
4578 19.714022
4579 18.515015
4580 21.269316
4581 21.980068
4582 19.036003
4583 19.545193
4584 21.311073
4585 19.792164
4586 19.101274
4587 20.068106
4588 18.174770
4589 20.812008
4590 18.938347
4591 17.347309
4592 18.956474
4593 19.237053
4594 18.365215
4595 19.134302
4596 16.900303
4597 19.383209
4598 18.701349
4599 22.857914
4600 24.734438
4601 19.904629
4602 23.108192
4603 20.790777
4604 21.988752
4605 21.879580
4606 22.482584
4607 22.823586
4608 24.337025
4609 24.173561
4610 26.805323
4611 25.458162
4612 25.816433
4613 26.222475
4614 23.923756
4615 26.518702
4616 26.826401
4617 25.168346
4618 25.204920
4619 26.644205
4620 27.159288
4621 22.453049
4622 21.868320
4623 21.374825
4624 22.479446
4625 24.179993
4626 23.927416
4627 25.914043
4628 26.411434
4629 25.475399
4630 21.791908
4631 23.386131
4632 20.829781
4633 22.517550
4634 23.792727
4635 22.031872
4636 25.541700
4637 24.527496
4638 23.630901
4639 21.959032
4640 21.513878
4641 23.976007
4642 25.079540
4643 23.271749
4644 23.348747
4645 24.260740
4646 23.196377
4647 26.236050
4648 26.135620
4649 24.874081
4650 27.003822
4651 27.253775
4652 25.415449
4653 27.615393
4654 27.248924
4655 27.660557
4656 26.457687
4657 28.150087
4658 27.431620
4659 27.615875
4660 25.518883
4661 23.454958
4662 26.414007
4663 26.202768
4664 26.857464
4665 26.932074
4666 25.333105
4667 25.718805
4668 23.668083
4669 23.457201
4670 21.377520
4671 22.420891
4672 24.469324
4673 22.581890
4674 23.628742
4675 22.772385
4676 18.804323
4677 24.007757
4678 21.432121
4679 21.155310
4680 23.487925
4681 23.300484
4682 23.466795
4683 22.035473
4684 20.770576
4685 21.257322
4686 23.122389
4687 22.998901
4688 23.139105
4689 23.402084
4690 24.020035
4691 23.979929
4692 26.157291
4693 27.092911
4694 26.667639
4695 27.358801
4696 28.227060
4697 25.784218
4698 26.767866
4699 27.182837
4700 25.378719
4701 26.293634
4702 24.547045
4703 25.108749
4704 22.949842
4705 26.689939
4706 24.813616
4707 25.483707
4708 24.345209
4709 25.762817
4710 23.063574
4711 25.874439
4712 24.744434
4713 25.215452
4714 25.066179
4715 24.874598
4716 25.169527
4717 25.953337
4718 23.947233
4719 26.356529
4720 26.540442
4721 24.901970
4722 26.840942
4723 24.408976
4724 24.749937
4725 22.607655
4726 23.245928
4727 25.053875
4728 23.286552
4729 23.516527
4730 24.467934
4731 22.024738
4732 23.697123
4733 22.408096
4734 21.388815
4735 26.606277
4736 23.873131
4737 24.551512
4738 23.626389
4739 22.607944
4740 24.467735
4741 26.154343
4742 27.027689
4743 27.535789
4744 25.900959
4745 25.977566
4746 25.467018
4747 22.843174
4748 24.757387
4749 26.547306
4750 26.309546
4751 27.130835
4752 27.558163
4753 27.769121
4754 27.394493
4755 29.356741
4756 28.306051
4757 28.877068
4758 27.865322
4759 28.446920
4760 28.005676
4761 27.190590
4762 25.346409
4763 26.808870
4764 24.707300
4765 26.876055
4766 26.856094
4767 25.651186
4768 28.118128
4769 26.562422
4770 26.304996
4771 28.446890
4772 25.850452
4773 27.765930
4774 27.288122
4775 27.470907
4776 27.933962
4777 27.672382
4778 27.902197
4779 29.390295
4780 28.726126
4781 29.229712
4782 27.841892
4783 28.170815
4784 28.580473
4785 26.870653
4786 28.509079
4787 28.821270
4788 28.121197
4789 28.293684
4790 27.073950
4791 25.934912
4792 29.963114
4793 27.534727
4794 25.656616
4795 24.941614
4796 24.243383
4797 24.602579
4798 24.984100
4799 23.769890
4800 24.400055
4801 23.652493
4802 23.155523
4803 26.344957
4804 25.140635
4805 23.664778
4806 22.920258
4807 20.677355
4808 22.615585
4809 21.456203
4810 22.737743
4811 22.723017
4812 24.138584
4813 24.865042
4814 24.303722
4815 24.162048
4816 23.498224
4817 23.908152
4818 24.965326
4819 26.182594
4820 23.959461
4821 22.481794
4822 21.951185
4823 22.702789
4824 23.732386
4825 22.234619
4826 21.758377
4827 23.782614
4828 23.312183
4829 22.339050
4830 23.063307
4831 24.959551
4832 23.991867
4833 25.279715
4834 24.348331
4835 26.129475
4836 26.355478
4837 26.131767
4838 26.220201
4839 26.063726
4840 26.638338
4841 26.661140
4842 22.442438
4843 22.892853
4844 22.275455
4845 23.920174
4846 23.888594
4847 21.848705
4848 23.481409
4849 24.196920
4850 22.728373
4851 23.650410
4852 22.687672
4853 23.239140
4854 23.945185
4855 26.448252
4856 25.824614
4857 26.807390
4858 27.752327
4859 26.591635
4860 27.208326
4861 27.891493
4862 25.942804
4863 26.381920
4864 28.580563
4865 26.709206
4866 25.923042
4867 24.354984
4868 24.021368
4869 26.838802
4870 27.131512
4871 26.443958
4872 25.898348
4873 24.680338
4874 25.931032
4875 25.700727
4876 23.020739
4877 25.294636
4878 25.344189
4879 24.601507
4880 24.211271
4881 24.961067
4882 24.161953
4883 24.649422
4884 24.305231
4885 25.942986
4886 24.382978
4887 25.373903
4888 24.759258
4889 26.647280
4890 25.612213
4891 26.875835
4892 24.454912
4893 24.850107
4894 25.123676
4895 25.650005
4896 23.280506
4897 24.259420
4898 24.205471
4899 25.688629
4900 26.942698
4901 26.663668
4902 27.330275
4903 26.724033
4904 25.992130
4905 26.466349
4906 24.419230
4907 25.118340
4908 22.997648
4909 25.875095
4910 26.458136
4911 24.150183
4912 22.988415
4913 23.043402
4914 24.101887
4915 23.427805
4916 24.993481
4917 24.143187
4918 25.739525
4919 26.753614
4920 25.334349
4921 25.520304
4922 25.821909
4923 23.973059
4924 24.755417
4925 26.025768
4926 26.530863
4927 26.468048
4928 23.888672
4929 23.425781
4930 23.881824
4931 23.016312
4932 22.225096
4933 23.362875
4934 22.908518
4935 23.880165
4936 23.437963
4937 23.295910
4938 24.922037
4939 24.064369
4940 25.916674
4941 25.002769
4942 23.324099
4943 22.127611
4944 19.542538
4945 22.493958
4946 22.481445
4947 25.668398
4948 21.164160
4949 23.150032
4950 25.365154
4951 25.350662
4952 26.021509
4953 25.246140
4954 25.303686
4955 26.335548
4956 26.529209
4957 26.288216
4958 25.254730
4959 25.620869
4960 24.276892
4961 28.567045
4962 27.783207
4963 28.244444
4964 27.509377
4965 25.248440
4966 24.733490
4967 25.827353
4968 26.546196
4969 26.227409
4970 26.750654
4971 26.528120
4972 27.823462
4973 24.433603
4974 27.016809
4975 26.507793
4976 27.426609
4977 27.203424
4978 26.536915
4979 26.808168
4980 25.635839
4981 25.471388
4982 25.483118
4983 26.102657
4984 27.028492
4985 26.219265
4986 27.031919
4987 27.386829
4988 24.431870
4989 22.402750
4990 24.665333
4991 24.558167
4992 24.063757
4993 22.559935
4994 28.658710
4995 27.067781
4996 26.265917
4997 23.249058
4998 24.874189
4999 23.729752
5000 22.044031
5001 17.369095
