0 5.927001
1 7.048485
2 7.225433
3 7.669116
4 8.410288
5 8.171131
6 7.818088
7 7.198440
8 7.496733
9 7.579925
10 8.016813
11 5.245514
12 6.660589
13 7.768407
14 6.501509
15 7.698086
16 7.969954
17 7.779911
18 7.880232
19 8.191775
20 7.131622
21 8.077088
22 8.535167
23 7.877164
24 6.755211
25 8.439463
26 6.998092
27 7.603106
28 6.989099
29 6.584453
30 6.229968
31 6.586154
32 7.225276
33 7.225809
34 7.182350
35 7.728321
36 7.267251
37 7.435484
38 7.351496
39 6.583518
40 7.384614
41 7.816708
42 6.100778
43 7.704114
44 3.659684
45 3.547097
46 3.678750
47 3.275760
48 3.574212
49 3.672140
50 3.934562
51 3.818179
52 3.428315
53 3.710285
54 3.605259
55 3.434574
56 3.597848
57 3.657050
58 3.684156
59 3.729891
60 3.635178
61 3.487073
62 3.637172
63 3.897746
64 3.700783
65 3.598042
66 3.707331
67 3.380248
68 3.798569
69 3.444327
70 3.619654
71 3.582474
72 3.773869
73 3.426776
74 3.711835
75 3.738261
76 3.617223
77 3.522523
78 3.837564
79 3.872596
80 3.911035
81 3.626196
82 3.447289
83 3.650002
84 3.734995
85 3.910128
86 3.870193
87 3.725992
88 3.656967
89 6.307240
90 5.674020
91 5.535660
92 6.108600
93 5.857863
94 5.948186
95 5.355505
96 3.512422
97 3.813493
98 3.671211
99 3.765383
100 4.035269
101 3.853571
102 3.495569
103 3.505724
104 3.613228
105 3.485899
106 3.593244
107 3.761926
108 3.928502
109 3.782976
110 3.575181
111 3.380080
112 6.161065
113 3.745956
114 3.890433
115 3.731122
116 4.156438
117 3.678304
118 3.490503
119 3.757939
120 3.697760
121 3.860219
122 3.964658
123 3.780900
124 3.958361
125 3.744662
126 3.615204
127 3.818769
128 3.633770
129 3.757101
130 3.847465
131 3.470233
132 3.409547
133 3.694386
134 3.714513
135 3.552100
136 3.836067
137 3.727009
138 3.667727
139 3.849804
140 3.647832
141 3.821793
142 3.953052
143 4.013192
144 5.528066
145 3.866652
146 3.428002
147 3.726471
148 3.835279
149 3.833717
150 3.886258
151 3.832849
152 3.721837
153 3.773300
154 3.840596
155 3.767471
156 3.563791
157 3.853905
158 3.142230
159 4.067111
160 3.709086
161 3.795395
162 4.069508
163 3.600862
164 3.908210
165 3.849466
166 3.379137
167 3.683010
168 3.890619
169 4.144566
170 3.635190
171 3.746746
172 3.775129
173 3.921041
174 3.773558
175 3.888045
176 3.577176
177 3.839555
178 3.812467
179 3.903691
180 3.551368
181 4.005819
182 3.702512
183 3.672900
184 3.725965
185 3.849947
186 3.807046
187 3.849806
188 3.849895
189 3.803758
190 3.774204
191 4.082330
192 3.871254
193 3.873772
194 3.736629
195 3.948535
196 3.684738
197 3.700064
198 3.843855
199 3.785880
200 3.379795
201 3.742915
202 3.892083
203 3.551923
204 3.767702
205 3.826761
206 3.981788
207 3.582415
208 3.740986
209 4.013008
210 3.791630
211 3.704485
212 5.623693
213 5.588319
214 5.226098
215 6.009769
216 5.855295
217 5.684269
218 5.035998
219 5.797266
220 5.802596
221 5.898900
222 3.933206
223 3.827901
224 5.842856
225 5.803292
226 5.396989
227 3.911867
228 3.757632
229 3.776890
230 3.855868
231 3.733911
232 3.659769
233 3.871473
234 3.781141
235 3.749789
236 3.542230
237 3.897794
238 3.786094
239 3.595809
240 3.635283
241 3.811599
242 3.333856
243 3.975388
244 3.769696
245 3.817671
246 3.813737
247 3.639354
248 3.770320
249 3.749787
250 3.821373
251 3.914809
252 3.838622
253 3.900525
254 3.844765
255 3.967189
256 3.973474
257 3.615996
258 3.729480
259 3.498687
260 3.810643
261 3.772675
262 4.006492
263 3.827716
264 3.680674
265 3.756190
266 5.543474
267 5.822183
268 6.628849
269 6.590402
270 5.704954
271 6.183697
272 3.606353
273 3.738156
274 3.607066
275 3.584589
276 3.758341
277 3.620031
278 3.740352
279 3.941878
280 3.700537
281 3.767547
282 3.798036
283 3.511708
284 4.071338
285 6.669858
286 6.909305
287 6.681264
288 3.809054
289 3.667002
290 3.679863
291 3.886208
292 3.782513
293 4.010410
294 3.433861
295 3.711468
296 3.689179
297 3.678873
298 3.447638
299 3.824318
300 3.778213
301 3.697215
302 3.561656
303 3.483989
304 3.791648
305 3.764707
306 3.711686
307 3.701713
308 4.159939
309 3.673277
310 3.703956
311 3.832954
312 3.679527
313 3.591461
314 3.690064
315 3.632163
316 3.618318
317 3.675027
318 3.807900
319 3.698906
320 3.655307
321 3.725611
322 3.577383
323 3.737918
324 3.905504
325 3.745425
326 3.922591
327 3.802672
328 4.040963
329 3.598638
330 3.643969
331 3.675894
332 3.531206
333 3.937880
334 3.563664
335 3.625934
336 3.270630
337 3.811285
338 3.529716
339 3.659616
340 3.774405
341 3.680354
342 3.774167
343 3.718575
344 3.894372
345 3.763909
346 3.874867
347 5.079867
348 4.001247
349 3.853145
350 3.849206
351 3.167429
352 3.540803
353 3.706452
354 3.393774
355 3.728353
356 3.874174
357 3.687086
358 3.592685
359 3.579117
360 3.808700
361 3.841469
362 3.413885
363 3.776533
364 5.436129
365 3.360725
366 3.674734
367 3.645290
368 3.727113
369 3.731286
370 3.763039
371 3.743847
372 3.667342
373 3.809209
374 3.700665
375 3.815837
376 3.813410
377 3.498986
378 3.660399
379 3.804550
380 6.660939
381 5.994915
382 4.709629
383 6.129836
384 6.708579
385 4.035155
386 3.805747
387 5.936446
388 5.948022
389 4.901297
390 6.207431
391 5.691979
392 4.278188
393 3.632547
394 3.977208
395 3.946263
396 3.429376
397 3.843045
398 3.782304
399 3.732801
400 3.724354
401 3.886604
402 3.745687
403 3.705416
404 3.858575
405 3.931373
406 3.875836
407 3.651125
408 3.450595
409 3.459287
410 3.864516
411 3.554111
412 3.817969
413 3.814735
414 3.710609
415 3.548382
416 3.715737
417 3.515509
418 4.150541
419 3.363364
420 3.953693
421 3.746931
422 3.706052
423 3.837784
424 3.889934
425 3.569943
426 3.714984
427 3.877011
428 3.714731
429 3.774204
430 3.778184
431 3.965930
432 3.783090
433 4.089012
434 4.011901
435 3.660891
436 3.909233
437 3.901753
438 3.656187
439 3.892428
440 4.122452
441 3.799712
442 3.888004
443 3.929528
444 3.893915
445 3.893188
446 3.744678
447 3.744184
448 3.794419
449 3.860397
450 3.931429
451 3.857096
452 3.805418
453 4.003645
454 3.963156
455 3.899087
456 3.852530
457 4.033321
458 3.839285
459 3.934132
460 3.614928
461 3.955369
462 3.934680
463 3.713950
464 3.692816
465 3.846690
466 3.761982
467 3.739653
468 3.962641
469 3.649085
470 3.823466
471 4.101618
472 3.873919
473 3.790766
474 3.900372
475 3.609808
476 3.664620
477 3.742313
478 3.236341
479 4.010063
480 3.956123
481 3.994695
482 3.562275
483 3.854373
484 3.748344
485 3.729411
486 3.631228
487 3.639410
488 3.971260
489 3.852547
490 3.885077
491 3.616545
492 3.806967
493 3.939911
494 3.675406
495 3.757245
496 3.869447
497 3.855242
498 3.953632
499 3.847886
500 3.863795
501 3.848661
502 3.793899
503 3.661272
504 4.002178
505 3.615550
506 3.689701
507 3.457894
508 3.626099
509 3.499573
510 4.133680
511 3.488654
512 3.952310
513 3.779696
514 3.768301
515 3.774134
516 3.831928
517 3.657062
518 3.636987
519 3.912565
520 3.512349
521 3.697785
522 3.633810
523 3.620178
524 3.427434
525 3.653560
526 3.815206
527 3.777539
528 3.821635
529 3.956007
530 3.758431
531 4.003373
532 3.688165
533 3.680409
534 3.489482
535 3.383635
536 3.797344
537 4.008420
538 3.797026
539 3.484248
540 3.746588
541 4.006892
542 3.616488
543 3.762097
544 3.763043
545 3.682566
546 3.577540
547 3.778427
548 3.771020
549 3.930978
550 3.589838
551 3.903893
552 3.840688
553 3.839805
554 3.842100
555 3.668267
556 3.873478
557 3.884482
558 3.775791
559 3.598138
560 3.709206
561 3.675825
562 3.581548
563 3.947431
564 3.851360
565 3.800233
566 3.150159
567 3.447273
568 3.667124
569 3.671485
570 3.422438
571 3.768755
572 3.907467
573 3.657334
574 3.957940
575 3.784625
576 4.027085
577 3.732354
578 3.733265
579 3.498700
580 3.738168
581 3.686760
582 3.584337
583 3.820012
584 3.990000
585 3.508361
586 3.483491
587 3.398607
588 3.557826
589 3.642347
590 3.270861
591 3.518704
592 3.816298
593 3.679210
594 3.702066
595 3.791427
596 3.841787
597 3.718985
598 3.538714
599 3.889381
600 3.647547
601 3.732744
602 3.507548
603 3.638394
604 3.399367
605 3.539613
606 3.300673
607 3.918287
608 3.560830
609 3.469383
610 3.522299
611 3.681166
612 3.967833
613 3.937385
614 3.663835
615 3.988279
616 3.640853
617 3.721101
618 3.787533
619 3.588121
620 3.329161
621 3.693353
622 3.739693
623 3.691587
624 3.805751
625 3.507080
626 3.784772
627 3.782407
628 3.450016
629 3.591782
630 3.637501
631 3.397130
632 3.976485
633 3.454861
634 6.486888
635 5.825162
636 5.138421
637 5.771730
638 5.969812
639 6.664572
640 5.647355
641 7.092345
642 6.494395
643 6.260620
644 6.213444
645 5.778628
646 5.959126
647 5.381082
648 5.534986
649 5.126257
650 5.670917
651 5.636612
652 5.583745
653 5.943778
654 4.771277
655 5.451003
656 5.367879
657 5.703133
658 5.436258
659 5.606253
660 5.471364
661 5.594943
662 8.625301
663 3.638273
664 3.702656
665 3.977864
666 3.699445
667 3.577569
668 3.869756
669 3.974040
670 3.825859
671 3.717338
672 3.763165
673 3.538378
674 5.784689
675 5.902959
676 5.667602
677 5.544342
678 5.888301
679 6.206457
680 5.845253
681 5.699281
682 5.792801
683 5.673112
684 6.306774
685 5.324721
686 5.331165
687 5.847777
688 4.967382
689 6.579308
690 5.388700
691 5.972565
692 5.735104
693 5.644199
694 5.508259
695 5.751570
696 5.635263
697 5.721763
698 5.164351
699 5.400008
700 6.052752
701 5.580056
702 5.647288
703 5.958336
704 5.691724
705 5.721483
706 5.871055
707 5.568663
708 5.380435
709 6.007302
710 5.595527
711 3.675609
712 5.918083
713 5.535756
714 3.259988
715 3.585538
716 3.842992
717 3.676983
718 3.729934
719 3.641054
720 3.682188
721 3.827351
722 3.873109
723 3.793618
724 3.710121
725 3.413812
726 3.813133
727 3.889398
728 3.533018
729 3.732064
730 5.307868
731 7.992435
732 7.923706
733 7.491951
734 8.509604
735 6.299149
736 5.646182
737 5.856069
738 5.901960
739 5.366208
740 5.770171
741 4.234310
742 5.064522
743 7.620485
744 7.859704
745 8.318385
746 5.436345
747 5.944746
748 8.960122
749 10.402041
750 9.907513
751 12.027731
752 11.385995
753 9.045983
754 9.288859
755 8.615873
756 11.266422
757 11.227798
758 11.438309
759 9.908158
760 8.562455
761 8.799059
762 8.645755
763 10.569629
764 10.825962
765 11.604249
766 10.713278
767 9.684100
768 10.764129
769 9.857266
770 10.850420
771 11.411249
772 11.187679
773 10.482328
774 9.933192
775 10.251253
776 10.088675
777 10.049283
778 10.576510
779 11.012540
780 10.483652
781 11.048266
782 9.580946
783 11.157188
784 11.048894
785 11.261673
786 8.961945
787 9.862115
788 10.852660
789 9.618974
790 11.243471
791 10.491783
792 10.292568
793 10.458238
794 10.948300
795 10.813089
796 10.513029
797 9.674305
798 9.250619
799 10.808840
800 10.994776
801 10.446703
802 10.234603
803 10.877535
804 9.387828
805 6.282880
806 6.815754
807 7.141709
808 6.619110
809 6.236270
810 6.653278
811 9.812325
812 10.114470
813 4.934052
814 5.223812
815 6.469914
816 8.962570
817 7.505888
818 7.473006
819 8.030901
820 8.372486
821 8.293386
822 8.040032
823 6.662460
824 8.520612
825 5.519684
826 5.687087
827 5.922136
828 4.906983
829 5.610639
830 7.007445
831 5.039111
832 4.787747
833 5.323691
834 6.314999
835 6.084389
836 6.147403
837 6.613621
838 9.765967
839 5.773543
840 5.893003
841 5.841074
842 5.658883
843 6.588131
844 5.596222
845 5.839300
846 3.711887
847 3.822643
848 3.671255
849 3.815098
850 3.937820
851 3.491144
852 3.819122
853 3.960217
854 3.717482
855 3.810879
856 3.874496
857 4.032765
858 3.788338
859 3.726675
860 3.873940
861 3.833923
862 3.673693
863 3.802182
864 3.720267
865 6.258739
866 5.691799
867 3.329955
868 3.404131
869 3.934422
870 3.594174
871 5.559958
872 5.548026
873 3.795653
874 3.621178
875 3.481464
876 5.068578
877 3.930302
878 3.664223
879 3.775553
880 3.520752
881 3.637649
882 3.627039
883 3.769946
884 3.920014
885 3.582698
886 5.654416
887 5.053187
888 5.649180
889 6.079038
890 5.495801
891 5.530550
892 5.036846
893 6.049417
894 3.512848
895 5.391196
896 5.274021
897 3.765078
898 3.724002
899 3.773873
900 3.794153
901 3.804184
902 3.659791
903 6.612460
904 3.669160
905 3.799030
906 3.512764
907 3.801607
908 3.657185
909 3.745250
910 3.624998
911 4.029542
912 3.865381
913 3.624281
914 3.653561
915 3.973573
916 3.745796
917 3.519246
918 3.800646
919 3.321839
920 3.704230
921 3.558285
922 3.615125
923 3.880593
924 4.883259
925 4.187580
926 3.829059
927 3.938608
928 3.839282
929 3.950809
930 3.896894
931 3.734955
932 3.771410
933 3.554070
934 3.751024
935 3.703741
936 3.885735
937 3.594749
938 3.673728
939 3.783978
940 3.631438
941 3.551860
942 3.113038
943 4.375843
944 3.448754
945 5.561881
946 7.160507
947 6.292500
948 4.435112
949 5.670079
950 3.778217
951 3.725384
952 3.653355
953 3.749029
954 3.512052
955 3.488068
956 3.701353
957 3.825517
958 3.874128
959 3.891892
960 3.947582
961 3.887171
962 3.898821
963 3.842111
964 3.981067
965 6.221265
966 3.736426
967 3.918891
968 3.829024
969 3.812163
970 6.597766
971 5.595809
972 5.810009
973 5.371311
974 5.977876
975 5.690144
976 5.947387
977 5.159936
978 5.866127
979 3.687125
980 3.755224
981 4.329350
982 3.729703
983 3.640190
984 3.511721
985 3.262596
986 3.539788
987 3.730336
988 4.154686
989 3.883234
990 3.788218
991 3.714956
992 3.496413
993 3.763838
994 3.656695
995 4.330194
996 5.465027
997 6.308175
998 7.668025
999 6.081846
1000 7.259007
1001 6.545599
1002 5.848964
1003 3.915246
1004 3.685927
1005 3.633368
1006 3.900129
1007 3.318524
1008 3.371662
1009 5.940617
1010 5.294944
1011 6.258452
1012 7.211854
1013 7.278594
1014 7.778205
1015 7.192278
1016 7.135722
1017 7.732669
1018 7.843686
1019 7.692641
1020 6.475963
1021 5.780563
1022 6.357882
1023 6.025191
1024 6.427239
1025 7.222000
1026 7.107725
1027 8.101179
1028 5.967150
1029 7.515481
1030 7.815044
1031 6.171729
1032 7.674169
1033 6.931443
1034 7.461155
1035 5.562812
1036 4.424625
1037 4.399782
1038 5.416475
1039 5.187187
1040 3.732161
1041 3.338653
1042 3.151766
1043 3.564056
1044 3.742208
1045 3.645780
1046 3.612663
1047 3.600226
1048 3.982572
1049 3.860258
1050 3.468561
1051 5.949316
1052 6.004540
1053 3.805576
1054 3.427903
1055 3.436756
1056 3.644297
1057 3.690311
1058 3.717968
1059 3.825938
1060 3.693039
1061 6.735845
1062 5.834585
1063 3.758003
1064 3.637048
1065 3.740838
1066 3.638103
1067 3.352940
1068 3.623394
1069 3.689038
1070 3.560141
1071 3.712493
1072 3.722389
1073 3.681491
1074 4.423087
1075 3.434180
1076 3.630150
1077 3.749744
1078 3.727280
1079 3.900383
1080 3.586823
1081 3.616051
1082 3.851089
1083 3.634173
1084 3.575387
1085 3.596732
1086 3.287521
1087 3.933353
1088 3.912095
1089 3.906587
1090 3.751919
1091 3.602027
1092 3.580978
1093 3.624192
1094 3.628027
1095 5.522725
1096 7.253007
1097 6.103786
1098 7.616618
1099 5.663847
1100 6.356901
1101 7.731718
1102 9.008033
1103 7.379614
1104 7.067256
1105 6.227756
1106 5.475410
1107 6.253515
1108 8.435024
1109 8.894553
1110 9.463908
1111 10.202969
1112 10.456676
1113 9.731332
1114 10.967532
1115 9.410152
1116 10.872705
1117 10.787481
1118 9.470780
1119 9.035109
1120 9.358411
1121 9.401983
1122 10.978177
1123 9.206898
1124 10.088911
1125 10.342098
1126 9.875967
1127 10.993028
1128 9.154122
1129 9.111908
1130 8.394203
1131 8.145602
1132 11.225714
1133 9.730786
1134 7.526178
1135 6.701261
1136 6.047883
1137 6.342872
1138 8.001354
1139 6.529958
1140 6.375849
1141 5.407937
1142 6.703768
1143 7.464278
1144 7.895030
1145 9.246121
1146 8.494938
1147 9.237107
1148 8.356636
1149 8.260348
1150 9.462528
1151 10.321527
1152 11.029370
1153 9.074670
1154 9.160423
1155 8.433941
1156 9.006800
1157 9.327703
1158 8.781455
1159 9.951772
1160 10.659760
1161 10.565115
1162 10.259075
1163 11.136915
1164 10.215547
1165 10.419405
1166 10.594540
1167 10.291196
1168 9.482832
1169 10.930194
1170 10.225749
1171 9.799357
1172 7.837207
1173 9.355719
1174 9.700159
1175 10.562776
1176 6.390033
1177 4.995943
1178 5.966861
1179 6.434384
1180 5.577793
1181 3.698396
1182 3.931488
1183 3.186863
1184 3.600361
1185 3.696568
1186 3.881545
1187 3.704970
1188 3.912672
1189 3.970126
1190 3.743181
1191 3.810367
1192 3.504110
1193 3.808318
1194 3.717906
1195 3.487975
1196 3.366154
1197 3.706209
1198 3.820132
1199 3.667707
1200 3.851687
1201 3.633595
1202 3.830477
1203 3.637442
1204 3.926339
1205 4.009266
1206 4.616889
1207 4.331026
1208 4.234015
1209 5.233243
1210 7.285884
1211 6.472402
1212 7.580277
1213 7.501042
1214 4.944908
1215 5.979865
1216 4.838070
1217 6.731503
1218 6.989378
1219 5.503117
1220 5.917303
1221 4.733181
1222 5.250023
1223 6.609700
1224 5.933809
1225 7.141772
1226 4.504539
1227 4.367367
1228 3.992855
1229 4.802925
1230 3.409314
1231 3.621630
1232 3.693630
1233 3.744194
1234 3.927541
1235 3.785406
1236 3.701703
1237 3.561825
1238 3.730175
1239 3.843179
1240 3.640509
1241 3.561487
1242 4.693881
1243 3.908928
1244 3.829371
1245 3.922295
1246 3.821980
1247 3.614373
1248 4.104650
1249 3.815418
1250 3.070067
1251 3.709946
1252 3.826483
1253 3.820135
1254 3.877178
1255 3.531232
1256 3.940361
1257 3.816881
1258 3.810888
1259 3.881303
1260 3.634785
1261 3.524515
1262 3.849282
1263 3.833758
1264 3.885430
1265 3.627796
1266 3.681453
1267 5.912546
1268 5.579405
1269 5.148909
1270 5.605927
1271 5.108316
1272 6.482448
1273 5.861972
1274 5.862294
1275 6.148578
1276 5.861313
1277 5.758524
1278 7.225365
1279 7.726304
1280 7.670243
1281 7.283059
1282 7.429518
1283 6.273427
1284 6.693977
1285 5.809794
1286 6.281290
1287 6.060535
1288 6.923044
1289 6.385084
1290 6.244845
1291 4.803467
1292 5.376762
1293 7.515881
1294 6.006070
1295 5.141470
1296 8.834717
1297 8.725751
1298 8.134532
1299 9.498942
1300 8.437367
1301 6.161701
1302 6.637671
1303 6.423225
1304 6.991937
1305 5.473776
1306 7.327372
1307 7.528320
1308 7.333609
1309 7.090030
1310 7.801303
1311 7.192720
1312 9.029289
1313 8.650223
1314 6.082968
1315 7.169402
1316 6.986273
1317 7.879380
1318 7.807301
1319 8.396058
1320 7.385619
1321 7.369236
1322 5.582434
1323 7.210866
1324 8.116982
1325 7.317412
1326 4.709072
1327 7.931769
1328 6.692952
1329 6.623736
1330 7.694123
1331 5.948364
1332 6.197794
1333 6.531717
1334 5.247180
1335 6.517037
1336 8.045532
1337 7.777064
1338 6.901733
1339 6.626321
1340 5.564979
1341 6.793183
1342 7.103168
1343 5.975658
1344 5.825499
1345 6.405456
1346 6.051816
1347 6.005639
1348 6.657491
1349 6.154819
1350 5.334050
1351 5.797706
1352 6.380511
1353 7.088136
1354 5.829751
1355 8.020082
1356 7.249295
1357 6.502564
1358 6.735138
1359 6.013164
1360 5.263066
1361 5.953581
1362 5.731995
1363 5.080572
1364 5.933980
1365 6.597332
1366 5.744962
1367 5.797397
1368 5.709195
1369 5.025634
1370 5.476290
1371 6.380829
1372 5.620068
1373 6.241482
1374 5.826808
1375 5.205593
1376 6.364567
1377 5.609688
1378 5.848202
1379 5.010106
1380 5.937482
1381 5.793135
1382 4.956660
1383 5.553883
1384 5.703000
1385 5.881115
1386 6.287037
1387 6.029446
1388 6.345599
1389 6.481389
1390 6.277812
1391 6.179111
1392 6.643921
1393 6.122370
1394 6.483924
1395 6.391428
1396 6.229777
1397 5.678816
1398 5.857244
1399 6.718281
1400 6.589289
1401 7.419987
1402 7.462017
1403 7.518785
1404 7.575282
1405 7.076452
1406 6.226420
1407 7.171462
1408 6.656702
1409 7.092857
1410 7.375415
1411 7.825875
1412 6.568326
1413 5.768888
1414 6.167222
1415 5.794963
1416 6.068743
1417 6.272644
1418 5.618620
1419 5.645677
1420 5.521325
1421 5.403709
1422 5.640746
1423 6.000215
1424 5.513864
1425 5.723723
1426 5.275451
1427 5.795144
1428 6.271942
1429 5.590358
1430 6.620164
1431 5.960418
1432 6.155876
1433 5.823916
1434 5.215602
1435 5.603484
1436 5.602021
1437 5.078516
1438 4.989414
1439 5.578996
1440 5.642035
1441 4.701607
1442 5.417793
1443 5.869466
1444 4.628196
1445 4.891922
1446 3.811742
1447 3.701687
1448 5.550294
1449 4.537907
1450 5.487898
1451 4.995458
1452 5.465259
1453 5.161651
1454 5.544885
1455 5.615925
1456 5.591314
1457 5.932906
1458 5.197279
1459 7.669356
1460 6.988604
1461 7.438787
1462 8.217663
1463 8.579405
1464 7.054536
1465 7.270171
1466 7.189511
1467 8.474697
1468 7.088987
1469 6.562200
1470 7.814564
1471 8.095748
1472 7.663508
1473 5.439648
1474 6.035470
1475 6.420827
1476 5.062272
1477 5.703273
1478 5.410889
1479 5.421568
1480 5.467661
1481 5.528705
1482 5.326107
1483 8.203061
1484 5.883817
1485 5.512480
1486 5.990685
1487 5.247763
1488 5.300145
1489 4.876443
1490 5.074751
1491 3.765699
1492 3.369002
1493 3.639189
1494 3.674203
1495 3.872122
1496 3.740762
1497 3.713247
1498 3.394701
1499 4.012629
1500 3.612932
1501 3.844086
1502 3.702121
1503 3.621576
1504 3.751884
1505 4.110345
1506 3.696839
1507 3.781017
1508 6.049886
1509 6.924428
1510 6.190836
1511 6.358710
1512 6.114704
1513 7.596438
1514 6.000975
1515 6.836117
1516 6.276533
1517 5.626532
1518 5.898147
1519 5.394042
1520 5.172316
1521 5.687531
1522 5.308360
1523 5.561552
1524 5.911187
1525 5.544812
1526 5.076387
1527 5.749487
1528 5.921867
1529 5.697675
1530 5.798230
1531 5.229436
1532 5.539263
1533 5.355443
1534 5.579803
1535 7.415832
1536 8.852140
1537 8.139101
1538 8.817669
1539 9.461256
1540 9.911636
1541 9.576763
1542 9.711340
1543 10.322957
1544 8.655277
1545 10.190281
1546 9.802493
1547 9.535146
1548 9.217361
1549 9.718131
1550 9.880332
1551 9.402883
1552 9.874458
1553 9.427482
1554 9.290158
1555 9.853333
1556 9.368705
1557 9.814322
1558 10.003068
1559 8.716548
1560 7.483755
1561 8.714505
1562 9.019870
1563 8.284108
1564 7.254313
1565 9.438287
1566 9.336987
1567 8.507800
1568 10.101336
1569 9.691513
1570 9.557398
1571 8.925434
1572 10.883882
1573 10.428013
1574 9.440708
1575 9.581419
1576 9.361163
1577 8.022842
1578 7.514983
1579 7.280891
1580 5.721583
1581 6.419042
1582 6.058237
1583 7.240135
1584 6.360826
1585 5.881614
1586 5.291437
1587 7.048223
1588 6.414429
1589 5.677773
1590 3.558676
1591 3.569175
1592 3.794812
1593 3.797945
1594 3.856044
1595 3.761133
1596 3.356276
1597 4.191156
1598 5.766088
1599 4.113014
1600 3.666770
1601 4.035118
1602 3.802982
1603 3.754865
1604 3.339982
1605 3.818001
1606 3.616599
1607 3.849821
1608 3.822889
1609 3.835026
1610 3.794971
1611 3.771183
1612 3.962850
1613 3.936041
1614 3.720229
1615 3.487278
1616 3.721964
1617 3.748561
1618 3.762391
1619 3.605563
1620 3.683215
1621 3.873359
1622 3.807188
1623 3.887663
1624 3.636963
1625 3.596195
1626 3.555981
1627 3.784517
1628 3.574985
1629 3.788622
1630 3.690104
1631 3.909953
1632 4.050800
1633 3.864415
1634 3.375052
1635 4.975399
1636 6.075935
1637 3.545055
1638 3.671691
1639 3.958663
1640 3.903987
1641 3.492347
1642 3.865155
1643 3.861515
1644 3.610233
1645 3.569267
1646 4.100890
1647 3.694387
1648 3.721855
1649 3.827233
1650 3.824148
1651 4.408457
1652 3.908062
1653 3.838230
1654 3.736379
1655 3.681591
1656 3.688306
1657 3.576268
1658 3.724378
1659 3.882080
1660 3.875290
1661 3.767478
1662 3.771763
1663 3.671744
1664 3.768239
1665 3.382911
1666 3.887351
1667 3.992094
1668 3.714942
1669 3.785154
1670 4.958449
1671 3.989007
1672 3.798425
1673 3.747188
1674 3.781666
1675 3.821897
1676 4.084407
1677 3.788361
1678 3.856956
1679 3.794288
1680 3.389323
1681 3.645638
1682 3.695591
1683 3.818709
1684 3.887727
1685 3.603415
1686 3.722338
1687 3.868580
1688 3.874918
1689 3.582024
1690 3.717700
1691 3.865156
1692 3.630028
1693 3.996124
1694 3.835077
1695 3.437497
1696 3.903289
1697 3.802432
1698 3.939254
1699 3.631868
1700 3.787361
1701 3.648052
1702 3.575440
1703 3.764211
1704 3.927444
1705 3.638528
1706 3.794857
1707 3.822787
1708 3.459189
1709 3.845113
1710 4.185760
1711 7.406736
1712 5.901773
1713 5.846792
1714 6.133346
1715 6.033453
1716 4.568775
1717 5.524541
1718 5.087510
1719 5.537407
1720 5.247645
1721 5.114354
1722 5.864766
1723 6.706666
1724 6.311704
1725 6.657336
1726 7.119223
1727 5.484599
1728 5.269900
1729 6.603681
1730 6.944539
1731 6.533708
1732 6.942568
1733 6.291629
1734 7.925278
1735 8.979851
1736 8.264981
1737 8.174728
1738 7.980446
1739 8.253055
1740 7.545259
1741 8.196744
1742 7.475433
1743 7.823947
1744 8.543564
1745 8.309442
1746 7.651527
1747 7.170183
1748 6.660736
1749 5.823936
1750 9.316446
1751 7.511228
1752 6.977608
1753 8.748330
1754 8.846217
1755 7.399712
1756 7.665208
1757 8.468740
1758 7.300398
1759 7.076928
1760 5.850857
1761 6.947037
1762 9.399069
1763 8.019432
1764 6.136403
1765 5.626864
1766 4.922341
1767 6.509905
1768 6.397923
1769 5.168065
1770 6.614999
1771 6.767285
1772 7.224166
1773 6.815348
1774 5.793497
1775 5.352414
1776 6.455456
1777 6.484168
1778 5.738971
1779 6.494991
1780 7.445465
1781 8.114199
1782 7.552968
1783 7.700708
1784 7.911318
1785 9.028681
1786 8.556950
1787 8.277619
1788 6.927802
1789 8.471275
1790 8.775661
1791 9.659162
1792 10.400245
1793 9.674232
1794 9.084387
1795 8.370104
1796 8.340752
1797 7.717875
1798 5.662131
1799 7.944737
1800 8.236079
1801 8.177837
1802 8.037239
1803 6.720724
1804 7.492958
1805 6.562627
1806 7.446967
1807 8.969472
1808 9.327537
1809 8.984297
1810 8.799613
1811 6.683486
1812 5.936760
1813 6.918079
1814 5.703758
1815 6.355669
1816 6.573175
1817 6.770345
1818 6.563999
1819 5.762126
1820 3.832308
1821 5.554968
1822 6.007114
1823 5.955754
1824 5.297331
1825 5.638661
1826 6.325586
1827 5.136510
1828 6.017683
1829 6.421239
1830 5.282623
1831 5.810148
1832 3.732518
1833 5.759315
1834 6.019488
1835 7.454974
1836 5.942423
1837 6.213179
1838 6.017291
1839 5.676347
1840 5.366618
1841 5.734927
1842 6.175516
1843 5.868988
1844 6.264679
1845 5.278756
1846 6.147398
1847 5.960295
1848 5.710746
1849 5.930036
1850 5.711688
1851 7.425506
1852 4.950565
1853 3.970316
1854 3.759428
1855 3.775578
1856 3.888934
1857 4.053073
1858 3.850946
1859 3.796664
1860 3.734878
1861 3.806560
1862 4.033832
1863 4.251048
1864 3.745321
1865 3.702078
1866 4.004459
1867 3.696012
1868 3.830852
1869 3.775781
1870 3.858417
1871 3.879872
1872 3.610930
1873 3.560071
1874 3.579207
1875 3.634086
1876 3.758736
1877 3.638971
1878 3.680517
1879 3.953151
1880 3.854943
1881 3.474203
1882 3.617541
1883 3.782379
1884 3.810581
1885 3.378195
1886 3.687937
1887 3.818794
1888 3.440946
1889 3.368603
1890 3.786727
1891 3.761762
1892 3.597235
1893 3.652105
1894 3.773671
1895 3.570434
1896 3.704337
1897 3.461009
1898 3.683942
1899 3.819592
1900 6.463351
1901 3.731071
1902 3.855032
1903 3.850520
1904 3.833784
1905 3.755276
1906 3.993317
1907 3.763443
1908 3.852192
1909 3.568823
1910 3.423261
1911 4.935190
1912 5.871590
1913 5.600616
1914 5.479599
1915 3.746229
1916 3.544349
1917 4.086576
1918 3.945696
1919 3.673639
1920 4.018321
1921 3.417392
1922 3.771974
1923 3.630290
1924 3.596682
1925 3.923437
1926 3.464524
1927 3.707156
1928 3.787537
1929 4.001012
1930 3.927509
1931 3.682132
1932 3.922893
1933 3.788905
1934 3.913311
1935 3.810985
1936 3.638079
1937 3.718580
1938 3.916645
1939 3.968705
1940 3.750589
1941 3.860379
1942 3.710917
1943 3.817346
1944 3.629724
1945 3.657459
1946 3.873130
1947 3.648713
1948 3.828919
1949 4.142404
1950 4.894619
1951 5.993633
1952 3.902939
1953 3.718290
1954 3.745628
1955 3.474393
1956 3.784402
1957 3.385887
1958 3.906507
1959 3.571473
1960 3.757045
1961 3.651987
1962 3.802853
1963 4.131686
1964 3.463424
1965 5.277369
1966 5.328309
1967 3.987680
1968 4.068978
1969 5.193864
1970 5.351383
1971 5.131099
1972 5.376856
1973 5.296223
1974 5.781496
1975 4.927486
1976 5.884047
1977 5.242340
1978 5.636930
1979 5.864170
1980 3.907759
1981 3.794550
1982 4.022316
1983 3.596697
1984 3.904891
1985 3.888623
1986 3.594785
1987 3.923429
1988 5.484162
1989 6.219416
1990 5.982932
1991 7.003101
1992 7.662810
1993 7.844673
1994 6.246550
1995 7.348438
1996 6.520999
1997 6.629858
1998 3.836640
1999 3.865244
2000 3.694942
2001 3.758658
2002 3.675515
2003 3.846310
2004 3.904100
2005 3.801856
2006 3.579220
2007 3.575657
2008 3.823431
2009 3.741683
2010 5.494959
2011 3.906477
2012 3.820745
2013 3.773408
2014 3.761503
2015 3.686528
2016 3.624153
2017 3.786007
2018 3.922629
2019 3.789104
2020 3.876802
2021 3.625392
2022 3.913736
2023 3.745973
2024 3.639077
2025 3.815666
2026 3.944959
2027 3.842837
2028 3.540932
2029 3.821138
2030 3.301231
2031 3.548986
2032 3.836786
2033 3.920842
2034 3.698754
2035 4.054789
2036 3.961818
2037 3.838395
2038 3.495782
2039 3.622996
2040 3.578856
2041 3.712748
2042 3.339822
2043 3.453245
2044 3.729801
2045 3.773314
2046 3.700989
2047 3.533085
2048 3.693494
2049 3.644788
2050 3.810935
2051 4.028661
2052 3.819028
2053 3.896719
2054 3.833876
2055 3.417849
2056 3.305299
2057 3.540324
2058 3.455386
2059 3.784853
2060 4.051925
2061 3.671263
2062 5.836936
2063 3.726459
2064 3.859056
2065 3.759416
2066 3.782249
2067 3.828656
2068 3.975787
2069 3.817043
2070 3.657879
2071 3.705604
2072 3.928982
2073 3.720654
2074 7.407930
2075 7.079556
2076 6.017648
2077 6.658082
2078 5.777725
2079 5.636106
2080 8.363716
2081 8.280828
2082 8.566457
2083 6.345250
2084 6.214853
2085 5.579921
2086 5.169692
2087 5.325515
2088 7.379201
2089 5.777483
2090 5.134478
2091 5.205474
2092 5.799889
2093 5.463132
2094 5.780285
2095 4.996736
2096 5.614143
2097 5.445969
2098 5.486684
2099 6.053965
2100 3.781513
2101 3.626804
2102 3.898794
2103 3.372080
2104 3.765448
2105 3.779337
2106 3.798748
2107 3.812850
2108 3.681391
2109 3.577539
2110 3.608463
2111 3.656170
2112 3.834915
2113 3.660270
2114 4.120825
2115 3.440132
2116 3.790132
2117 3.704376
2118 3.924600
2119 6.232216
2120 5.170851
2121 6.195001
2122 3.844719
2123 4.757153
2124 3.719759
2125 3.855763
2126 3.188748
2127 3.764520
2128 3.666142
2129 3.812937
2130 3.837877
2131 3.769747
2132 6.124746
2133 5.733185
2134 7.215109
2135 8.037795
2136 4.701872
2137 5.202406
2138 5.498318
2139 5.811280
2140 6.057467
2141 5.649689
2142 7.583173
2143 6.427270
2144 8.930643
2145 8.234447
2146 6.942652
2147 7.304698
2148 6.678033
2149 6.040425
2150 6.027494
2151 5.344858
2152 4.303466
2153 5.291172
2154 5.152913
2155 6.951581
2156 6.428664
2157 6.877068
2158 7.444226
2159 7.231493
2160 6.619393
2161 7.535710
2162 7.938746
2163 5.096077
2164 8.501417
2165 7.729308
2166 6.958635
2167 7.045459
2168 8.320223
2169 5.841661
2170 6.962261
2171 7.841749
2172 8.456607
2173 5.867069
2174 8.961559
2175 7.758561
2176 7.783434
2177 7.763054
2178 7.872264
2179 7.454735
2180 7.115990
2181 7.765774
2182 8.636048
2183 6.162376
2184 5.964212
2185 5.511067
2186 6.458805
2187 4.947972
2188 5.300543
2189 5.478768
2190 7.598917
2191 7.737292
2192 8.823743
2193 6.916655
2194 4.987718
2195 10.089326
2196 10.224851
2197 12.551141
2198 12.509759
2199 12.555631
2200 10.569475
2201 10.501818
2202 8.378933
2203 11.452266
2204 10.576245
2205 8.213803
2206 11.368999
2207 11.304410
2208 10.355530
2209 11.127687
2210 11.889414
2211 10.830209
2212 11.081424
2213 11.341087
2214 11.744349
2215 10.215093
2216 10.993644
2217 10.734312
2218 9.509706
2219 11.296320
2220 8.723813
2221 6.303310
2222 5.588675
2223 6.150455
2224 7.512084
2225 5.110803
2226 7.104402
2227 6.056078
2228 8.227272
2229 9.216294
2230 9.308715
2231 7.958142
2232 8.757270
2233 9.632755
2234 9.577003
2235 10.317795
2236 9.586452
2237 8.284261
2238 7.258273
2239 7.475754
2240 7.789801
2241 7.626409
2242 7.889622
2243 8.358212
2244 7.706946
2245 7.679310
2246 7.928521
2247 8.729108
2248 10.245567
2249 9.757938
2250 11.256730
2251 9.876787
2252 9.645249
2253 10.045263
2254 9.601861
2255 9.335251
2256 9.744530
2257 9.786345
2258 10.432510
2259 9.439907
2260 10.331021
2261 10.580500
2262 6.985597
2263 5.647779
2264 4.573465
2265 7.493291
2266 6.275922
2267 7.456279
2268 7.533247
2269 8.114304
2270 8.242754
2271 6.050591
2272 7.365200
2273 6.229836
2274 8.545566
2275 7.951693
2276 7.224823
2277 7.700653
2278 6.858579
2279 7.827726
2280 7.342730
2281 7.807210
2282 7.738151
2283 8.323853
2284 7.749638
2285 7.298176
2286 7.084444
2287 7.262617
2288 8.195040
2289 7.429378
2290 7.483378
2291 7.670756
2292 8.705968
2293 7.700301
2294 8.357234
2295 7.518529
2296 7.270771
2297 7.186685
2298 6.047167
2299 7.458384
2300 7.633845
2301 7.767721
2302 7.043011
2303 7.224666
2304 6.638413
2305 7.000231
2306 6.823790
2307 6.971585
2308 6.714201
2309 7.213563
2310 7.978653
2311 9.021784
2312 7.494606
2313 7.555117
2314 7.796597
2315 7.664490
2316 6.188410
2317 7.416206
2318 7.854600
2319 8.399460
2320 7.682029
2321 8.615459
2322 7.499287
2323 7.099036
2324 8.216670
2325 7.718141
2326 7.785582
2327 7.757039
2328 7.052974
2329 7.276567
2330 7.285220
2331 6.020298
2332 7.317299
2333 8.112764
2334 8.600341
2335 8.928123
2336 6.607166
2337 7.998206
2338 7.893653
2339 7.741898
2340 8.536425
2341 5.819736
2342 6.605003
2343 5.237422
2344 5.603368
2345 5.222758
2346 3.874453
2347 3.793547
2348 3.720900
2349 3.399912
2350 3.700187
2351 3.766863
2352 3.664455
2353 4.443463
2354 3.797605
2355 6.614243
2356 4.849844
2357 8.888877
2358 9.602280
2359 9.268547
2360 8.866219
2361 10.903881
2362 11.523459
2363 10.609918
2364 11.142720
2365 10.039141
2366 11.014336
2367 9.225868
2368 11.490003
2369 10.286591
2370 8.284512
2371 9.345984
2372 9.738423
2373 10.474889
2374 10.984572
2375 10.812156
2376 10.643727
2377 10.621612
2378 11.113349
2379 9.760843
2380 9.732267
2381 10.324095
2382 9.767181
2383 11.422898
2384 10.466079
2385 10.016639
2386 9.943068
2387 10.914312
2388 10.137629
2389 8.447463
2390 9.027534
2391 9.352830
2392 8.764719
2393 8.958651
2394 9.647425
2395 9.235483
2396 8.339327
2397 9.808101
2398 10.520663
2399 9.730746
2400 10.804205
2401 8.215418
2402 9.562346
2403 8.416499
2404 9.214583
2405 10.090996
2406 8.746780
2407 8.589532
2408 9.294009
2409 9.118299
2410 8.795442
2411 9.304126
2412 8.851544
2413 9.792995
2414 10.944176
2415 10.008641
2416 9.945170
2417 10.976708
2418 10.086038
2419 11.393754
2420 10.968924
2421 10.300980
2422 10.253027
2423 9.604615
2424 8.869535
2425 9.046376
2426 8.295626
2427 8.775749
2428 6.841711
2429 5.935909
2430 6.791293
2431 7.385076
2432 3.332100
2433 3.550029
2434 3.987546
2435 3.634298
2436 3.738853
2437 3.972368
2438 3.795377
2439 3.798174
2440 3.819919
2441 3.891455
2442 4.007237
2443 3.728602
2444 3.708812
2445 3.691900
2446 5.471330
2447 5.731055
2448 5.285727
2449 5.502173
2450 6.321146
2451 6.484512
2452 6.304168
2453 6.764271
2454 5.540206
2455 5.957589
2456 6.866367
2457 6.855723
2458 6.481895
2459 5.002277
2460 5.647397
2461 6.650573
2462 7.124284
2463 7.468449
2464 6.838377
2465 8.057402
2466 7.345301
2467 5.744087
2468 5.382138
2469 6.104051
2470 6.122759
2471 6.120955
2472 5.074145
2473 3.565660
2474 5.620720
2475 7.315997
2476 7.701954
2477 6.900592
2478 7.155589
2479 7.046340
2480 8.216984
2481 8.489532
2482 7.696113
2483 7.789236
2484 8.464707
2485 7.500272
2486 5.749447
2487 6.771396
2488 6.847928
2489 5.561024
2490 6.635326
2491 7.785750
2492 5.348580
2493 5.908682
2494 5.718512
2495 5.464595
2496 5.890273
2497 5.817676
2498 6.366924
2499 6.337085
2500 6.370690
2501 6.717523
2502 6.217973
2503 4.886592
2504 6.009201
2505 5.648335
2506 5.629539
2507 5.720810
2508 6.702047
2509 6.863879
2510 6.795034
2511 6.045512
2512 6.324491
2513 5.776038
2514 6.568299
2515 8.257443
2516 9.004498
2517 6.398952
2518 5.713161
2519 6.144339
2520 6.031491
2521 3.561463
2522 6.097231
2523 5.657448
2524 6.368760
2525 5.987202
2526 5.887283
2527 5.568504
2528 5.730855
2529 5.713258
2530 5.783297
2531 5.319857
2532 7.637007
2533 6.717131
2534 7.169489
2535 7.997836
2536 5.620164
2537 6.090925
2538 5.987023
2539 5.972478
2540 6.606408
2541 6.646061
2542 5.665834
2543 5.829059
2544 5.614563
2545 5.992449
2546 5.705172
2547 4.864711
2548 3.640272
2549 3.808173
2550 3.789116
2551 3.993504
2552 3.820841
2553 3.714578
2554 4.068122
2555 3.924904
2556 3.920892
2557 3.575180
2558 3.779588
2559 5.718436
2560 3.855544
2561 3.739491
2562 3.576867
2563 3.605828
2564 3.812466
2565 4.390591
2566 3.486406
2567 3.971961
2568 5.559511
2569 6.577550
2570 6.524027
2571 5.369880
2572 4.619696
2573 4.105070
2574 4.126496
2575 4.448948
2576 4.273291
2577 4.427688
2578 7.315316
2579 4.766676
2580 6.040176
2581 7.098630
2582 5.016274
2583 4.712771
2584 5.731925
2585 6.054254
2586 6.709822
2587 5.232408
2588 9.752832
2589 9.316938
2590 6.472111
2591 7.290506
2592 5.341433
2593 6.261274
2594 7.891219
2595 6.976201
2596 7.721973
2597 7.854467
2598 7.149460
2599 6.803669
2600 7.050061
2601 7.783486
2602 6.128048
2603 6.898369
2604 6.282403
2605 7.871029
2606 6.692644
2607 6.787431
2608 8.025310
2609 7.629759
2610 7.874674
2611 5.924162
2612 5.544016
2613 5.636818
2614 5.671774
2615 6.255832
2616 5.404515
2617 5.223804
2618 5.414535
2619 5.459797
2620 5.553357
2621 6.439453
2622 5.803253
2623 5.535580
2624 7.022250
2625 7.019073
2626 5.733411
2627 6.290963
2628 6.514239
2629 6.776620
2630 5.629219
2631 5.277775
2632 5.914491
2633 6.157240
2634 10.773436
2635 6.281034
2636 4.890213
2637 5.729300
2638 5.795612
2639 5.293098
2640 4.869684
2641 4.014287
2642 3.684486
2643 3.986038
2644 3.778851
2645 6.339237
2646 5.257695
2647 5.612344
2648 5.375074
2649 5.700626
2650 3.826366
2651 3.913194
2652 3.948276
2653 3.666292
2654 3.941609
2655 3.677106
2656 3.873167
2657 5.598936
2658 3.679467
2659 3.869796
2660 3.489384
2661 3.747758
2662 3.702565
2663 3.764283
2664 3.626928
2665 5.725564
2666 3.798356
2667 3.678395
2668 3.869962
2669 3.643983
2670 3.785615
2671 3.799473
2672 4.086013
2673 3.736241
2674 3.663768
2675 3.760708
2676 3.600459
2677 3.990211
2678 3.901756
2679 3.615274
2680 3.866187
2681 3.655281
2682 3.865060
2683 3.722701
2684 3.603902
2685 3.589499
2686 3.509658
2687 3.639098
2688 3.648464
2689 3.763974
2690 4.013081
2691 3.524668
2692 3.823008
2693 3.735624
2694 3.843307
2695 3.845957
2696 3.809187
2697 3.846312
2698 3.529888
2699 3.945303
2700 3.740675
2701 3.886953
2702 3.832675
2703 3.940075
2704 3.797167
2705 3.864105
2706 3.897100
2707 4.057524
2708 3.693280
2709 3.838856
2710 3.709365
2711 3.855298
2712 3.622638
2713 3.719168
2714 3.709745
2715 3.611217
2716 3.938491
2717 3.749942
2718 3.705161
2719 3.609462
2720 3.412169
2721 3.505652
2722 3.873060
2723 3.642022
2724 3.593740
2725 3.649920
2726 3.506271
2727 3.609170
2728 3.749857
2729 3.824698
2730 3.729489
2731 3.914394
2732 3.827194
2733 3.912747
2734 3.537714
2735 3.923593
2736 3.616986
2737 3.717392
2738 3.737405
2739 3.409128
2740 3.815809
2741 4.003610
2742 3.797658
2743 4.757782
2744 5.708563
2745 5.521927
2746 4.269968
2747 3.694052
2748 3.571665
2749 3.691343
2750 3.662606
2751 5.710696
2752 5.719703
2753 5.845348
2754 6.418863
2755 9.690453
2756 9.596931
2757 8.637369
2758 9.846912
2759 8.133597
2760 10.977942
2761 9.754150
2762 10.324456
2763 7.938696
2764 7.110121
2765 8.931253
2766 8.075732
2767 9.923962
2768 9.549018
2769 8.881970
2770 10.002592
2771 8.804373
2772 9.129697
2773 10.405066
2774 9.145957
2775 10.782942
2776 10.108927
2777 9.588649
2778 10.201537
2779 10.059842
2780 9.730719
2781 10.918347
2782 9.071854
2783 9.062433
2784 9.679728
2785 11.190200
2786 10.064521
2787 10.870762
2788 9.425525
2789 10.419374
2790 11.744790
2791 10.692659
2792 10.057493
2793 9.722279
2794 10.707221
2795 10.705358
2796 9.653818
2797 10.151324
2798 10.221136
2799 10.545036
2800 10.682908
2801 9.987275
2802 11.157469
2803 10.612456
2804 10.402315
2805 11.553466
2806 11.289767
2807 10.553040
2808 11.245421
2809 10.748924
2810 11.059928
2811 11.306946
2812 11.153448
2813 10.067122
2814 9.414187
2815 10.317452
2816 10.546384
2817 9.327774
2818 10.306836
2819 10.454515
2820 10.082405
2821 11.683949
2822 11.070996
2823 10.947734
2824 10.163012
2825 10.309048
2826 9.940247
2827 10.553161
2828 10.684404
2829 11.029097
2830 10.080282
2831 10.192454
2832 10.341702
2833 10.613961
2834 9.983757
2835 9.348865
2836 8.831572
2837 9.129745
2838 9.388419
2839 9.766213
2840 9.439565
2841 9.760436
2842 10.197351
2843 9.422676
2844 9.685460
2845 10.068664
2846 10.298236
2847 8.448801
2848 3.734783
2849 3.075107
2850 3.703269
2851 3.648465
2852 3.320890
2853 3.702567
2854 3.476046
2855 3.655815
2856 3.650863
2857 3.773339
2858 3.278795
2859 3.939515
2860 3.745560
2861 3.827937
2862 3.875901
2863 3.713621
2864 3.764852
2865 4.002923
2866 3.711509
2867 3.572647
2868 3.072672
2869 3.792311
2870 3.882797
2871 3.684518
2872 3.740492
2873 3.882087
2874 4.055378
2875 3.709125
2876 3.853372
2877 3.826970
2878 3.657566
2879 3.726672
2880 3.780611
2881 3.758510
2882 3.712653
2883 3.619797
2884 3.789593
2885 3.661943
2886 3.623118
2887 3.798564
2888 3.655544
2889 3.844087
2890 3.803921
2891 3.747245
2892 3.847094
2893 3.512834
2894 3.708595
2895 4.130783
2896 3.720023
2897 3.600574
2898 3.930915
2899 3.812898
2900 3.995664
2901 3.948389
2902 3.689403
2903 3.721478
2904 3.624608
2905 3.728173
2906 3.725885
2907 3.763002
2908 3.184042
2909 3.710657
2910 3.893864
2911 3.904319
2912 3.667493
2913 3.628268
2914 3.863833
2915 3.679796
2916 3.755651
2917 3.701746
2918 3.530638
2919 3.780096
2920 3.541769
2921 3.703056
2922 3.943169
2923 3.597287
2924 3.684138
2925 3.838684
2926 3.747815
2927 3.875124
2928 3.641140
2929 3.532734
2930 3.566848
2931 3.568449
2932 3.125701
2933 3.664874
2934 3.481121
2935 3.920774
2936 3.624487
2937 3.687845
2938 5.408538
2939 5.792505
2940 6.228997
2941 5.487709
2942 5.556290
2943 7.836712
2944 7.823891
2945 6.358780
2946 5.812692
2947 4.914724
2948 5.661530
2949 5.938529
2950 6.176497
2951 5.711511
2952 6.060147
2953 5.856707
2954 4.581419
2955 3.899710
2956 3.594729
2957 3.488753
2958 3.509272
2959 3.916831
2960 5.129463
2961 6.058654
2962 5.354420
2963 6.040833
2964 3.937928
2965 5.490623
2966 6.372000
2967 4.021008
2968 3.765332
2969 3.720325
2970 3.651821
2971 6.064145
2972 3.951418
2973 5.879257
2974 5.482463
2975 6.105155
2976 3.987316
2977 5.218457
2978 3.675884
2979 3.201329
2980 3.732682
2981 3.648961
2982 3.505709
2983 3.607230
2984 3.849861
2985 4.106262
2986 3.748277
2987 3.757379
2988 3.704172
2989 3.530352
2990 3.975161
2991 3.833181
2992 3.691795
2993 3.621792
2994 3.698351
2995 3.985990
2996 3.821323
2997 3.558453
2998 3.711349
2999 3.909037
3000 3.850633
3001 3.799237
3002 3.852246
3003 3.816002
3004 3.641002
3005 3.699863
3006 3.821770
3007 3.934425
3008 3.433165
3009 3.797535
3010 3.979710
3011 3.907491
3012 3.794659
3013 3.726347
3014 3.842668
3015 4.011734
3016 3.836740
3017 3.743715
3018 3.706874
3019 3.996632
3020 3.813777
3021 3.938438
3022 3.501212
3023 3.689839
3024 3.709043
3025 3.734300
3026 3.604278
3027 4.184994
3028 3.880322
3029 3.859718
3030 3.729048
3031 3.799080
3032 3.505158
3033 3.668540
3034 3.742098
3035 3.344024
3036 5.024280
3037 5.381942
3038 6.099812
3039 5.341721
3040 5.330096
3041 5.733778
3042 6.177488
3043 6.077518
3044 4.006532
3045 3.846001
3046 3.263280
3047 3.532434
3048 3.928090
3049 3.918704
3050 3.533156
3051 4.884539
3052 5.574182
3053 6.267418
3054 3.651892
3055 4.051405
3056 5.919476
3057 5.548288
3058 4.008442
3059 3.656487
3060 3.861375
3061 4.187959
3062 3.707103
3063 3.954705
3064 3.989346
3065 3.715871
3066 3.697097
3067 3.750586
3068 3.890436
3069 3.930361
3070 3.688698
3071 6.295712
3072 5.109111
3073 5.833186
3074 5.677985
3075 5.620969
3076 6.441168
3077 5.931135
3078 5.644513
3079 5.888208
3080 5.643149
3081 4.055478
3082 4.028674
3083 5.899681
3084 6.253880
3085 3.497100
3086 3.736201
3087 3.633248
3088 3.841692
3089 3.829738
3090 3.799919
3091 3.601249
3092 3.478851
3093 3.765690
3094 3.676534
3095 3.708636
3096 3.114447
3097 3.751817
3098 3.754074
3099 3.699974
3100 3.793529
3101 3.641374
3102 3.752679
3103 3.637317
3104 3.543443
3105 3.925173
3106 3.851715
3107 3.880539
3108 3.736640
3109 3.702909
3110 5.582057
3111 3.679580
3112 3.626390
3113 3.701703
3114 3.706400
3115 3.792902
3116 4.210606
3117 5.364120
3118 3.888972
3119 3.722498
3120 3.405262
3121 3.756286
3122 3.783559
3123 5.991236
3124 5.893776
3125 5.894903
3126 3.820486
3127 3.426793
3128 3.659657
3129 3.637721
3130 3.509671
3131 3.769415
3132 3.631216
3133 3.923722
3134 4.131662
3135 5.740503
3136 3.873023
3137 3.771644
3138 3.872490
3139 4.046961
3140 3.473816
3141 5.251173
3142 6.025461
3143 3.478116
3144 3.900512
3145 3.727234
3146 3.738314
3147 3.873423
3148 3.739559
3149 3.732279
3150 3.861127
3151 3.974012
3152 3.605148
3153 3.530015
3154 3.778162
3155 3.929758
3156 4.020586
3157 3.726456
3158 3.626611
3159 3.425513
3160 3.714919
3161 3.675487
3162 3.873890
3163 3.866615
3164 3.625179
3165 3.911684
3166 3.798499
3167 3.793124
3168 3.870788
3169 3.870539
3170 3.934498
3171 3.915470
3172 3.842564
3173 3.623312
3174 3.827344
3175 3.897552
3176 3.572253
3177 3.744983
3178 5.319295
3179 6.099492
3180 3.693851
3181 3.745795
3182 3.575614
3183 3.479934
3184 3.403326
3185 5.142179
3186 3.251509
3187 4.721826
3188 3.999311
3189 3.985146
3190 5.905706
3191 5.902921
3192 5.694298
3193 5.527535
3194 5.854049
3195 5.814811
3196 5.582985
3197 5.796074
3198 5.412017
3199 6.205521
3200 5.297490
3201 5.800017
3202 5.700710
3203 5.989867
3204 5.627719
3205 5.782822
3206 5.451292
3207 5.627239
3208 5.435339
3209 5.158972
3210 6.151844
3211 5.480779
3212 5.778214
3213 5.408659
3214 7.045945
3215 5.488927
3216 8.911591
3217 8.989376
3218 8.293042
3219 11.500356
3220 9.809819
3221 8.999030
3222 9.330862
3223 11.750626
3224 9.703105
3225 9.985615
3226 8.710557
3227 9.972306
3228 11.386450
3229 9.409810
3230 10.470315
3231 9.795741
3232 10.301835
3233 9.956393
3234 10.595170
3235 11.243408
3236 9.516543
3237 9.200320
3238 10.729031
3239 9.914804
3240 10.517287
3241 11.738494
3242 10.141229
3243 9.716319
3244 11.067444
3245 11.201942
3246 8.841120
3247 9.430706
3248 9.368765
3249 11.125466
3250 10.697686
3251 10.596233
3252 7.943324
3253 10.666041
3254 11.213318
3255 6.578002
3256 3.487494
3257 3.914402
3258 5.712220
3259 4.144504
3260 5.466269
3261 6.357232
3262 5.329624
3263 5.831680
3264 8.293818
3265 5.729624
3266 7.067082
3267 8.034004
3268 6.784285
3269 7.645668
3270 8.233966
3271 7.087863
3272 5.296509
3273 5.169317
3274 4.427743
3275 6.140765
3276 5.714274
3277 5.178474
3278 6.218208
3279 5.553334
3280 5.489636
3281 5.955042
3282 5.530045
3283 5.498739
3284 5.427709
3285 5.300536
3286 4.822638
3287 5.967126
3288 5.733915
3289 5.847880
3290 4.892196
3291 5.550073
3292 3.799199
3293 3.686587
3294 3.572870
3295 3.843707
3296 3.857928
3297 5.227945
3298 5.192420
3299 5.589661
3300 6.457406
3301 6.038637
3302 5.936267
3303 5.532899
3304 5.914733
3305 5.512106
3306 5.683712
3307 5.744290
3308 5.611039
3309 5.600571
3310 5.720893
3311 5.671031
3312 8.352806
3313 6.651856
3314 7.909419
3315 8.007037
3316 7.859779
3317 7.079582
3318 6.905635
3319 7.653165
3320 7.094343
3321 7.509922
3322 7.372530
3323 7.565663
3324 7.340497
3325 6.015407
3326 5.638891
3327 5.606786
3328 5.554078
3329 5.672787
3330 5.324228
3331 5.393905
3332 5.563172
3333 5.739243
3334 5.818975
3335 5.537771
3336 5.926856
3337 5.679395
3338 5.735600
3339 5.489126
3340 3.953353
3341 3.659040
3342 3.719043
3343 3.758909
3344 3.695888
3345 3.569233
3346 3.795638
3347 3.774611
3348 3.726941
3349 3.836510
3350 3.617198
3351 3.788865
3352 4.220357
3353 3.864946
3354 3.955628
3355 3.662161
3356 4.161069
3357 3.784662
3358 3.883686
3359 3.438051
3360 3.593021
3361 3.644027
3362 3.644021
3363 3.850849
3364 3.889116
3365 3.541104
3366 3.607298
3367 3.746476
3368 3.809713
3369 3.540536
3370 3.646504
3371 3.766641
3372 3.813144
3373 3.802212
3374 3.680254
3375 3.579729
3376 3.640852
3377 3.696189
3378 3.640346
3379 3.681996
3380 3.767833
3381 3.780701
3382 5.344407
3383 5.381610
3384 3.627424
3385 4.009415
3386 3.815899
3387 3.864664
3388 4.638651
3389 3.748142
3390 4.051140
3391 3.967136
3392 3.874094
3393 3.520659
3394 3.926245
3395 5.225029
3396 3.626982
3397 3.816241
3398 3.623382
3399 3.479854
3400 3.753464
3401 3.942424
3402 3.868357
3403 3.702981
3404 3.821103
3405 3.580319
3406 3.428614
3407 3.423755
3408 3.822641
3409 3.794206
3410 3.461025
3411 3.729209
3412 3.706235
3413 3.651223
3414 3.757058
3415 3.852506
3416 3.773075
3417 3.638377
3418 3.700025
3419 3.619573
3420 4.159831
3421 3.289957
3422 3.414118
3423 3.661557
3424 3.893029
3425 3.765062
3426 3.715952
3427 3.617262
3428 3.559372
3429 3.203840
3430 4.040037
3431 3.643101
3432 3.697424
3433 4.000322
3434 3.644898
3435 3.709311
3436 3.787995
3437 3.940316
3438 3.706426
3439 4.039444
3440 3.717607
3441 3.967376
3442 7.283815
3443 5.636097
3444 6.288876
3445 6.840692
3446 5.877675
3447 7.068846
3448 7.284475
3449 7.646698
3450 5.670248
3451 6.197264
3452 6.166523
3453 5.661491
3454 5.858404
3455 6.183365
3456 5.906581
3457 6.370585
3458 5.761280
3459 6.209243
3460 6.617074
3461 7.572404
3462 5.959278
3463 5.677379
3464 6.916321
3465 5.176295
3466 6.379858
3467 6.121853
3468 5.357713
3469 5.435762
3470 5.496881
3471 6.210809
3472 6.088918
3473 5.570961
3474 5.227049
3475 5.800328
3476 4.762320
3477 3.934933
3478 5.384179
3479 5.357141
3480 5.104616
3481 5.130529
3482 4.937400
3483 5.508590
3484 4.611130
3485 5.035791
3486 4.509302
3487 4.914111
3488 5.063540
3489 4.975242
3490 4.608321
3491 5.739352
3492 4.547155
3493 5.142821
3494 5.840053
3495 3.172085
3496 3.687603
3497 3.358883
3498 3.392419
3499 3.482041
3500 3.608472
3501 3.124389
3502 4.341993
3503 5.666682
3504 4.244929
3505 4.935120
3506 5.177585
3507 5.474749
3508 5.536300
3509 5.289944
3510 5.606149
3511 5.467412
3512 5.231521
3513 5.858240
3514 6.845890
3515 6.038846
3516 5.429753
3517 5.615845
3518 5.506843
3519 5.434085
3520 5.291711
3521 5.721635
3522 4.806260
3523 6.311306
3524 5.384926
3525 5.761164
3526 4.704789
3527 6.565681
3528 5.039746
3529 4.427706
3530 5.562921
3531 5.127503
3532 5.432282
3533 4.792425
3534 5.902344
3535 6.110820
3536 4.896611
3537 5.261959
3538 4.361217
3539 3.540436
3540 3.925875
3541 3.718561
3542 3.709904
3543 3.800539
3544 3.641138
3545 3.464479
3546 3.714311
3547 3.471957
3548 3.842159
3549 3.869382
3550 3.664871
3551 3.487079
3552 3.874168
3553 3.823270
3554 3.772081
3555 3.559581
3556 3.900895
3557 3.614665
3558 3.919157
3559 3.838150
3560 3.852180
3561 3.576998
3562 4.195298
3563 3.742849
3564 3.699570
3565 3.677281
3566 3.441815
3567 3.667442
3568 3.826148
3569 3.594910
3570 3.683189
3571 3.930678
3572 3.773605
3573 3.626414
3574 3.709854
3575 3.827490
3576 3.265361
3577 3.931133
3578 3.486675
3579 3.728994
3580 3.690878
3581 3.823142
3582 3.727653
3583 3.752903
3584 3.782845
3585 3.789580
3586 3.933788
3587 3.371335
3588 3.676548
3589 3.702043
3590 3.646219
3591 3.860262
3592 3.771916
3593 3.554196
3594 3.983880
3595 3.660178
3596 3.923185
3597 3.721368
3598 3.847660
3599 5.086028
3600 3.930864
3601 3.746464
3602 3.691463
3603 3.645316
3604 3.819855
3605 3.732211
3606 3.756715
3607 3.819866
3608 3.530811
3609 3.646173
3610 3.718334
3611 3.890642
3612 3.770531
3613 3.824487
3614 3.724637
3615 3.689560
3616 3.682184
3617 3.776175
3618 4.003711
3619 3.805062
3620 3.529571
3621 3.764490
3622 3.779113
3623 3.688819
3624 3.848663
3625 3.792111
3626 3.792096
3627 3.778280
3628 3.713893
3629 3.847401
3630 3.986493
3631 3.890759
3632 3.829126
3633 3.848768
3634 3.807715
3635 3.605348
3636 3.778056
3637 3.844811
3638 3.791438
3639 3.832416
3640 3.319157
3641 3.640959
3642 3.868917
3643 3.618581
3644 3.814970
3645 3.968957
3646 3.756662
3647 3.618441
3648 3.795230
3649 3.829700
3650 3.838047
3651 3.844633
3652 3.776690
3653 3.925583
3654 3.423813
3655 3.569497
3656 3.989083
3657 4.019093
3658 3.980223
3659 3.846207
3660 3.815365
3661 3.762727
3662 3.752677
3663 3.853840
3664 3.863097
3665 3.993857
3666 3.595526
3667 3.808857
3668 3.518365
3669 3.679863
3670 3.482558
3671 3.804392
3672 3.765887
3673 3.717647
3674 4.001963
3675 3.609499
3676 3.932850
3677 3.708007
3678 3.805275
3679 3.720270
3680 3.836706
3681 3.659970
3682 3.608847
3683 3.663851
3684 3.620176
3685 3.865709
3686 3.500100
3687 3.230823
3688 3.893188
3689 3.812111
3690 3.800450
3691 3.826132
3692 3.452736
3693 3.671198
3694 3.615822
3695 3.916506
3696 3.825114
3697 4.090991
3698 3.814393
3699 3.510643
3700 3.597028
3701 3.809647
3702 3.849897
3703 3.939605
3704 3.781993
3705 3.687398
3706 3.808662
3707 3.896112
3708 3.748306
3709 3.663582
3710 3.858780
3711 3.845844
3712 3.789629
3713 3.925134
3714 3.763125
3715 3.642941
3716 3.349286
3717 3.975689
3718 3.682948
3719 3.786405
3720 3.536703
3721 3.993520
3722 3.780657
3723 3.541197
3724 3.738465
3725 3.777010
3726 3.956060
3727 3.699840
3728 3.690774
3729 3.291765
3730 3.405100
3731 3.235028
3732 3.644938
3733 3.508917
3734 3.477287
3735 3.426210
3736 3.805536
3737 3.493440
3738 3.449077
3739 3.584704
3740 3.672430
3741 3.524446
3742 3.807509
3743 3.759852
3744 3.514131
3745 3.676157
3746 3.693563
3747 3.901103
3748 3.819442
3749 3.876120
3750 3.992844
3751 3.522627
3752 3.489945
3753 3.683950
3754 3.547521
3755 3.670437
3756 3.837148
3757 3.609558
3758 3.208647
3759 3.427303
3760 3.544163
3761 3.944427
3762 3.559969
3763 4.056448
3764 3.647752
3765 3.557374
3766 3.763428
3767 3.141816
3768 3.931624
3769 3.788854
3770 3.870878
3771 3.869692
3772 3.784242
3773 3.765849
3774 3.740990
3775 3.689689
3776 3.783305
3777 4.042410
3778 3.821335
3779 3.847741
3780 3.935289
3781 3.907503
3782 3.629173
3783 3.581481
3784 3.600903
3785 3.631722
3786 3.872516
3787 3.865179
3788 3.676629
3789 3.748946
3790 3.893749
3791 3.816859
3792 3.685515
3793 3.315831
3794 3.892156
3795 3.771072
3796 3.883811
3797 3.763006
3798 3.793499
3799 3.787956
3800 3.799132
3801 3.573079
3802 3.853983
3803 3.739221
3804 3.699975
3805 3.283914
3806 3.814040
3807 3.806759
3808 3.566413
3809 3.817936
3810 3.908564
3811 3.903033
3812 3.620787
3813 3.684087
3814 5.822720
3815 5.657994
3816 5.436666
3817 4.255417
3818 3.783991
3819 3.789146
3820 3.430585
3821 3.633870
3822 3.907247
3823 3.672953
3824 3.808135
3825 3.982835
3826 3.736348
3827 5.067562
3828 5.599160
3829 4.012688
3830 3.867298
3831 5.180501
3832 3.801512
3833 3.863691
3834 3.712961
3835 3.786144
3836 3.721479
3837 4.028670
3838 3.644533
3839 3.762779
3840 3.828026
3841 3.736761
3842 6.557630
3843 5.827266
3844 5.782439
3845 6.035667
3846 5.702181
3847 5.892869
3848 5.570951
3849 3.727383
3850 4.056658
3851 3.705697
3852 3.745367
3853 3.945553
3854 3.791955
3855 3.833954
3856 3.786979
3857 3.641209
3858 3.623933
3859 4.128306
3860 5.721968
3861 6.281303
3862 5.943990
3863 6.036129
3864 5.830963
3865 6.050793
3866 5.685225
3867 6.223521
3868 6.364305
3869 8.229204
3870 5.842423
3871 6.289777
3872 5.925581
3873 5.600018
3874 6.346377
3875 6.336077
3876 5.654317
3877 8.142147
3878 6.342791
3879 6.067340
3880 5.887079
3881 5.989565
3882 5.559874
3883 3.767149
3884 3.722699
3885 3.786528
3886 3.639036
3887 3.452376
3888 3.811784
3889 3.853910
3890 3.799003
3891 3.981819
3892 3.850066
3893 3.971877
3894 5.584863
3895 7.476087
3896 6.913913
3897 6.983620
3898 9.729154
3899 8.953516
3900 7.787201
3901 6.562323
3902 7.196033
3903 5.622545
3904 6.392503
3905 5.756269
3906 6.143078
3907 6.932668
3908 6.174406
3909 5.952864
3910 6.284856
3911 6.080532
3912 6.268318
3913 6.321530
3914 6.303442
3915 6.329498
3916 7.171318
3917 5.613738
3918 5.438722
3919 6.224346
3920 6.002650
3921 6.964913
3922 5.843682
3923 6.515498
3924 6.269048
3925 6.600582
3926 7.769392
3927 6.492548
3928 6.124687
3929 5.762725
3930 6.208983
3931 6.159913
3932 6.116886
3933 3.888609
3934 6.182426
3935 4.387778
3936 5.029112
3937 6.559803
3938 5.980444
3939 4.893037
3940 3.922322
3941 3.840599
3942 3.798988
3943 4.987154
3944 4.074763
3945 3.732265
3946 3.588885
3947 3.775513
3948 4.882081
3949 5.170359
3950 5.270682
3951 5.876539
3952 5.479217
3953 5.143577
3954 5.787349
3955 5.910923
3956 5.069883
3957 7.211277
3958 6.471053
3959 5.463972
3960 5.279895
3961 5.442463
3962 5.483578
3963 5.174767
3964 5.058232
3965 5.697901
3966 4.936804
3967 5.234272
3968 5.211392
3969 4.780511
3970 5.010947
3971 4.955774
3972 4.923715
3973 3.821308
3974 3.839766
3975 3.908529
3976 3.738048
3977 3.853318
3978 3.612882
3979 3.892109
3980 3.756018
3981 3.446072
3982 4.007805
3983 3.751814
3984 3.584258
3985 3.836015
3986 3.792542
3987 3.868136
3988 3.654088
3989 3.809963
3990 3.853131
3991 3.657554
3992 3.615049
3993 3.650273
3994 3.946285
3995 3.903141
3996 3.762061
3997 3.900871
3998 3.750812
3999 4.938155
4000 6.323119
4001 3.878153
4002 3.713393
4003 3.760356
4004 3.917896
4005 3.891027
4006 3.821323
4007 3.857228
4008 3.759387
4009 3.843345
4010 3.743624
4011 3.852093
4012 3.910832
4013 3.940432
4014 3.868516
4015 3.894330
4016 3.898075
4017 3.745743
4018 3.843603
4019 3.719313
4020 3.753122
4021 3.748516
4022 4.165391
4023 3.869755
4024 3.905665
4025 3.779204
4026 3.459801
4027 3.737449
4028 3.424589
4029 3.695810
4030 3.562738
4031 3.793651
4032 3.746586
4033 3.853866
4034 3.770450
4035 3.538943
4036 3.936115
4037 3.790792
4038 3.879109
4039 3.584423
4040 3.874098
4041 3.763428
4042 3.600016
4043 3.824997
4044 3.777855
4045 3.618314
4046 3.610445
4047 3.935225
4048 3.578840
4049 3.666632
4050 3.823544
4051 3.886004
4052 3.793756
4053 3.024851
4054 3.718563
4055 3.431121
4056 3.832575
4057 3.365729
4058 3.614543
4059 3.661118
4060 3.607024
4061 3.977566
4062 3.791039
4063 3.774783
4064 3.927356
4065 3.960073
4066 3.816449
4067 3.821113
4068 3.678507
4069 3.633867
4070 3.433526
4071 3.405761
4072 3.710985
4073 5.526997
4074 4.545305
4075 5.599804
4076 5.805308
4077 5.342521
4078 3.634642
4079 3.775894
4080 3.826252
4081 3.680664
4082 3.875907
4083 4.263249
4084 3.879768
4085 3.981721
4086 3.367391
4087 3.624279
4088 3.779641
4089 3.649265
4090 3.804552
4091 3.414019
4092 3.880965
4093 3.408724
4094 3.715172
4095 3.798143
4096 4.922287
4097 4.025595
4098 3.844217
4099 3.913888
4100 5.490366
4101 3.940164
4102 5.317698
4103 6.708903
4104 3.771590
4105 3.763857
4106 3.771657
4107 3.837931
4108 3.507952
4109 3.537132
4110 3.920335
4111 3.822644
4112 3.876702
4113 3.648055
4114 3.642829
4115 3.976500
4116 3.647724
4117 3.644259
4118 3.854386
4119 3.757246
4120 3.634527
4121 3.858222
4122 3.697109
4123 3.786211
4124 3.678301
4125 3.448175
4126 3.959406
4127 3.801237
4128 3.677413
4129 3.977613
4130 3.750070
4131 3.641814
4132 3.757525
4133 3.353252
4134 5.910341
4135 5.060702
4136 3.725263
4137 3.719756
4138 3.858100
4139 6.085837
4140 3.536300
4141 3.149662
4142 3.566859
4143 5.943574
4144 5.097275
4145 4.803308
4146 3.725631
4147 5.081359
4148 3.955727
4149 3.763696
4150 3.882387
4151 3.781258
4152 3.565306
4153 3.660068
4154 3.799342
4155 3.769037
4156 3.759055
4157 3.669904
4158 3.886710
4159 3.997536
4160 3.831460
4161 3.796391
4162 3.902331
4163 3.862153
4164 3.861533
4165 3.682337
4166 3.781573
4167 3.855699
4168 3.723252
4169 3.745147
4170 3.586669
4171 3.766525
4172 3.656789
4173 3.836979
4174 3.810409
4175 3.846413
4176 3.154881
4177 3.975986
4178 3.870024
4179 3.688439
4180 4.114179
4181 3.783348
4182 3.811222
4183 3.848300
4184 3.928883
4185 3.944897
4186 3.614156
4187 3.833914
4188 3.487194
4189 3.768051
4190 3.712383
4191 3.686365
4192 3.659911
4193 3.828185
4194 3.893406
4195 3.812108
4196 3.767480
4197 3.718734
4198 4.005249
4199 3.728929
4200 3.762099
4201 3.962033
4202 5.375557
4203 3.959813
4204 3.899360
4205 3.636067
4206 3.804539
4207 3.879116
4208 3.853872
4209 3.491864
4210 3.882334
4211 3.905459
4212 3.640055
4213 3.857356
4214 3.486346
4215 3.748321
4216 3.879565
4217 3.818755
4218 3.777540
4219 3.726256
4220 3.868356
4221 3.811919
4222 3.868899
4223 3.629507
4224 4.004962
4225 3.928051
4226 3.714983
4227 3.849908
4228 4.289685
4229 3.943976
4230 3.656787
4231 3.904765
4232 3.829545
4233 3.727002
4234 3.781479
4235 3.871168
4236 3.787692
4237 3.827599
4238 3.777210
4239 3.695862
4240 4.000647
4241 3.917706
4242 3.674845
4243 3.715950
4244 4.045616
4245 3.651426
4246 3.799066
4247 3.732102
4248 3.691371
4249 3.708189
4250 3.987658
4251 3.876612
4252 3.864959
4253 3.813726
4254 4.099989
4255 3.937778
4256 3.980991
4257 3.778443
4258 3.583083
4259 4.062217
4260 3.442238
4261 3.805509
4262 3.927711
4263 3.550139
4264 3.900258
4265 3.683965
4266 3.682456
4267 3.930468
4268 3.771181
4269 3.857073
4270 3.869894
4271 3.839909
4272 3.858111
4273 3.965364
4274 3.942309
4275 3.984308
4276 5.591226
4277 3.974779
4278 3.845218
4279 3.812664
4280 3.853237
4281 5.841343
4282 5.880152
4283 5.412154
4284 6.794215
4285 5.908924
4286 6.702724
4287 5.639514
4288 6.149809
4289 6.631759
4290 6.346228
4291 6.577602
4292 5.516273
4293 5.305714
4294 6.303905
4295 5.571170
4296 4.075027
4297 4.591887
4298 4.265497
4299 4.597888
4300 5.674717
4301 3.723546
4302 4.692581
4303 5.097787
4304 5.531394
4305 4.162278
4306 3.896835
4307 3.898047
4308 3.969686
4309 3.838555
4310 4.004462
4311 3.925148
4312 3.407771
4313 3.920482
4314 3.718788
4315 3.777632
4316 3.798144
4317 4.203071
4318 3.756462
4319 6.012596
4320 5.263936
4321 4.060896
4322 3.307246
4323 3.508091
4324 3.515025
4325 3.727961
4326 3.627245
4327 4.877482
4328 5.683206
4329 6.367479
4330 6.847968
4331 3.747118
4332 3.586166
4333 3.324305
4334 3.615352
4335 3.732697
4336 3.468978
4337 3.897122
4338 3.529799
4339 3.804652
4340 3.774154
4341 3.564350
4342 3.512617
4343 3.572650
4344 3.938960
4345 3.380681
4346 3.622334
4347 3.691616
4348 3.594011
4349 3.655260
4350 3.283078
4351 3.465399
4352 3.525079
4353 3.801856
4354 3.698876
4355 3.612061
4356 3.815523
4357 3.572365
4358 3.407421
4359 3.749813
4360 3.374434
4361 3.894202
4362 4.065171
4363 3.658428
4364 3.885179
4365 3.985889
4366 3.574280
4367 3.825819
4368 3.775301
4369 3.760491
4370 3.978706
4371 3.696770
4372 3.676850
4373 3.561663
4374 3.539644
4375 3.510744
4376 3.612713
4377 3.961451
4378 3.795867
4379 3.654054
4380 3.803799
4381 3.765875
4382 3.736213
4383 3.801107
4384 3.289469
4385 3.420658
4386 5.388666
4387 3.369584
4388 3.754638
4389 3.750108
4390 4.092469
4391 3.663508
4392 3.453937
4393 3.443022
4394 3.704915
4395 3.389474
4396 3.881288
4397 3.676478
4398 3.591407
4399 3.832354
4400 3.858807
4401 3.889089
4402 3.698285
4403 3.636853
4404 3.381762
4405 3.839373
4406 3.650353
4407 3.626819
4408 3.640341
4409 4.011844
4410 3.877488
4411 4.017674
4412 3.860910
4413 3.743609
4414 3.881098
4415 3.852909
4416 3.581693
4417 3.802417
4418 3.981633
4419 3.473690
4420 3.937033
4421 3.882239
4422 3.859401
4423 3.777511
4424 3.838266
4425 3.773087
4426 3.793532
4427 3.938744
4428 3.844596
4429 3.728527
4430 3.805273
4431 3.480887
4432 3.823011
4433 3.822877
4434 3.759547
4435 4.108541
4436 3.855242
4437 3.579061
4438 3.585390
4439 3.888511
4440 3.511411
4441 3.717165
4442 3.596969
4443 3.712209
4444 3.526313
4445 3.678100
4446 3.704890
4447 3.668830
4448 4.010299
4449 3.809592
4450 3.643692
4451 3.878170
4452 3.819432
4453 3.695416
4454 3.838657
4455 3.650057
4456 3.897600
4457 3.646382
4458 3.991505
4459 3.734010
4460 3.815103
4461 3.794760
4462 3.873332
4463 3.832523
4464 3.263157
4465 3.883514
4466 3.743325
4467 3.928161
4468 4.087484
4469 3.760668
4470 3.929487
4471 3.822641
4472 3.615106
4473 4.207672
4474 3.773088
4475 3.862206
4476 3.730547
4477 3.654344
4478 3.559861
4479 3.799555
4480 3.807214
4481 3.537694
4482 3.756663
4483 3.975452
4484 3.692817
4485 3.624030
4486 3.704239
4487 3.791426
4488 3.780436
4489 3.457326
4490 3.770254
4491 3.860532
4492 3.873540
4493 3.727653
4494 3.636003
4495 3.711886
4496 3.872380
4497 3.612674
4498 3.537489
4499 3.717971
4500 3.849222
4501 3.672017
4502 4.095436
4503 3.800971
4504 3.963405
4505 3.750604
4506 3.899139
4507 3.868721
4508 3.362707
4509 3.215726
4510 3.591908
4511 3.196654
4512 3.416519
4513 3.415346
4514 3.480978
4515 3.245810
4516 3.503180
4517 3.356336
4518 3.475454
4519 3.717269
4520 6.338025
4521 5.961888
4522 6.014299
4523 3.828894
4524 3.658211
4525 3.917933
4526 3.791688
4527 4.079632
4528 3.670982
4529 3.685442
4530 3.600903
4531 3.918027
4532 3.622223
4533 3.888779
4534 3.949307
4535 6.593853
4536 5.221322
4537 5.336746
4538 5.050089
4539 5.032315
4540 3.776054
4541 3.623492
4542 3.882317
4543 3.624473
4544 3.638585
4545 3.434382
4546 3.777168
4547 3.525253
4548 3.710390
4549 3.698122
4550 3.600372
4551 3.535051
4552 3.266343
4553 3.559144
4554 4.073155
4555 3.730911
4556 3.657675
4557 3.661191
4558 3.707035
4559 3.817931
4560 3.487649
4561 3.657223
4562 3.696619
4563 3.744339
4564 3.745612
4565 3.498686
4566 3.662037
4567 3.742274
4568 3.849830
4569 3.969093
4570 3.856797
4571 3.960972
4572 3.544829
4573 3.884224
4574 3.701285
4575 3.427316
4576 3.812518
4577 3.656145
4578 3.881206
4579 3.726195
4580 3.924499
4581 3.824720
4582 3.840234
4583 3.606620
4584 3.839868
4585 3.570137
4586 3.739264
4587 3.960453
4588 3.852388
4589 3.854262
4590 3.613667
4591 3.622044
4592 3.622332
4593 3.691586
4594 3.633111
4595 3.847518
4596 4.107987
4597 8.943076
4598 9.273413
4599 7.744108
4600 10.575474
4601 7.517399
4602 8.856211
4603 8.723795
4604 9.303424
4605 11.180079
4606 10.415822
4607 6.085341
4608 6.446245
4609 8.583232
4610 8.489467
4611 10.045556
4612 8.579609
4613 6.074709
4614 8.494662
4615 9.665542
4616 11.007862
4617 10.070083
4618 11.296292
4619 9.249701
4620 7.963147
4621 8.314285
4622 7.585257
4623 8.369532
4624 9.643363
4625 9.236389
4626 8.811771
4627 9.704112
4628 10.480866
4629 10.340959
4630 10.267241
4631 10.468329
4632 9.772934
4633 9.795580
4634 9.308496
4635 10.412795
4636 10.191145
4637 10.008521
4638 9.467008
4639 9.379875
4640 5.932987
4641 6.826095
4642 5.936102
4643 6.096137
4644 6.550147
4645 5.831730
4646 6.175991
4647 5.017950
4648 5.100531
4649 5.254919
4650 5.802004
4651 7.206513
4652 5.703106
4653 6.210106
4654 5.824369
4655 5.691126
4656 6.072015
4657 5.680722
4658 5.699524
4659 5.985896
4660 5.723476
4661 5.319531
4662 5.595039
4663 5.504282
4664 7.211222
4665 6.763033
4666 5.427678
4667 6.052248
4668 5.514942
4669 5.509493
4670 5.338786
4671 6.118577
4672 8.306778
4673 5.713675
4674 4.876374
4675 6.212080
4676 5.092916
4677 5.358778
4678 5.986325
4679 3.862897
4680 3.872233
4681 3.685485
4682 3.801551
4683 3.717701
4684 3.821702
4685 3.745996
4686 4.094925
4687 5.988574
4688 6.288050
4689 5.604002
4690 5.726925
4691 5.573668
4692 5.871232
4693 5.394794
4694 5.683578
4695 3.808323
4696 3.220077
4697 3.601291
4698 3.795654
4699 3.932267
4700 3.822380
4701 4.023059
4702 3.711938
4703 3.798171
4704 3.792179
4705 3.452882
4706 3.806220
4707 3.657351
4708 3.928498
4709 3.447173
4710 3.890822
4711 3.750384
4712 3.722297
4713 3.817774
4714 3.796591
4715 3.777303
4716 3.620299
4717 3.788589
4718 3.822851
4719 3.720022
4720 3.670396
4721 3.689919
4722 3.863162
4723 3.795216
4724 3.648426
4725 3.997716
4726 3.580975
4727 3.772216
4728 3.839758
4729 4.013393
4730 3.753049
4731 3.806205
4732 3.914964
4733 3.831525
4734 5.388030
4735 3.935334
4736 3.837685
4737 3.788751
4738 3.852516
4739 3.713502
4740 3.643805
4741 3.843356
4742 3.837267
4743 3.929302
4744 3.781668
4745 3.904111
4746 3.759906
4747 3.740990
4748 3.849595
4749 3.696013
4750 3.845635
4751 3.704348
4752 3.997572
4753 3.827862
4754 5.785726
4755 5.577356
4756 5.499605
4757 6.622903
4758 5.443826
4759 6.474600
4760 6.131084
4761 6.170054
4762 5.940875
4763 6.061801
4764 6.132873
4765 5.677024
4766 6.310507
4767 5.610077
4768 5.745842
4769 7.220566
4770 5.441710
4771 5.539629
4772 6.110744
4773 3.846934
4774 3.908875
4775 3.827556
4776 3.624321
4777 3.620516
4778 3.614944
4779 3.875628
4780 3.863779
4781 4.015506
4782 5.460255
4783 6.147538
4784 6.031159
4785 5.588373
4786 5.842789
4787 6.566506
4788 5.652002
4789 5.652089
4790 6.427884
4791 5.750461
4792 5.839880
4793 5.991818
4794 5.958550
4795 5.846185
4796 6.498568
4797 5.977984
4798 5.888239
4799 3.643733
4800 3.961347
4801 3.858987
4802 3.730592
4803 3.636273
4804 3.320784
4805 3.570955
4806 3.902176
4807 3.847249
4808 3.371185
4809 3.736319
4810 3.661175
4811 3.826097
4812 3.736765
4813 3.794393
4814 3.787664
4815 3.771862
4816 3.617773
4817 3.524358
4818 4.057450
4819 3.887026
4820 3.625331
4821 4.024138
4822 3.826933
4823 3.620980
4824 6.093058
4825 4.742270
4826 3.867431
4827 5.889966
4828 3.869031
4829 6.051259
4830 7.692859
4831 7.188809
4832 5.988032
4833 5.224672
4834 3.991766
4835 3.700729
4836 3.741832
4837 3.992669
4838 3.800067
4839 3.865139
4840 3.790143
4841 3.727066
4842 3.973687
4843 3.648820
4844 3.924752
4845 3.852209
4846 3.607836
4847 3.764322
4848 3.966620
4849 3.821333
4850 3.771019
4851 3.814211
4852 3.629076
4853 3.724875
4854 3.663048
4855 3.552942
4856 3.891799
4857 3.614458
4858 5.212398
4859 3.852932
4860 3.531883
4861 3.819361
4862 3.916500
4863 3.872335
4864 4.134754
4865 3.908324
4866 3.776372
4867 3.749042
4868 3.609364
4869 3.599527
4870 3.742004
4871 3.975299
4872 3.827858
4873 3.849897
4874 3.622623
4875 3.662936
4876 4.100123
4877 3.810995
4878 3.798358
4879 3.928166
4880 3.604846
4881 3.774797
4882 3.583974
4883 3.751813
4884 3.830039
4885 3.833234
4886 4.351654
4887 4.497023
4888 6.095849
4889 5.369044
4890 3.552422
4891 5.402045
4892 6.283162
4893 3.742093
4894 3.678368
4895 4.064248
4896 3.632438
4897 3.943537
4898 3.682461
4899 3.830994
4900 3.642234
4901 3.944934
4902 3.864340
4903 3.569217
4904 3.860016
4905 3.986241
4906 3.751177
4907 3.823745
4908 3.675136
4909 3.552945
4910 3.711090
4911 3.591740
4912 5.587431
4913 3.711966
4914 3.719652
4915 3.513033
4916 3.680298
4917 3.718775
4918 3.919822
4919 3.728820
4920 3.718791
4921 3.793228
4922 3.907632
4923 3.905741
4924 3.719062
4925 3.699747
4926 3.555654
4927 3.745544
4928 5.515804
4929 5.759523
4930 5.859378
4931 5.877345
4932 5.749235
4933 5.237131
4934 3.716530
4935 3.772780
4936 3.603415
4937 3.647111
4938 3.233207
4939 3.864986
4940 3.848295
4941 3.505891
4942 3.585276
4943 4.016478
4944 3.954508
4945 3.682677
4946 4.045615
4947 3.754116
4948 3.770555
4949 3.780290
4950 3.768260
4951 3.741977
4952 3.663345
4953 3.878140
4954 3.916119
4955 3.625862
4956 3.595403
4957 3.798289
4958 3.718456
4959 3.682364
4960 3.876881
4961 5.373809
4962 3.853896
4963 3.748094
4964 3.830325
4965 3.446290
4966 3.757157
4967 3.425727
4968 3.739785
4969 3.614486
4970 3.628787
4971 3.833851
4972 3.832208
4973 3.443384
4974 3.866901
4975 4.044813
4976 3.882964
4977 3.873099
4978 3.909398
4979 3.630236
4980 3.478016
4981 3.575037
4982 3.731730
4983 3.932495
4984 3.767625
4985 3.723079
4986 3.952025
4987 3.905417
4988 3.907708
4989 3.728874
4990 3.878249
4991 3.566595
4992 4.051374
4993 3.854525
4994 3.668703
4995 3.805711
4996 3.846261
4997 3.784877
4998 3.834829
4999 3.931996
5000 3.833509
5001 8.999796

