
0 5.396359
1 6.145031
2 6.250261
3 5.376962
4 7.348755
5 8.350010
6 7.135574
7 5.570455
8 5.701239
9 5.250993
10 5.820039
11 5.463976
12 6.674587
13 9.871058
14 10.307658
15 9.336709
16 7.948795
17 9.159528
18 5.831752
19 6.806739
20 7.276028
21 5.194468
22 5.933686
23 5.617294
24 6.377502
25 8.097673
26 7.736168
27 6.607289
28 7.989553
29 11.561429
30 9.598511
31 7.010858
32 6.119491
33 6.566418
34 7.495703
35 7.460628
36 8.360025
37 7.453199
38 6.757733
39 6.695575
40 6.646579
41 6.696649
42 5.514146
43 5.194473
44 5.601973
45 6.729968
46 6.075636
47 7.964386
48 6.848701
49 6.803727
50 8.421719
51 6.478542
52 6.227636
53 7.083902
54 5.595159
55 6.477514
56 5.460923
57 7.829604
58 7.151691
59 7.743705
60 6.605312
61 6.008092
62 6.965435
63 7.583312
64 3.788271
65 3.931375
66 3.443343
67 4.733429
68 3.496432
69 3.611496
70 3.803803
71 6.765035
72 4.991144
73 6.795123
74 8.467469
75 7.310754
76 6.015213
77 7.884627
78 6.858603
79 7.481163
80 6.250642
81 6.222894
82 5.316409
83 7.354604
84 6.548621
85 6.134933
86 3.725828
87 3.990427
88 4.690219
89 6.015011
90 3.732894
91 4.278823
92 3.316934
93 3.288662
94 3.206147
95 4.108689
96 5.488050
97 3.769783
98 3.472916
99 3.735160
100 3.246938
101 3.600564
102 3.540411
103 3.296985
104 3.162688
105 3.322865
106 3.769311
107 3.852098
108 4.467230
109 3.516943
110 3.668766
111 3.614277
112 3.597071
113 3.475602
114 3.733794
115 3.879006
116 2.926385
117 3.782455
118 3.202447
119 3.472496
120 3.342893
121 3.514215
122 3.825569
123 3.596999
124 3.458701
125 3.326635
126 3.510653
127 3.271458
128 3.673198
129 3.459644
130 3.411061
131 3.832384
132 3.433862
133 3.457593
134 3.586846
135 4.506917
136 3.415253
137 3.198706
138 3.559397
139 4.385503
140 7.553080
141 4.025096
142 3.815624
143 3.756837
144 3.826695
145 3.687967
146 5.510662
147 3.685564
148 3.716796
149 3.960379
150 3.751111
151 3.524971
152 3.708716
153 3.519861
154 3.872469
155 3.578964
156 3.851675
157 3.196464
158 3.276369
159 3.252246
160 3.521022
161 3.153870
162 3.681199
163 5.406349
164 5.597408
165 3.321368
166 3.436405
167 3.342773
168 3.289751
169 3.819266
170 3.630393
171 3.612947
172 3.919822
173 3.992848
174 4.175559
175 3.252780
176 3.333042
177 3.243286
178 3.404552
179 3.506865
180 3.600156
181 3.723817
182 3.905844
183 3.193024
184 3.136264
185 3.351331
186 3.168930
187 3.335914
188 3.141818
189 3.850021
190 3.754325
191 3.849125
192 3.511201
193 4.060386
194 3.573084
195 3.755706
196 3.558497
197 3.880670
198 3.662814
199 3.672220
200 3.756444
201 3.845414
202 3.716372
203 4.049195
204 3.652986
205 4.878040
206 3.814723
207 3.756186
208 3.876156
209 3.611818
210 3.435484
211 3.221515
212 5.583951
213 3.432458
214 3.312914
215 3.683968
216 3.833027
217 3.740770
218 3.475280
219 3.818087
220 3.544598
221 4.629436
222 5.774598
223 5.208868
224 5.679554
225 3.824990
226 3.525239
227 5.621195
228 8.736277
229 8.258252
230 9.174242
231 8.108202
232 8.386985
233 7.007171
234 6.929422
235 7.436177
236 9.792802
237 9.531691
238 8.157376
239 8.125059
240 9.791556
241 7.915164
242 9.592866
243 10.410995
244 8.130128
245 9.432627
246 4.878289
247 7.368297
248 7.992106
249 8.598549
250 10.926585
251 9.032649
252 6.917293
253 5.737466
254 2.984450
255 3.703368
256 7.169392
257 9.504295
258 7.112774
259 9.441806
260 6.569477
261 6.470447
262 5.035397
263 5.956398
264 7.015954
265 5.121691
266 7.905750
267 5.293066
268 4.686708
269 5.130322
270 7.601336
271 6.340420
272 6.109570
273 8.751232
274 3.964740
275 3.739734
276 3.224440
277 3.307126
278 8.045829
279 5.286792
280 8.794716
281 5.258789
282 6.558437
283 6.717331
284 5.271634
285 3.801651
286 6.762789
287 7.442461
288 5.986670
289 6.908185
290 6.064392
291 3.666244
292 3.227484
293 3.455949
294 3.765007
295 3.913838
296 3.924553
297 3.160071
298 3.879256
299 3.487779
300 3.503896
301 3.138826
302 3.396264
303 3.336001
304 3.072484
305 3.545673
306 3.610010
307 3.704737
308 3.288169
309 3.409527
310 4.805433
311 3.320255
312 3.747708
313 3.467772
314 3.535331
315 3.417972
316 4.221693
317 5.120878
318 3.819266
319 3.689698
320 3.221461
321 3.430189
322 3.185626
323 3.572793
324 3.586331
325 3.436942
326 3.084055
327 3.581363
328 3.426572
329 3.710606
330 5.153211
331 3.158505
332 3.964261
333 3.927812
334 3.421315
335 3.815089
336 3.355449
337 6.009336
338 5.912534
339 6.351900
340 8.524699
341 5.507357
342 6.234977
343 6.123470
344 6.265419
345 5.752471
346 6.425623
347 6.491947
348 5.783231
349 6.326080
350 5.598340
351 6.098756
352 7.240159
353 7.259777
354 8.352898
355 8.595609
356 10.392850
357 6.965734
358 5.167934
359 6.594121
360 5.745440
361 7.248102
362 7.194684
363 7.453457
364 7.181448
365 7.607651
366 5.730709
367 7.666009
368 7.234418
369 6.994300
370 7.641211
371 6.675204
372 7.236984
373 8.174465
374 6.066503
375 7.293469
376 9.176080
377 6.937351
378 6.721188
379 5.148303
380 7.206616
381 9.068001
382 8.938380
383 8.192781
384 6.073639
385 8.775272
386 5.645865
387 5.434743
388 4.947899
389 5.907523
390 5.321249
391 7.160507
392 7.842690
393 7.768667
394 6.890074
395 7.231032
396 8.844407
397 8.015148
398 7.900694
399 7.410745
400 7.628901
401 8.396545
402 7.701035
403 7.562838
404 7.879971
405 6.739539
406 8.177788
407 5.238299
408 7.404884
409 6.537319
410 7.630782
411 7.714622
412 5.980383
413 5.120128
414 5.158931
415 5.706909
416 7.302224
417 6.848454
418 7.105172
419 5.462017
420 5.639191
421 5.449014
422 5.855475
423 3.654601
424 6.924116
425 8.115773
426 5.764113
427 9.807403
428 5.710308
429 8.535121
430 5.912804
431 7.757245
432 6.403662
433 7.701620
434 9.049074
435 8.913066
436 8.393673
437 6.788446
438 7.081388
439 7.203705
440 7.344935
441 7.693243
442 8.628006
443 8.802928
444 9.025359
445 6.187516
446 8.229961
447 7.053131
448 7.108942
449 7.233958
450 6.214408
451 7.533081
452 5.758987
453 3.864548
454 6.516511
455 4.859439
456 4.354148
457 7.327830
458 5.706033
459 7.972842
460 6.085368
461 7.144357
462 3.725720
463 3.833559
464 3.684280
465 3.689791
466 3.640262
467 3.670016
468 3.392831
469 3.641009
470 3.770160
471 3.283872
472 3.661303
473 3.407886
474 3.559576
475 3.918791
476 5.866216
477 6.807822
478 5.943117
479 5.967362
480 6.276206
481 7.120700
482 4.269086
483 7.454882
484 7.555874
485 6.296137
486 5.712802
487 7.020414
488 7.828115
489 5.725805
490 6.276196
491 3.594735
492 3.756073
493 3.456130
494 5.921550
495 6.023122
496 3.114642
497 3.452429
498 3.417620
499 3.357455
500 3.117978
501 3.624218
502 3.318337
503 3.588930
504 3.248107
505 3.745983
506 3.700082
507 3.598752
508 3.210375
509 3.645943
510 3.105642
511 3.096877
512 5.909559
513 7.482255
514 6.949584
515 5.250598
516 6.982735
517 7.414320
518 7.879130
519 7.704963
520 7.821642
521 8.335499
522 7.268522
523 6.671849
524 6.985045
525 6.874866
526 6.022514
527 7.737894
528 5.693578
529 6.795728
530 7.755159
531 3.677783
532 3.422487
533 3.271399
534 3.487044
535 3.168369
536 3.289264
537 3.357441
538 3.347248
539 3.088383
540 3.920340
541 3.622046
542 3.668207
543 3.593146
544 3.732343
545 3.624148
546 3.864831
547 3.204868
548 3.508399
549 3.325204
550 3.505576
551 3.105643
552 7.997039
553 3.251556
554 3.342895
555 3.847967
556 3.294401
557 5.951244
558 8.839638
559 8.810974
560 7.936892
561 7.833119
562 9.723239
563 7.532151
564 8.300023
565 3.778359
566 3.585327
567 4.008453
568 3.737493
569 3.781984
570 3.474494
571 3.970843
572 3.687087
573 3.680584
574 3.525812
575 3.428546
576 3.443033
577 3.269802
578 3.070078
579 3.158656
580 3.528670
581 3.246062
582 3.414629
583 8.957963
584 8.147221
585 7.485498
586 5.754600
587 5.696378
588 3.290931
589 3.359190
590 3.140107
591 3.230405
592 3.167412
593 3.306801
594 3.309715
595 4.637592
596 3.332822
597 3.142516
598 3.509617
599 3.902062
600 4.702079
601 8.210343
602 7.560082
603 5.613851
604 7.022155
605 8.180124
606 3.346111
607 3.273446
608 3.547210
609 5.367648
610 3.630135
611 3.867716
612 3.158921
613 3.523436
614 3.541149
615 3.358396
616 3.257620
617 3.786032
618 3.798504
619 3.289933
620 3.470027
621 3.187934
622 3.219099
623 3.493007
624 3.524916
625 3.133529
626 2.941110
627 3.787716
628 3.012581
629 3.724475
630 3.230381
631 3.063750
632 3.457820
633 3.310880
634 3.867504
635 3.183726
636 3.603416
637 3.123296
638 3.247906
639 3.393286
640 3.262469
641 3.641283
642 3.367404
643 3.397364
644 3.490282
645 3.086976
646 3.800174
647 3.508764
648 3.238968
649 3.664369
650 3.169918
651 3.083908
652 3.510756
653 3.812878
654 3.907995
655 3.773409
656 3.674304
657 3.883114
658 3.700514
659 3.842522
660 3.766937
661 3.326214
662 3.153854
663 3.183995
664 3.713232
665 3.895711
666 3.811471
667 3.637596
668 3.266714
669 3.363418
670 5.716543
671 3.502584
672 6.296712
673 6.298972
674 6.070405
675 4.915266
676 3.704605
677 4.133983
678 3.504681
679 3.688812
680 3.228947
681 3.531583
682 3.385399
683 3.727015
684 3.415391
685 3.725638
686 5.721327
687 3.336658
688 3.811960
689 3.347837
690 3.275449
691 3.416495
692 3.293539
693 3.512008
694 3.361520
695 3.328213
696 3.456385
697 3.517926
698 3.546799
699 3.578713
700 5.426245
701 5.705332
702 7.221478
703 6.908521
704 7.536559
705 6.246068
706 5.781167
707 5.037408
708 7.990532
709 7.489773
710 7.430284
711 7.086548
712 6.378032
713 7.654001
714 8.281669
715 4.998684
716 5.904356
717 5.137789
718 6.141276
719 5.771568
720 5.566517
721 5.032108
722 6.819047
723 7.647933
724 6.726978
725 8.362067
726 4.657308
727 3.662097
728 3.475199
729 4.091122
730 5.964171
731 3.528483
732 3.475064
733 8.464777
734 9.583451
735 10.304073
736 6.094593
737 8.213580
738 7.131102
739 7.944164
740 7.805508
741 6.133630
742 7.016707
743 7.704178
744 6.303216
745 5.502495
746 9.193593
747 8.459393
748 8.228428
749 8.560950
750 8.685004
751 7.357318
752 7.162816
753 7.857186
754 6.809797
755 7.945922
756 7.890813
757 6.922931
758 6.861529
759 8.214248
760 5.491925
761 7.198809
762 7.966162
763 9.379749
764 7.692740
765 7.554209
766 7.413746
767 8.813971
768 7.895103
769 8.508948
770 5.644617
771 7.356531
772 7.372497
773 6.568574
774 6.113257
775 4.821972
776 8.001015
777 9.999326
778 9.317868
779 9.357447
780 5.412449
781 4.438025
782 8.148929
783 6.481092
784 9.713953
785 10.360397
786 8.558166
787 9.799777
788 6.616822
789 7.308157
790 7.216228
791 6.908117
792 8.401158
793 8.662992
794 6.928514
795 7.587485
796 7.852023
797 7.196594
798 9.684999
799 9.123343
800 8.837062
801 7.780243
802 6.772268
803 3.785894
804 7.194766
805 6.004914
806 3.436083
807 3.296451
808 5.443565
809 3.514510
810 3.320249
811 5.567482
812 5.068892
813 3.243041
814 3.431062
815 3.171295
816 3.317439
817 3.173026
818 3.313453
819 3.801683
820 3.251864
821 3.487417
822 3.343338
823 3.169367
824 4.582017
825 4.385123
826 6.470459
827 5.617954
828 4.998222
829 5.185036
830 4.037795
831 4.589737
832 3.304087
833 3.284955
834 4.077178
835 3.403241
836 3.552773
837 5.118450
838 4.617211
839 4.620231
840 3.472913
841 3.740771
842 3.485056
843 3.361560
844 3.337565
845 3.482941
846 3.393680
847 3.267672
848 3.548100
849 3.554171
850 3.398621
851 3.315815
852 3.045353
853 3.411081
854 3.566863
855 3.278655
856 3.528235
857 3.171088
858 3.244658
859 3.267611
860 3.909107
861 3.166037
862 5.247302
863 6.021658
864 3.471576
865 3.746826
866 3.698976
867 3.700917
868 3.691106
869 3.267589
870 5.669888
871 3.578694
872 3.118565
873 3.500300
874 3.283922
875 5.260446
876 4.366786
877 3.341872
878 3.617639
879 3.135054
880 3.417831
881 3.512389
882 3.530587
883 3.225957
884 3.132316
885 3.243285
886 3.233791
887 3.164432
888 3.646656
889 3.281173
890 3.295834
891 3.409719
892 3.276239
893 3.389087
894 4.904569
895 3.033053
896 3.208117
897 3.418670
898 3.229054
899 4.884356
900 3.149423
901 3.464381
902 3.233135
903 3.438877
904 3.240813
905 3.624413
906 6.891195
907 3.318646
908 3.342933
909 3.912663
910 3.676927
911 3.300380
912 3.167981
913 3.781027
914 3.175220
915 3.442516
916 3.046517
917 3.204963
918 3.479008
919 3.273973
920 3.210567
921 3.707948
922 3.016507
923 3.302425
924 3.449581
925 3.320646
926 3.688985
927 3.143547
928 3.359674
929 3.587616
930 3.695319
931 3.687559
932 4.016878
933 3.472255
934 3.590002
935 3.373703
936 3.639343
937 3.258238
938 3.172023
939 3.408964
940 3.432479
941 3.244290
942 3.479726
943 3.082437
944 3.114001
945 3.232983
946 3.241759
947 3.436618
948 3.376796
949 3.331469
950 3.821870
951 3.456847
952 3.213663
953 5.986838
954 3.801698
955 3.488464
956 3.211134
957 5.342739
958 3.421382
959 3.269940
960 3.301043
961 3.819497
962 3.162879
963 3.294866
964 3.737113
965 3.606848
966 3.688946
967 3.679796
968 3.320017
969 3.331621
970 4.148731
971 3.511645
972 3.189137
973 3.378436
974 3.884513
975 3.425272
976 3.842580
977 3.560723
978 3.898571
979 3.359179
980 3.171582
981 3.232420
982 4.797942
983 3.489248
984 3.624869
985 3.672721
986 3.486096
987 3.617414
988 3.465174
989 3.240079
990 3.224859
991 3.198703
992 3.077940
993 3.670007
994 3.584436
995 3.233887
996 4.546259
997 3.370152
998 3.309832
999 3.438497
1000 3.741043
1001 3.345598
1002 3.148666
1003 4.372239
1004 3.339626
1005 3.431676
1006 3.020657
1007 3.564063
1008 3.607474
1009 3.730385
1010 3.681889
1011 3.125798
1012 3.404850
1013 3.401385
1014 3.281923
1015 3.438533
1016 3.529847
1017 3.397148
1018 3.647092
1019 3.893284
1020 3.866032
1021 3.694457
1022 3.569659
1023 3.751459
1024 5.860820
1025 5.467031
1026 5.711397
1027 3.644794
1028 5.279178
1029 7.586381
1030 5.160648
1031 5.624418
1032 7.493047
1033 7.264082
1034 9.153739
1035 6.787535
1036 8.048426
1037 9.756157
1038 9.520656
1039 7.637233
1040 7.213342
1041 6.206757
1042 8.582948
1043 6.877825
1044 6.085665
1045 7.190089
1046 8.442564
1047 7.496954
1048 7.029896
1049 7.372612
1050 5.953963
1051 6.042077
1052 7.569977
1053 8.264355
1054 8.215239
1055 10.013086
1056 9.446399
1057 8.120624
1058 8.336375
1059 8.172869
1060 8.904170
1061 7.449914
1062 8.362207
1063 8.595180
1064 9.325358
1065 7.749924
1066 5.937427
1067 6.386736
1068 5.909330
1069 5.750929
1070 7.029995
1071 5.976659
1072 6.899494
1073 8.050560
1074 7.360120
1075 8.373081
1076 8.539659
1077 6.086525
1078 7.441382
1079 5.420796
1080 5.418265
1081 7.015472
1082 7.388952
1083 10.457328
1084 9.586565
1085 10.077748
1086 10.330072
1087 5.400907
1088 10.503452
1089 7.930782
1090 6.970341
1091 6.645432
1092 7.731909
1093 8.432251
1094 10.115321
1095 9.170753
1096 7.440227
1097 6.143532
1098 5.343642
1099 6.060423
1100 8.320532
1101 6.665239
1102 8.380297
1103 11.257878
1104 9.264289
1105 8.512143
1106 5.753980
1107 7.674930
1108 7.779192
1109 8.169950
1110 6.559754
1111 7.551130
1112 6.813985
1113 9.321295
1114 7.476265
1115 8.806686
1116 8.906956
1117 7.405145
1118 8.325127
1119 7.422860
1120 6.671669
1121 6.420363
1122 8.747858
1123 7.642651
1124 6.778156
1125 7.392522
1126 6.872575
1127 8.240785
1128 9.075516
1129 6.205562
1130 6.726485
1131 8.207626
1132 8.355636
1133 8.740994
1134 6.790658
1135 8.999382
1136 9.746087
1137 8.472866
1138 7.738852
1139 4.704350
1140 5.035617
1141 8.442461
1142 5.274897
1143 6.095657
1144 8.166520
1145 7.100666
1146 3.745983
1147 3.783102
1148 3.582643
1149 7.328817
1150 6.988666
1151 4.947818
1152 7.785431
1153 7.012056
1154 7.823157
1155 7.317220
1156 7.127335
1157 9.040459
1158 6.948222
1159 7.356686
1160 4.817934
1161 8.084780
1162 7.536985
1163 7.833159
1164 7.987675
1165 8.755309
1166 9.468117
1167 6.826680
1168 6.806512
1169 8.365150
1170 7.384799
1171 5.283995
1172 6.895950
1173 7.063386
1174 7.264754
1175 6.796129
1176 7.318233
1177 8.515400
1178 7.825248
1179 6.559080
1180 6.170853
1181 7.539070
1182 5.603090
1183 4.697753
1184 5.661710
1185 8.802100
1186 9.834374
1187 9.657647
1188 11.473294
1189 9.415453
1190 9.566682
1191 8.984754
1192 8.509901
1193 9.466647
1194 9.405300
1195 8.262328
1196 7.954355
1197 7.753799
1198 10.433057
1199 10.816658
1200 8.268170
1201 8.839935
1202 8.311785
1203 7.055326
1204 8.331267
1205 8.005259
1206 8.061381
1207 8.646213
1208 8.744574
1209 6.296952
1210 7.105455
1211 6.307393
1212 8.002791
1213 9.227913
1214 9.409815
1215 10.044946
1216 10.118150
1217 7.444887
1218 8.010857
1219 7.399879
1220 8.861780
1221 9.001924
1222 6.257201
1223 7.260719
1224 4.503196
1225 8.281507
1226 6.887921
1227 9.121547
1228 7.964474
1229 8.525311
1230 8.927489
1231 8.238458
1232 6.243416
1233 9.415800
1234 8.748180
1235 12.666502
1236 9.049681
1237 8.851589
1238 9.989429
1239 8.937596
1240 7.895465
1241 7.317719
1242 6.802022
1243 6.851106
1244 6.390205
1245 5.446782
1246 5.692538
1247 5.956190
1248 5.876967
1249 6.307376
1250 6.262915
1251 6.933817
1252 7.016384
1253 5.655456
1254 6.407573
1255 7.481211
1256 9.263105
1257 10.050510
1258 8.858046
1259 6.537364
1260 7.398241
1261 8.245101
1262 7.990173
1263 8.399323
1264 8.037996
1265 9.337331
1266 9.041248
1267 8.921945
1268 8.444657
1269 7.727913
1270 7.924511
1271 6.932213
1272 6.921341
1273 7.831891
1274 5.556208
1275 8.607091
1276 7.960080
1277 7.150629
1278 9.445027
1279 10.126774
1280 7.646109
1281 8.106161
1282 5.391149
1283 7.217884
1284 8.046102
1285 8.032495
1286 9.142268
1287 7.558009
1288 9.944010
1289 6.545539
1290 7.333138
1291 6.924323
1292 6.756227
1293 7.893444
1294 7.548768
1295 6.851532
1296 6.869967
1297 5.932270
1298 6.288182
1299 5.614022
1300 6.622929
1301 6.450071
1302 5.499761
1303 3.324954
1304 3.215755
1305 3.124194
1306 3.424999
1307 3.168359
1308 4.782428
1309 5.471462
1310 6.332977
1311 6.933062
1312 7.040370
1313 7.250721
1314 6.232151
1315 6.581106
1316 5.242481
1317 5.591805
1318 7.881000
1319 6.801774
1320 7.841739
1321 7.212664
1322 7.683809
1323 8.361492
1324 8.180966
1325 7.498703
1326 8.812454
1327 7.914864
1328 9.506386
1329 9.787923
1330 8.438908
1331 10.140674
1332 9.668163
1333 8.734135
1334 8.784093
1335 8.816149
1336 8.709976
1337 6.308005
1338 5.517632
1339 8.271361
1340 8.294616
1341 8.980536
1342 8.238539
1343 8.608385
1344 8.282228
1345 9.318636
1346 8.674775
1347 4.876907
1348 5.334453
1349 5.596041
1350 7.526346
1351 7.629856
1352 11.248637
1353 9.822919
1354 9.596957
1355 8.950611
1356 8.464844
1357 9.113118
1358 9.506654
1359 10.208908
1360 9.404739
1361 8.029757
1362 5.444748
1363 8.847950
1364 5.417462
1365 3.880961
1366 3.363288
1367 3.745319
1368 3.923027
1369 3.578291
1370 3.361045
1371 3.647367
1372 3.315372
1373 6.219515
1374 5.757822
1375 6.262679
1376 8.054945
1377 7.681950
1378 6.784585
1379 5.506315
1380 5.608465
1381 5.528514
1382 6.277301
1383 6.207356
1384 6.859022
1385 7.334608
1386 5.059658
1387 8.418569
1388 8.485646
1389 8.991920
1390 7.284032
1391 7.066925
1392 6.386509
1393 7.129476
1394 7.741506
1395 5.239597
1396 9.302944
1397 7.852909
1398 7.997066
1399 5.710347
1400 4.649819
1401 6.225162
1402 5.792285
1403 7.141867
1404 8.816154
1405 8.451338
1406 8.552782
1407 9.041073
1408 9.749352
1409 8.767055
1410 8.586343
1411 10.387491
1412 8.671159
1413 10.362588
1414 11.443458
1415 10.496311
1416 9.835442
1417 7.979635
1418 8.899343
1419 5.798412
1420 5.432924
1421 7.936219
1422 8.176700
1423 5.348123
1424 7.878769
1425 4.650699
1426 6.283144
1427 3.813345
1428 3.657763
1429 6.738350
1430 5.962143
1431 6.127588
1432 7.954129
1433 8.100376
1434 9.165947
1435 8.377879
1436 8.716117
1437 7.193061
1438 8.980927
1439 7.704689
1440 7.506672
1441 9.105568
1442 7.061164
1443 7.700406
1444 7.914263
1445 6.703727
1446 7.300583
1447 5.787337
1448 6.112327
1449 4.957312
1450 5.991438
1451 6.731104
1452 7.673679
1453 8.831316
1454 7.776148
1455 7.731915
1456 7.229139
1457 7.910065
1458 7.401118
1459 5.804558
1460 6.790534
1461 7.719663
1462 6.097948
1463 6.870237
1464 7.631063
1465 6.239280
1466 5.160085
1467 6.112489
1468 5.143908
1469 3.313736
1470 3.167143
1471 3.156362
1472 3.209377
1473 3.662057
1474 3.264934
1475 3.463497
1476 3.677777
1477 4.971810
1478 3.679649
1479 7.158253
1480 7.512665
1481 6.812458
1482 6.470547
1483 7.039990
1484 6.651112
1485 7.301110
1486 6.218412
1487 9.257149
1488 9.058802
1489 7.251017
1490 8.086793
1491 7.219145
1492 5.792049
1493 5.321856
1494 8.048313
1495 6.119874
1496 8.426606
1497 5.571305
1498 5.588824
1499 5.240048
1500 5.558433
1501 4.487475
1502 7.512486
1503 6.789853
1504 7.906098
1505 7.807271
1506 6.990286
1507 7.947364
1508 7.053536
1509 8.102604
1510 7.036909
1511 4.277595
1512 7.330379
1513 6.801905
1514 6.422911
1515 6.661596
1516 7.085346
1517 8.691755
1518 8.437746
1519 6.982679
1520 10.217193
1521 6.993546
1522 8.299248
1523 6.383950
1524 7.290398
1525 8.414355
1526 6.681475
1527 7.704780
1528 7.526690
1529 8.896813
1530 9.824209
1531 9.803732
1532 12.021009
1533 9.846543
1534 9.163314
1535 8.689382
1536 8.586977
1537 7.406122
1538 7.246253
1539 9.187475
1540 7.741452
1541 7.714892
1542 8.781863
1543 5.054843
1544 7.003435
1545 7.593791
1546 7.399520
1547 5.997371
1548 5.082761
1549 3.143267
1550 3.451681
1551 3.011678
1552 3.754187
1553 3.535571
1554 3.738516
1555 3.708649
1556 3.514383
1557 3.203028
1558 3.606145
1559 3.771538
1560 3.387242
1561 3.776374
1562 3.411987
1563 3.490690
1564 3.151664
1565 3.345800
1566 3.485603
1567 3.311930
1568 3.705485
1569 3.662171
1570 3.715503
1571 3.706342
1572 3.742954
1573 3.276675
1574 3.331980
1575 3.762482
1576 3.956130
1577 3.827438
1578 3.481926
1579 3.930914
1580 3.614129
1581 3.832130
1582 3.852545
1583 3.437748
1584 3.535385
1585 3.652763
1586 3.618304
1587 3.720781
1588 3.273906
1589 4.521640
1590 3.400717
1591 3.299305
1592 3.479141
1593 3.387906
1594 3.436680
1595 3.187577
1596 3.329036
1597 3.665252
1598 3.877382
1599 3.714039
1600 3.320078
1601 3.463505
1602 3.648817
1603 3.170644
1604 3.538295
1605 3.212493
1606 3.313572
1607 3.835964
1608 5.842644
1609 3.423060
1610 3.699523
1611 3.250263
1612 3.589516
1613 3.695776
1614 3.812332
1615 3.777487
1616 3.719537
1617 3.491086
1618 3.731354
1619 3.528929
1620 3.434799
1621 3.502638
1622 6.438219
1623 6.867390
1624 6.750298
1625 6.608924
1626 7.184579
1627 8.093758
1628 5.544909
1629 9.478209
1630 8.733705
1631 9.319412
1632 13.495591
1633 9.686053
1634 10.520915
1635 10.569806
1636 7.354839
1637 6.066130
1638 6.417051
1639 5.549867
1640 6.940526
1641 6.054218
1642 6.379239
1643 5.741805
1644 5.563248
1645 8.511253
1646 9.476571
1647 9.661311
1648 6.866808
1649 5.595026
1650 6.957417
1651 6.093883
1652 6.680920
1653 5.852811
1654 7.885019
1655 7.376213
1656 7.412313
1657 7.412341
1658 6.787084
1659 5.801049
1660 6.193915
1661 6.899092
1662 5.344884
1663 5.440680
1664 6.618337
1665 6.375499
1666 5.507385
1667 5.410468
1668 6.194302
1669 4.901202
1670 5.916508
1671 5.361749
1672 5.784131
1673 6.069424
1674 5.354249
1675 7.087272
1676 5.697237
1677 7.087611
1678 6.457286
1679 5.536867
1680 5.186013
1681 6.161400
1682 4.975627
1683 5.708649
1684 5.340080
1685 5.219510
1686 5.490679
1687 6.483211
1688 6.048874
1689 5.485911
1690 5.376046
1691 5.742286
1692 6.208486
1693 6.876303
1694 5.576039
1695 6.170667
1696 6.885764
1697 7.107298
1698 7.597281
1699 8.006730
1700 8.058073
1701 8.564471
1702 7.486950
1703 8.020812
1704 5.993546
1705 6.511788
1706 6.827359
1707 7.269958
1708 6.703254
1709 6.958726
1710 4.850020
1711 7.909720
1712 6.536829
1713 5.445682
1714 5.337768
1715 6.261268
1716 5.337831
1717 8.165690
1718 4.938531
1719 6.023253
1720 6.386629
1721 8.066750
1722 6.583747
1723 6.912530
1724 7.094848
1725 5.498852
1726 6.679965
1727 7.402356
1728 5.974237
1729 5.764382
1730 7.929006
1731 5.239439
1732 6.913815
1733 8.256414
1734 7.157437
1735 7.904753
1736 7.316674
1737 8.309822
1738 7.801815
1739 5.882772
1740 6.146045
1741 7.098566
1742 7.558782
1743 10.430458
1744 7.184502
1745 8.591488
1746 5.899632
1747 9.175490
1748 9.728075
1749 7.758778
1750 7.572646
1751 5.725557
1752 6.297973
1753 6.487527
1754 6.224101
1755 7.141018
1756 7.582470
1757 7.143018
1758 7.172735
1759 4.205642
1760 6.991701
1761 9.184059
1762 8.035942
1763 11.918767
1764 7.142618
1765 5.988937
1766 9.855990
1767 6.403545
1768 7.522883
1769 8.409333
1770 6.171179
1771 5.488115
1772 5.747663
1773 6.585712
1774 8.903782
1775 5.152616
1776 6.280739
1777 6.382110
1778 6.006763
1779 7.179098
1780 7.368726
1781 7.480264
1782 7.615851
1783 7.992233
1784 6.010408
1785 3.314590
1786 3.349628
1787 3.078579
1788 3.754058
1789 3.675932
1790 3.107476
1791 3.387121
1792 3.235071
1793 3.107327
1794 3.286473
1795 3.561531
1796 3.206635
1797 3.287955
1798 3.793494
1799 3.937377
1800 3.717102
1801 3.761769
1802 3.006327
1803 3.285805
1804 3.269220
1805 3.288784
1806 3.961571
1807 3.423533
1808 3.533746
1809 3.641031
1810 3.492979
1811 5.519096
1812 8.679701
1813 5.766011
1814 5.611936
1815 5.450104
1816 5.741443
1817 4.295518
1818 7.556578
1819 6.621203
1820 6.640040
1821 6.196052
1822 3.043629
1823 3.377024
1824 3.557886
1825 3.300972
1826 3.354923
1827 3.782485
1828 3.908383
1829 3.456369
1830 3.891350
1831 3.496548
1832 3.714744
1833 3.440189
1834 3.466454
1835 3.459974
1836 3.419434
1837 3.509216
1838 3.309470
1839 3.073827
1840 3.097431
1841 3.300232
1842 3.332473
1843 4.000911
1844 3.370904
1845 3.310971
1846 3.385424
1847 3.688767
1848 3.744354
1849 3.619640
1850 3.067506
1851 3.417062
1852 3.298579
1853 3.101629
1854 3.427214
1855 3.788313
1856 3.363377
1857 3.125836
1858 3.365160
1859 3.545713
1860 3.377295
1861 3.595699
1862 3.074120
1863 3.767308
1864 3.124270
1865 3.556008
1866 3.850935
1867 3.278858
1868 3.819700
1869 3.563934
1870 3.085981
1871 3.390075
1872 3.524895
1873 3.828135
1874 3.927640
1875 3.780864
1876 3.283457
1877 6.041104
1878 5.391114
1879 3.254458
1880 3.182137
1881 3.328031
1882 3.543901
1883 3.234032
1884 3.504702
1885 3.508078
1886 3.482999
1887 3.882038
1888 3.454545
1889 3.554298
1890 3.542518
1891 3.691633
1892 3.043169
1893 3.845372
1894 3.652841
1895 3.498457
1896 3.457234
1897 3.442980
1898 3.454068
1899 3.315263
1900 3.252968
1901 3.251169
1902 3.318388
1903 3.845543
1904 3.496366
1905 3.468153
1906 3.671772
1907 3.700726
1908 3.957409
1909 3.646866
1910 3.172962
1911 3.604305
1912 3.248947
1913 3.372521
1914 3.605148
1915 3.866536
1916 3.371310
1917 3.633092
1918 3.594751
1919 3.563174
1920 3.658606
1921 3.182547
1922 3.409429
1923 3.359685
1924 3.684956
1925 3.228217
1926 4.803031
1927 3.527081
1928 3.369346
1929 3.007766
1930 4.060014
1931 4.937179
1932 6.556629
1933 3.596251
1934 5.343309
1935 3.124181
1936 3.187566
1937 3.558612
1938 3.241290
1939 5.231928
1940 5.035253
1941 3.319308
1942 7.422154
1943 5.360692
1944 7.457433
1945 10.717413
1946 10.861743
1947 5.928734
1948 7.133529
1949 8.505168
1950 8.331007
1951 7.242439
1952 8.821339
1953 6.532645
1954 5.795061
1955 6.091385
1956 4.805353
1957 5.136191
1958 6.702679
1959 8.056328
1960 5.681806
1961 5.803502
1962 7.788857
1963 6.983301
1964 7.335243
1965 8.275686
1966 6.403698
1967 7.122456
1968 7.266066
1969 9.813409
1970 6.700436
1971 9.474463
1972 9.873853
1973 9.995696
1974 11.659511
1975 7.504346
1976 10.463564
1977 9.204987
1978 9.959045
1979 10.694848
1980 8.039895
1981 7.729856
1982 9.972432
1983 7.294332
1984 6.899058
1985 8.974016
1986 6.399965
1987 6.662387
1988 9.026703
1989 7.159909
1990 6.882402
1991 7.591217
1992 7.865460
1993 7.610546
1994 8.699930
1995 7.686316
1996 7.074026
1997 7.263957
1998 7.475733
1999 6.397197
2000 8.313707
2001 7.418668
2002 7.728093
2003 6.717941
2004 7.303138
2005 6.802274
2006 5.577853
2007 6.370604
2008 7.415137
2009 8.645883
2010 7.911865
2011 8.032609
2012 8.242944
2013 7.565469
2014 6.185182
2015 5.810118
2016 6.362654
2017 8.519034
2018 7.210423
2019 9.218860
2020 8.332455
2021 7.032848
2022 7.596539
2023 6.047653
2024 7.570700
2025 6.953293
2026 8.389670
2027 7.707506
2028 8.649682
2029 7.065526
2030 8.558283
2031 7.184163
2032 7.988678
2033 7.757556
2034 5.751006
2035 9.410059
2036 6.853179
2037 7.090443
2038 6.385754
2039 11.365601
2040 9.681315
2041 9.150152
2042 6.941276
2043 7.382043
2044 8.368440
2045 10.817925
2046 7.552430
2047 8.377872
2048 5.978477
2049 6.892959
2050 5.924234
2051 7.251398
2052 5.563819
2053 6.452732
2054 7.456601
2055 7.212591
2056 5.716973
2057 5.736249
2058 3.723874
2059 3.332190
2060 3.409059
2061 3.945190
2062 4.679082
2063 3.989560
2064 4.181209
2065 6.458800
2066 6.573103
2067 6.001175
2068 5.742341
2069 6.856573
2070 7.605821
2071 9.800583
2072 9.251107
2073 8.486204
2074 7.494375
2075 5.862789
2076 6.516014
2077 6.007688
2078 7.656036
2079 5.972418
2080 6.995114
2081 5.461020
2082 6.694292
2083 5.962986
2084 6.500417
2085 4.738707
2086 3.518419
2087 3.241119
2088 3.349479
2089 3.327698
2090 3.327423
2091 3.412748
2092 3.416225
2093 3.331757
2094 3.606031
2095 3.881793
2096 3.229377
2097 3.746548
2098 3.644043
2099 3.893683
2100 3.270486
2101 3.553184
2102 3.360925
2103 3.258851
2104 3.162606
2105 3.259158
2106 5.487057
2107 5.713305
2108 9.599838
2109 8.378366
2110 9.457921
2111 7.934033
2112 7.475753
2113 8.125974
2114 5.785533
2115 5.257336
2116 7.071023
2117 7.362086
2118 5.998174
2119 5.913057
2120 7.144817
2121 6.570316
2122 8.015790
2123 8.706028
2124 8.271165
2125 6.279174
2126 7.309650
2127 8.452996
2128 7.287917
2129 8.952973
2130 6.414215
2131 8.624619
2132 7.228095
2133 6.969430
2134 8.008272
2135 10.674325
2136 9.231822
2137 7.160652
2138 6.586879
2139 8.263336
2140 9.740491
2141 8.905401
2142 11.172492
2143 8.376840
2144 9.978539
2145 8.592712
2146 10.445336
2147 13.020729
2148 12.602327
2149 12.079254
2150 10.552673
2151 7.141893
2152 9.298992
2153 8.001711
2154 8.853305
2155 8.618130
2156 7.909752
2157 7.006519
2158 8.059282
2159 8.167322
2160 7.948402
2161 7.424997
2162 7.722155
2163 7.564324
2164 6.446865
2165 6.246740
2166 6.094825
2167 6.602721
2168 6.217947
2169 6.262864
2170 6.848224
2171 7.086677
2172 5.629626
2173 4.671926
2174 7.918305
2175 5.224689
2176 6.822833
2177 7.031965
2178 7.003367
2179 5.780120
2180 5.836073
2181 6.616263
2182 6.876132
2183 4.621968
2184 5.534592
2185 7.430454
2186 5.195237
2187 7.319283
2188 9.590031
2189 6.141904
2190 6.302055
2191 5.055101
2192 6.938317
2193 7.217657
2194 6.360929
2195 5.571239
2196 5.991760
2197 4.809432
2198 5.872051
2199 4.891265
2200 5.330487
2201 6.903342
2202 7.122720
2203 9.026680
2204 6.103792
2205 4.740194
2206 8.121804
2207 6.056373
2208 6.568341
2209 5.896019
2210 5.153925
2211 5.241383
2212 5.850158
2213 5.288581
2214 5.455517
2215 6.473712
2216 5.397809
2217 5.934249
2218 6.092210
2219 6.517915
2220 6.064632
2221 5.786341
2222 6.349577
2223 5.348022
2224 4.828106
2225 5.438069
2226 3.733453
2227 3.456624
2228 3.735795
2229 3.270929
2230 3.571377
2231 3.381379
2232 3.651220
2233 3.755399
2234 3.730169
2235 3.616130
2236 3.816441
2237 3.522793
2238 6.262357
2239 8.679168
2240 8.667356
2241 3.603456
2242 3.584371
2243 3.837435
2244 3.866140
2245 6.263935
2246 5.612102
2247 6.813838
2248 5.715491
2249 6.612423
2250 5.039000
2251 3.611013
2252 3.670922
2253 4.635796
2254 5.637492
2255 6.402718
2256 4.810460
2257 4.904092
2258 7.165368
2259 5.800807
2260 8.667603
2261 3.967946
2262 3.780912
2263 3.688644
2264 3.727687
2265 3.261435
2266 6.954349
2267 8.658976
2268 8.478578
2269 6.600197
2270 5.143503
2271 6.880448
2272 6.957968
2273 5.191083
2274 7.195951
2275 7.110557
2276 6.494593
2277 9.254714
2278 9.513804
2279 8.526963
2280 3.776185
2281 3.112297
2282 3.523594
2283 5.034531
2284 4.865400
2285 5.705471
2286 6.201252
2287 8.218235
2288 8.076343
2289 6.523213
2290 8.202163
2291 8.527208
2292 8.446659
2293 7.475140
2294 8.608863
2295 6.662241
2296 8.299710
2297 6.074687
2298 5.303833
2299 5.368607
2300 5.006423
2301 5.470559
2302 5.444798
2303 6.351722
2304 8.236898
2305 6.685845
2306 9.878347
2307 9.656549
2308 12.179563
2309 10.065927
2310 6.438742
2311 7.590294
2312 6.571306
2313 6.480521
2314 8.786767
2315 6.952940
2316 4.789353
2317 7.837865
2318 4.665418
2319 5.749660
2320 5.784070
2321 9.009070
2322 8.797880
2323 9.726349
2324 9.399398
2325 6.210433
2326 6.761796
2327 7.292026
2328 7.747332
2329 6.744468
2330 4.232201
2331 5.972947
2332 9.998554
2333 11.245205
2334 8.398008
2335 9.514015
2336 11.155843
2337 10.221522
2338 10.165838
2339 11.533222
2340 9.472373
2341 9.520327
2342 7.027816
2343 7.785250
2344 11.349251
2345 6.369207
2346 5.427505
2347 7.374483
2348 6.059260
2349 7.058653
2350 5.744369
2351 7.080183
2352 8.750211
2353 12.031829
2354 8.798306
2355 5.057034
2356 5.437382
2357 6.115974
2358 9.354172
2359 7.934694
2360 7.249630
2361 7.414093
2362 8.523265
2363 7.829193
2364 6.662988
2365 7.071705
2366 6.310273
2367 8.036598
2368 7.351608
2369 5.702188
2370 6.184117
2371 6.069551
2372 5.154116
2373 7.897121
2374 7.975195
2375 6.629307
2376 9.168063
2377 6.461608
2378 7.906111
2379 6.937592
2380 8.470737
2381 6.392846
2382 7.670552
2383 7.834323
2384 6.143463
2385 7.507581
2386 8.682055
2387 7.634166
2388 9.133453
2389 6.796511
2390 8.141912
2391 6.811996
2392 7.849645
2393 7.540215
2394 6.700631
2395 7.158832
2396 7.661903
2397 8.008196
2398 6.638775
2399 7.534053
2400 9.461132
2401 8.960484
2402 5.447587
2403 5.645360
2404 5.463483
2405 7.184937
2406 6.942858
2407 6.276725
2408 5.867557
2409 6.188657
2410 5.548193
2411 3.410587
2412 3.308857
2413 3.193542
2414 3.809091
2415 3.599037
2416 3.237422
2417 3.689018
2418 3.400231
2419 3.212617
2420 3.972315
2421 3.349396
2422 3.457439
2423 3.076495
2424 3.522965
2425 7.130063
2426 6.356527
2427 4.917540
2428 5.538782
2429 5.556346
2430 6.116975
2431 5.662341
2432 7.390575
2433 6.931940
2434 7.571740
2435 7.308500
2436 7.402303
2437 7.111710
2438 5.979518
2439 8.398983
2440 5.589301
2441 3.457716
2442 5.315162
2443 6.270928
2444 5.263517
2445 3.519600
2446 3.100498
2447 3.663201
2448 3.183673
2449 3.460584
2450 3.114835
2451 3.845271
2452 3.337089
2453 3.539464
2454 3.276014
2455 3.304175
2456 3.232243
2457 3.841784
2458 3.846682
2459 3.840693
2460 3.664690
2461 3.589023
2462 3.742151
2463 3.223463
2464 3.617528
2465 3.193443
2466 3.303955
2467 3.643861
2468 3.106177
2469 3.229700
2470 3.476175
2471 3.265394
2472 6.905610
2473 6.236777
2474 6.797024
2475 6.215835
2476 6.610075
2477 5.952513
2478 7.681867
2479 8.699413
2480 7.935110
2481 7.895270
2482 7.592497
2483 7.426011
2484 6.048102
2485 7.480951
2486 5.912124
2487 6.064507
2488 6.359920
2489 7.331464
2490 8.534598
2491 8.135460
2492 3.156479
2493 3.630246
2494 3.435551
2495 3.184671
2496 3.170535
2497 3.742661
2498 3.997757
2499 3.853859
2500 3.414572
2501 3.384853
2502 3.204547
2503 3.327557
2504 4.810680
2505 3.160835
2506 3.757053
2507 3.179275
2508 3.100497
2509 7.787242
2510 4.840452
2511 5.391585
2512 6.251672
2513 7.058789
2514 3.927711
2515 7.912407
2516 6.587039
2517 5.144183
2518 5.875385
2519 5.964077
2520 5.823362
2521 5.249212
2522 5.862164
2523 6.919249
2524 5.761559
2525 7.210166
2526 6.597827
2527 6.113422
2528 5.880311
2529 7.048313
2530 7.124479
2531 8.128399
2532 7.085437
2533 6.064412
2534 5.843923
2535 7.091643
2536 6.520516
2537 5.664867
2538 6.203755
2539 5.621285
2540 7.250632
2541 5.306472
2542 7.086053
2543 6.466136
2544 6.728777
2545 6.454475
2546 6.590870
2547 7.275960
2548 5.474834
2549 6.550072
2550 7.673214
2551 7.281062
2552 5.783304
2553 6.370502
2554 6.377920
2555 5.431395
2556 6.903162
2557 6.883798
2558 7.836074
2559 6.986135
2560 5.701349
2561 9.209059
2562 6.130481
2563 7.115873
2564 8.089334
2565 9.267198
2566 7.108799
2567 8.042905
2568 5.725296
2569 5.312554
2570 6.134832
2571 6.709973
2572 5.375548
2573 4.568527
2574 6.837761
2575 6.465569
2576 7.125695
2577 7.360309
2578 7.462468
2579 7.815427
2580 7.718047
2581 8.692766
2582 7.808407
2583 8.153589
2584 7.401337
2585 8.354210
2586 8.519943
2587 7.975582
2588 8.741310
2589 7.268239
2590 9.193398
2591 8.010501
2592 7.283328
2593 7.493865
2594 7.184862
2595 7.922938
2596 7.560252
2597 8.304634
2598 8.049012
2599 8.754663
2600 6.912323
2601 6.550034
2602 6.983536
2603 5.518174
2604 7.681204
2605 7.272008
2606 8.394412
2607 7.564961
2608 6.063471
2609 7.884498
2610 9.778679
2611 8.314158
2612 7.272239
2613 6.827095
2614 7.549470
2615 6.613280
2616 8.420200
2617 8.848907
2618 7.910956
2619 7.309306
2620 6.695652
2621 8.674503
2622 5.632053
2623 6.078533
2624 5.291285
2625 5.887935
2626 5.585294
2627 4.954528
2628 5.481873
2629 6.166814
2630 6.332124
2631 4.717591
2632 7.807391
2633 8.571605
2634 7.483939
2635 7.328559
2636 6.055498
2637 7.723843
2638 6.808007
2639 5.944975
2640 7.659776
2641 5.715539
2642 7.058429
2643 9.313421
2644 10.513246
2645 11.193724
2646 10.154160
2647 9.371382
2648 9.324546
2649 9.444534
2650 9.555791
2651 11.549333
2652 9.266685
2653 10.099365
2654 10.108640
2655 8.912935
2656 7.590703
2657 5.753210
2658 8.686544
2659 10.993520
2660 10.977632
2661 9.060231
2662 6.647260
2663 9.046960
2664 8.163222
2665 6.277713
2666 7.464538
2667 9.744275
2668 7.562138
2669 9.168289
2670 8.453567
2671 8.023527
2672 6.041221
2673 8.440723
2674 8.826350
2675 8.928292
2676 5.523751
2677 5.434430
2678 5.357104
2679 7.305841
2680 7.702790
2681 6.784998
2682 9.810050
2683 10.089092
2684 7.923624
2685 11.815865
2686 10.949780
2687 8.041375
2688 5.878356
2689 6.015154
2690 6.940469
2691 8.350059
2692 5.537008
2693 5.541211
2694 8.546450
2695 8.071613
2696 6.947992
2697 8.314391
2698 8.288392
2699 8.185855
2700 8.734126
2701 4.442344
2702 3.485655
2703 3.354905
2704 3.284674
2705 3.145082
2706 3.589586
2707 4.522718
2708 3.114130
2709 3.359641
2710 3.670436
2711 3.544646
2712 3.387815
2713 3.791121
2714 7.649346
2715 7.547436
2716 7.525559
2717 8.174156
2718 8.407248
2719 7.809891
2720 8.702037
2721 8.401979
2722 9.434707
2723 7.928212
2724 5.644969
2725 6.986248
2726 8.356918
2727 7.221847
2728 5.514529
2729 5.901011
2730 6.334429
2731 6.604922
2732 3.985810
2733 3.153704
2734 3.311024
2735 3.624331
2736 3.665552
2737 3.300877
2738 3.388006
2739 3.868826
2740 4.667768
2741 6.407603
2742 7.509590
2743 8.772478
2744 7.559028
2745 9.952001
2746 7.811951
2747 7.132263
2748 6.438738
2749 6.522959
2750 6.180789
2751 7.020256
2752 7.794107
2753 7.102693
2754 8.624908
2755 8.434436
2756 8.279688
2757 9.608880
2758 7.177607
2759 8.644603
2760 8.849124
2761 8.261471
2762 7.853061
2763 7.986374
2764 8.974369
2765 5.424816
2766 6.760869
2767 6.987310
2768 4.903854
2769 6.885448
2770 7.434210
2771 5.761765
2772 7.107439
2773 6.332504
2774 7.083067
2775 7.787945
2776 5.922551
2777 7.973789
2778 6.184109
2779 5.708748
2780 8.278808
2781 6.350510
2782 6.687104
2783 6.869158
2784 7.507169
2785 7.577470
2786 9.030299
2787 8.907845
2788 10.022376
2789 11.340076
2790 8.799200
2791 8.664089
2792 7.884758
2793 7.160254
2794 8.182338
2795 6.569859
2796 7.048257
2797 5.947193
2798 6.389121
2799 6.171989
2800 5.486110
2801 6.711459
2802 6.178654
2803 6.447367
2804 7.075778
2805 4.933114
2806 5.462796
2807 5.871507
2808 3.518547
2809 5.080604
2810 5.834560
2811 6.251509
2812 6.440812
2813 6.337834
2814 8.047271
2815 7.366588
2816 6.571165
2817 10.034472
2818 9.835281
2819 8.682697
2820 9.191093
2821 7.670090
2822 5.928017
2823 7.860086
2824 6.951909
2825 6.852539
2826 7.065528
2827 9.648269
2828 5.424481
2829 9.944377
2830 8.099878
2831 8.259995
2832 9.512092
2833 9.066229
2834 7.055840
2835 11.168232
2836 8.753837
2837 9.217428
2838 9.714288
2839 7.322762
2840 8.912879
2841 8.797845
2842 9.059704
2843 11.462743
2844 8.518456
2845 7.210779
2846 6.051425
2847 5.420123
2848 6.240052
2849 5.559051
2850 5.807989
2851 6.099765
2852 7.058361
2853 5.415133
2854 6.633176
2855 8.215850
2856 6.807445
2857 7.002126
2858 7.112319
2859 6.670549
2860 7.178483
2861 7.139115
2862 6.454795
2863 7.306778
2864 7.396583
2865 6.828495
2866 6.749198
2867 5.743420
2868 7.491190
2869 9.873597
2870 10.219988
2871 5.681286
2872 9.293448
2873 10.869598
2874 9.599084
2875 9.982625
2876 9.054723
2877 9.992204
2878 8.426751
2879 9.757408
2880 8.058444
2881 6.450191
2882 5.628968
2883 5.497063
2884 5.833941
2885 5.716096
2886 5.425813
2887 6.811564
2888 5.389581
2889 4.515875
2890 7.219198
2891 7.053712
2892 5.617120
2893 8.323107
2894 5.647002
2895 7.543019
2896 6.897815
2897 7.298184
2898 6.874598
2899 5.573826
2900 6.195790
2901 8.993217
2902 5.077285
2903 7.408678
2904 8.479844
2905 6.164137
2906 7.970204
2907 8.275182
2908 7.771863
2909 8.638524
2910 9.223045
2911 10.530817
2912 9.697900
2913 8.397646
2914 6.065978
2915 10.723486
2916 8.789511
2917 9.865310
2918 7.984418
2919 7.966075
2920 9.352170
2921 7.354166
2922 8.147663
2923 6.893736
2924 7.250120
2925 6.747937
2926 7.505447
2927 6.036177
2928 6.658781
2929 5.876158
2930 5.531156
2931 6.123901
2932 6.661152
2933 7.685609
2934 8.728600
2935 6.885317
2936 3.478046
2937 3.833962
2938 4.975827
2939 7.463688
2940 8.008334
2941 9.532192
2942 9.661257
2943 9.936432
2944 9.712128
2945 9.677871
2946 9.388114
2947 6.680609
2948 7.059771
2949 7.533026
2950 6.609008
2951 10.866200
2952 11.636691
2953 10.582479
2954 8.706087
2955 8.257396
2956 6.902359
2957 7.835450
2958 9.225908
2959 11.693128
2960 9.628997
2961 10.450078
2962 10.630811
2963 9.467028
2964 5.930755
2965 8.788318
2966 8.223958
2967 5.938508
2968 7.703640
2969 6.333666
2970 9.409800
2971 8.322459
2972 9.939672
2973 9.603971
2974 9.095647
2975 10.241919
2976 8.291124
2977 9.453691
2978 8.445463
2979 9.429002
2980 5.432483
2981 5.468834
2982 5.656468
2983 8.045997
2984 5.410782
2985 5.785096
2986 5.993715
2987 5.220811
2988 3.752312
2989 3.131809
2990 3.395560
2991 3.514337
2992 3.809797
2993 3.874077
2994 3.834551
2995 3.271917
2996 3.426558
2997 3.943624
2998 5.582836
2999 3.732754
3000 3.470935
3001 3.151330
3002 3.137037
3003 3.413816
3004 3.612822
3005 3.344796
3006 3.306427
3007 3.724416
3008 3.637773
3009 3.807390
3010 3.236909
3011 3.118094
3012 3.344463
3013 5.525727
3014 3.056561
3015 6.070163
3016 5.741503
3017 7.654252
3018 8.210777
3019 8.227599
3020 5.789031
3021 5.322733
3022 5.971809
3023 5.803357
3024 3.361871
3025 3.473145
3026 3.149289
3027 3.743927
3028 3.722981
3029 3.247828
3030 3.500175
3031 3.697092
3032 3.340203
3033 3.232404
3034 3.522454
3035 3.716788
3036 3.614761
3037 3.143014
3038 3.206718
3039 3.316956
3040 3.555465
3041 3.197655
3042 3.776841
3043 3.715818
3044 3.485241
3045 3.583895
3046 3.323947
3047 3.543117
3048 3.504694
3049 3.793402
3050 3.468629
3051 3.741794
3052 3.424104
3053 3.453662
3054 3.526145
3055 3.848594
3056 3.467940
3057 3.133641
3058 3.598251
3059 3.797797
3060 3.343983
3061 3.765912
3062 3.548364
3063 3.748148
3064 3.407193
3065 3.494655
3066 5.547297
3067 3.453074
3068 3.605246
3069 6.326097
3070 5.056038
3071 5.451073
3072 4.781948
3073 5.833147
3074 5.140090
3075 7.654595
3076 6.653201
3077 6.207077
3078 5.516247
3079 6.317522
3080 5.399713
3081 8.439313
3082 6.216837
3083 5.060335
3084 5.691128
3085 7.176245
3086 6.487230
3087 6.963534
3088 5.866904
3089 6.941628
3090 7.680423
3091 7.766494
3092 7.606620
3093 8.148403
3094 8.395576
3095 8.651035
3096 6.137298
3097 7.780913
3098 6.242538
3099 7.608723
3100 9.018449
3101 8.797075
3102 7.861386
3103 5.348447
3104 6.900336
3105 7.500088
3106 3.355048
3107 3.096140
3108 3.380614
3109 3.285128
3110 3.151268
3111 3.847243
3112 3.992168
3113 4.318268
3114 3.444463
3115 3.294939
3116 3.407378
3117 3.746110
3118 3.103365
3119 3.660292
3120 3.156738
3121 5.264910
3122 5.665146
3123 5.604033
3124 5.174817
3125 5.834540
3126 5.546796
3127 6.779524
3128 7.811979
3129 8.447364
3130 6.399212
3131 7.673370
3132 5.832483
3133 7.494757
3134 7.147627
3135 7.378227
3136 8.188224
3137 5.297501
3138 5.625186
3139 6.797964
3140 7.832207
3141 5.275011
3142 5.996744
3143 7.001070
3144 6.174723
3145 3.456097
3146 6.765513
3147 7.162940
3148 7.153394
3149 6.406227
3150 8.427260
3151 8.867400
3152 7.888387
3153 7.733490
3154 6.025146
3155 6.244527
3156 9.453329
3157 11.165794
3158 6.924965
3159 7.405475
3160 7.678026
3161 7.856314
3162 7.675159
3163 8.575730
3164 7.237460
3165 7.112387
3166 4.670257
3167 3.427624
3168 3.572816
3169 3.043568
3170 3.390045
3171 5.394915
3172 3.610778
3173 3.477632
3174 3.219477
3175 3.834489
3176 3.071056
3177 3.314160
3178 3.369878
3179 3.593175
3180 3.272647
3181 3.182359
3182 3.584549
3183 5.198595
3184 5.411962
3185 6.757791
3186 5.081423
3187 4.990854
3188 7.217264
3189 7.602193
3190 6.852921
3191 7.707425
3192 4.964403
3193 5.797427
3194 6.621206
3195 3.044704
3196 4.418982
3197 3.188193
3198 3.259787
3199 3.348440
3200 3.530230
3201 2.965769
3202 3.895238
3203 3.460255
3204 3.662045
3205 3.205055
3206 3.312548
3207 3.385816
3208 3.723591
3209 3.249777
3210 3.661616
3211 3.896296
3212 3.514326
3213 3.979423
3214 3.322725
3215 3.611330
3216 3.762854
3217 3.806174
3218 3.745144
3219 3.167333
3220 3.342535
3221 3.622787
3222 3.451970
3223 3.779775
3224 3.450002
3225 3.427956
3226 3.694514
3227 2.941971
3228 3.326096
3229 3.757507
3230 3.294815
3231 3.305715
3232 3.914347
3233 3.169807
3234 3.464835
3235 3.408899
3236 3.608119
3237 3.582040
3238 3.163924
3239 3.521625
3240 4.230705
3241 3.377712
3242 3.188442
3243 3.418335
3244 5.239208
3245 4.977042
3246 3.316943
3247 3.700019
3248 3.078315
3249 3.457814
3250 3.850837
3251 3.195366
3252 3.835856
3253 3.896800
3254 3.777492
3255 3.866598
3256 3.658567
3257 3.496129
3258 3.445719
3259 3.365867
3260 3.794883
3261 3.708171
3262 3.770057
3263 3.513493
3264 3.614495
3265 3.583088
3266 4.332175
3267 3.237668
3268 3.844199
3269 3.539515
3270 3.503916
3271 3.442598
3272 3.309820
3273 3.639083
3274 3.155661
3275 3.407907
3276 3.715765
3277 3.595413
3278 5.917998
3279 5.082942
3280 5.219625
3281 7.316517
3282 6.212742
3283 6.537920
3284 6.239370
3285 6.795160
3286 5.882765
3287 6.093266
3288 3.650291
3289 4.587054
3290 6.363321
3291 6.120616
3292 6.474220
3293 5.594947
3294 5.495068
3295 8.422220
3296 9.164794
3297 10.303490
3298 9.101788
3299 8.366565
3300 7.124382
3301 5.951244
3302 3.504564
3303 4.788839
3304 4.084553
3305 3.649394
3306 3.744466
3307 3.133979
3308 3.941095
3309 3.223011
3310 7.066537
3311 7.337279
3312 7.137691
3313 4.549860
3314 7.850784
3315 5.217795
3316 6.333408
3317 3.679362
3318 7.623862
3319 6.563560
3320 7.920330
3321 6.139172
3322 5.234015
3323 7.745566
3324 5.166697
3325 9.809985
3326 10.839686
3327 10.038757
3328 6.332107
3329 5.468699
3330 8.064185
3331 5.993695
3332 8.535163
3333 5.155838
3334 6.258240
3335 4.516429
3336 6.361718
3337 5.490333
3338 6.166442
3339 6.634050
3340 7.144343
3341 6.220200
3342 5.435382
3343 5.001366
3344 5.600365
3345 5.726305
3346 8.963879
3347 8.293199
3348 8.771427
3349 7.416699
3350 7.550583
3351 9.417803
3352 9.356685
3353 8.755449
3354 10.917475
3355 9.372355
3356 7.524550
3357 7.355069
3358 6.927755
3359 5.978072
3360 9.172141
3361 9.986181
3362 8.354125
3363 6.666767
3364 8.306655
3365 8.002736
3366 10.327831
3367 7.246931
3368 9.551171
3369 8.449300
3370 8.557503
3371 10.552824
3372 9.026258
3373 7.201583
3374 7.487331
3375 7.566479
3376 9.887598
3377 8.840482
3378 8.466428
3379 10.791039
3380 8.113420
3381 6.885074
3382 8.612722
3383 6.372963
3384 6.559133
3385 7.743520
3386 7.931894
3387 8.025481
3388 7.159899
3389 8.328061
3390 6.375492
3391 7.585844
3392 8.287940
3393 7.170472
3394 7.715965
3395 8.554233
3396 8.017057
3397 8.481807
3398 8.189854
3399 9.052341
3400 7.952629
3401 7.900386
3402 8.493086
3403 8.794808
3404 9.470885
3405 7.688080
3406 8.532208
3407 5.496380
3408 5.428648
3409 5.854998
3410 5.720037
3411 10.426376
3412 9.342494
3413 9.848864
3414 10.038973
3415 6.059328
3416 7.008256
3417 6.643454
3418 5.631876
3419 5.836493
3420 8.277611
3421 9.297873
3422 5.188544
3423 10.532249
3424 9.900997
3425 9.406986
3426 7.883439
3427 6.426835
3428 5.928885
3429 5.044541
3430 5.487242
3431 3.932701
3432 3.761766
3433 3.823353
3434 5.943961
3435 6.132588
3436 7.672692
3437 7.985641
3438 3.746644
3439 5.738271
3440 6.336514
3441 5.770529
3442 5.973486
3443 3.556887
3444 3.092230
3445 3.843980
3446 3.645669
3447 3.417321
3448 3.521910
3449 3.243778
3450 3.641866
3451 3.346556
3452 3.522849
3453 3.281856
3454 3.411245
3455 3.503051
3456 3.132668
3457 3.312130
3458 6.201976
3459 3.511665
3460 3.285892
3461 3.808982
3462 3.245196
3463 3.898528
3464 3.306090
3465 4.827057
3466 3.557374
3467 3.132044
3468 3.151268
3469 3.007755
3470 3.772015
3471 3.562590
3472 3.194781
3473 3.211039
3474 3.313552
3475 3.148731
3476 3.639185
3477 4.304334
3478 3.523037
3479 3.587216
3480 3.817455
3481 3.719953
3482 3.242810
3483 3.783045
3484 3.301543
3485 3.813479
3486 3.324356
3487 3.488858
3488 4.041916
3489 3.641495
3490 3.193461
3491 3.658761
3492 3.474320
3493 3.745369
3494 3.722217
3495 4.251050
3496 3.440589
3497 3.579012
3498 3.507436
3499 3.670010
3500 3.478738
3501 3.341629
3502 3.554230
3503 3.421132
3504 3.356812
3505 3.274927
3506 3.692181
3507 3.802647
3508 3.736014
3509 3.585167
3510 3.294754
3511 3.212127
3512 3.499058
3513 3.566708
3514 3.469090
3515 3.667000
3516 3.697250
3517 3.259233
3518 3.555545
3519 6.043914
3520 5.110623
3521 6.750904
3522 6.991560
3523 5.398020
3524 3.617108
3525 3.981481
3526 5.732088
3527 3.383935
3528 6.860650
3529 6.284669
3530 7.158897
3531 7.767138
3532 4.916520
3533 6.125906
3534 5.564445
3535 3.643200
3536 3.712267
3537 4.683771
3538 6.884927
3539 7.403655
3540 5.370144
3541 7.532563
3542 6.709105
3543 7.411567
3544 6.190042
3545 3.525181
3546 3.531160
3547 5.117939
3548 5.987690
3549 6.248878
3550 6.272825
3551 5.169147
3552 7.276028
3553 5.663262
3554 5.403334
3555 5.775784
3556 7.008827
3557 6.625841
3558 6.690421
3559 8.046813
3560 7.915709
3561 7.709921
3562 5.726796
3563 4.797552
3564 4.865439
3565 5.290967
3566 5.886093
3567 7.366910
3568 4.986165
3569 5.359492
3570 5.679456
3571 4.854334
3572 5.278204
3573 5.206347
3574 4.392142
3575 4.882978
3576 5.369433
3577 5.301544
3578 4.788708
3579 5.655632
3580 7.461270
3581 9.248407
3582 6.664629
3583 7.730942
3584 8.113189
3585 7.379414
3586 8.193594
3587 7.686445
3588 5.908013
3589 8.841706
3590 7.445623
3591 7.477794
3592 7.893291
3593 7.257550
3594 8.024925
3595 6.119285
3596 7.354795
3597 5.142817
3598 5.528308
3599 6.555105
3600 7.443858
3601 6.788272
3602 7.572833
3603 7.376295
3604 7.210290
3605 6.789144
3606 7.398078
3607 7.302691
3608 7.275508
3609 8.094760
3610 6.415936
3611 7.035698
3612 8.511801
3613 7.253614
3614 6.873969
3615 6.371145
3616 7.223602
3617 7.170254
3618 6.174034
3619 6.828468
3620 5.812092
3621 6.362400
3622 6.488177
3623 5.661742
3624 7.953656
3625 7.416907
3626 8.959254
3627 6.972133
3628 7.026951
3629 8.468302
3630 6.874776
3631 7.884417
3632 8.896052
3633 7.825241
3634 7.861128
3635 6.242895
3636 6.954775
3637 8.528971
3638 7.916181
3639 6.530700
3640 7.164124
3641 7.575020
3642 6.989776
3643 7.210588
3644 7.264729
3645 7.155885
3646 6.344948
3647 5.547396
3648 6.039195
3649 4.997736
3650 4.737182
3651 6.029747
3652 5.260353
3653 5.702153
3654 7.350866
3655 7.466757
3656 6.467335
3657 7.242688
3658 7.428414
3659 7.232355
3660 6.410658
3661 6.494991
3662 7.304631
3663 6.798685
3664 6.730425
3665 7.247366
3666 7.900836
3667 7.288549
3668 7.040517
3669 8.701797
3670 7.520125
3671 11.806658
3672 9.906863
3673 7.948382
3674 10.967836
3675 9.180394
3676 9.832791
3677 8.442249
3678 5.726735
3679 5.424103
3680 6.043117
3681 5.812477
3682 4.724520
3683 6.225867
3684 5.528769
3685 6.556081
3686 6.742031
3687 7.305684
3688 7.465616
3689 6.538829
3690 6.366231
3691 7.320196
3692 5.283969
3693 6.249167
3694 7.584919
3695 7.291229
3696 3.417763
3697 3.357036
3698 3.685716
3699 3.270157
3700 3.563116
3701 3.785038
3702 3.778462
3703 3.711832
3704 3.885630
3705 3.667442
3706 3.904089
3707 3.500018
3708 3.719720
3709 3.847852
3710 3.793148
3711 3.487225
3712 3.477272
3713 3.788863
3714 3.812727
3715 3.877810
3716 3.691652
3717 3.707195
3718 3.635203
3719 3.993491
3720 3.271467
3721 3.752190
3722 3.419008
3723 3.850128
3724 3.808016
3725 3.536471
3726 3.547515
3727 3.578756
3728 3.345227
3729 3.540368
3730 3.680226
3731 3.631448
3732 3.898773
3733 3.655823
3734 3.174099
3735 4.593509
3736 3.333724
3737 3.719041
3738 3.582430
3739 3.212184
3740 3.250847
3741 3.238964
3742 3.850131
3743 3.782400
3744 3.369201
3745 3.644372
3746 3.369070
3747 5.185161
3748 3.469893
3749 3.383443
3750 3.145312
3751 3.900847
3752 3.516249
3753 3.375479
3754 3.072504
3755 3.866586
3756 3.781543
3757 3.047446
3758 3.434035
3759 3.350672
3760 3.342525
3761 3.793890
3762 3.554443
3763 3.436201
3764 3.606366
3765 3.248092
3766 3.584254
3767 3.767859
3768 3.901463
3769 3.759922
3770 3.750165
3771 5.950130
3772 7.522045
3773 7.851738
3774 7.308255
3775 7.344312
3776 8.818330
3777 4.729773
3778 5.093107
3779 7.078058
3780 6.747839
3781 7.266375
3782 7.459512
3783 6.460496
3784 7.273988
3785 6.326908
3786 6.632724
3787 7.095180
3788 5.145026
3789 5.961788
3790 5.658391
3791 7.566861
3792 7.277093
3793 5.799840
3794 6.001547
3795 5.965081
3796 7.073771
3797 8.065193
3798 7.368654
3799 6.895711
3800 7.340090
3801 7.843722
3802 6.287046
3803 7.882099
3804 5.938738
3805 5.815997
3806 5.440780
3807 5.010977
3808 6.344799
3809 5.043965
3810 7.259376
3811 5.939600
3812 3.552547
3813 6.647295
3814 4.983035
3815 5.680389
3816 7.532794
3817 7.905539
3818 10.901656
3819 10.073730
3820 8.584137
3821 9.876002
3822 10.158225
3823 9.536011
3824 9.551322
3825 9.566662
3826 10.425091
3827 8.424553
3828 7.282106
3829 6.859832
3830 7.722193
3831 6.289371
3832 6.163128
3833 7.569697
3834 6.848396
3835 7.369357
3836 7.609080
3837 10.661195
3838 7.831775
3839 6.330798
3840 6.728990
3841 4.806968
3842 5.402930
3843 3.173318
3844 3.286775
3845 3.512524
3846 3.359611
3847 3.225125
3848 3.580255
3849 3.511695
3850 3.251925
3851 3.478525
3852 3.397407
3853 3.893132
3854 3.623659
3855 3.170566
3856 3.114099
3857 3.155455
3858 3.401912
3859 3.757943
3860 3.734484
3861 3.874091
3862 3.551155
3863 3.520696
3864 3.187635
3865 3.229639
3866 3.763562
3867 3.446521
3868 3.367924
3869 3.279570
3870 3.546175
3871 3.522561
3872 3.921402
3873 3.829018
3874 3.789380
3875 4.967985
3876 3.655325
3877 3.867000
3878 4.061489
3879 3.798455
3880 3.829180
3881 6.137162
3882 4.180730
3883 3.928868
3884 3.631390
3885 3.593248
3886 3.415458
3887 3.185684
3888 3.184781
3889 3.227161
3890 3.204296
3891 3.083920
3892 3.303615
3893 3.378691
3894 3.614914
3895 3.642443
3896 3.791320
3897 3.592134
3898 3.586988
3899 6.514914
3900 4.943690
3901 4.834560
3902 6.199145
3903 5.864139
3904 6.967567
3905 6.311516
3906 8.866840
3907 4.863791
3908 5.140085
3909 6.520314
3910 5.031821
3911 6.808128
3912 8.121431
3913 7.619051
3914 7.772245
3915 8.040726
3916 7.800240
3917 7.379121
3918 7.960033
3919 7.361697
3920 8.362425
3921 7.022427
3922 5.082031
3923 5.899294
3924 7.484011
3925 6.826661
3926 6.408115
3927 6.800656
3928 6.820625
3929 6.378548
3930 6.917230
3931 6.928582
3932 3.416927
3933 3.690665
3934 3.854104
3935 3.745586
3936 3.566750
3937 7.055585
3938 4.942275
3939 6.396755
3940 5.547309
3941 3.743943
3942 5.617409
3943 7.358159
3944 7.539253
3945 7.258310
3946 8.247602
3947 6.934109
3948 6.873004
3949 6.678727
3950 7.190792
3951 6.225154
3952 6.507522
3953 6.219235
3954 7.248796
3955 8.017205
3956 7.110040
3957 6.983243
3958 6.901402
3959 7.453813
3960 6.622454
3961 4.251882
3962 3.799079
3963 3.234641
3964 3.589356
3965 3.978954
3966 3.874237
3967 3.653351
3968 3.387670
3969 3.810955
3970 3.721950
3971 3.079269
3972 3.513742
3973 3.485313
3974 3.201917
3975 3.451349
3976 3.160060
3977 3.351696
3978 3.148718
3979 3.747718
3980 3.219139
3981 3.219641
3982 3.636573
3983 3.689690
3984 3.483978
3985 4.086711
3986 3.685295
3987 3.814855
3988 3.474551
3989 3.650403
3990 3.171834
3991 3.089035
3992 3.473394
3993 3.408134
3994 3.861422
3995 3.583536
3996 3.446306
3997 3.243599
3998 3.342531
3999 3.101790
4000 3.420657
4001 3.493880
4002 3.378529
4003 3.242063
4004 3.381138
4005 3.172413
4006 3.125337
4007 3.282954
4008 4.951745
4009 3.544437
4010 3.574284
4011 3.050079
4012 3.166135
4013 3.385733
4014 3.711007
4015 3.335105
4016 3.289059
4017 3.566122
4018 3.659093
4019 3.233238
4020 3.588441
4021 3.313702
4022 5.850019
4023 6.249841
4024 6.831501
4025 5.461555
4026 6.287130
4027 6.059025
4028 7.615253
4029 6.203260
4030 4.916558
4031 7.184648
4032 6.507303
4033 7.461137
4034 6.005799
4035 6.141958
4036 6.185036
4037 6.775291
4038 6.434371
4039 7.668772
4040 7.324192
4041 7.131657
4042 7.385421
4043 7.934585
4044 9.264829
4045 6.756600
4046 8.491077
4047 5.685181
4048 6.781389
4049 8.876652
4050 7.598630
4051 5.609001
4052 7.789645
4053 5.497356
4054 5.920853
4055 5.545815
4056 6.334837
4057 5.603882
4058 5.886800
4059 4.995467
4060 5.417174
4061 3.692003
4062 3.838230
4063 3.819652
4064 3.541202
4065 3.586721
4066 3.191206
4067 3.531571
4068 3.996079
4069 3.328086
4070 3.306025
4071 3.234335
4072 3.871049
4073 3.232302
4074 3.090000
4075 4.169901
4076 3.176062
4077 3.662909
4078 3.273668
4079 3.579401
4080 3.613560
4081 3.782218
4082 3.136903
4083 3.775357
4084 3.193513
4085 3.519679
4086 3.349836
4087 3.439331
4088 3.248591
4089 3.349644
4090 3.728489
4091 4.081071
4092 6.597471
4093 5.863257
4094 7.869896
4095 8.188409
4096 7.287337
4097 5.068025
4098 6.294768
4099 7.320582
4100 7.961757
4101 7.375869
4102 6.092731
4103 7.276381
4104 7.004479
4105 6.999489
4106 7.996775
4107 6.818948
4108 7.713562
4109 3.493191
4110 8.723107
4111 8.750155
4112 8.541216
4113 6.903984
4114 6.757822
4115 6.033573
4116 6.938741
4117 6.738397
4118 6.169839
4119 6.320893
4120 5.982593
4121 5.305695
4122 4.644695
4123 3.332956
4124 3.396800
4125 3.213392
4126 3.117769
4127 3.698883
4128 3.215516
4129 3.424825
4130 3.824782
4131 3.441878
4132 3.335352
4133 4.512042
4134 3.591962
4135 3.402065
4136 3.246262
4137 3.871742
4138 3.976479
4139 3.702811
4140 3.828161
4141 3.656700
4142 3.348803
4143 4.119573
4144 3.186782
4145 3.620689
4146 3.563112
4147 3.562032
4148 3.480991
4149 3.413354
4150 3.555991
4151 3.620066
4152 3.195572
4153 3.449552
4154 3.782357
4155 3.822893
4156 2.964834
4157 4.312275
4158 4.111319
4159 3.826824
4160 3.681566
4161 4.039031
4162 3.441820
4163 3.361923
4164 3.675934
4165 3.331262
4166 3.625840
4167 4.909182
4168 5.706725
4169 3.475204
4170 3.296987
4171 3.415907
4172 3.655704
4173 3.265132
4174 3.597820
4175 4.127611
4176 3.590328
4177 3.496069
4178 3.850004
4179 4.023700
4180 3.539185
4181 3.541589
4182 3.424651
4183 3.178770
4184 3.369327
4185 3.335948
4186 3.708814
4187 4.648023
4188 5.730387
4189 4.853863
4190 6.242757
4191 6.806953
4192 5.079307
4193 3.655805
4194 3.789125
4195 4.302679
4196 6.099499
4197 6.931008
4198 5.257230
4199 6.619128
4200 5.588046
4201 5.960568
4202 5.389150
4203 7.202413
4204 5.746354
4205 6.641768
4206 6.375912
4207 6.259478
4208 6.186360
4209 4.527691
4210 7.406258
4211 6.438584
4212 5.993350
4213 7.794062
4214 6.280292
4215 5.962179
4216 5.307535
4217 6.024790
4218 7.764341
4219 6.581299
4220 8.252323
4221 8.136633
4222 8.158060
4223 7.362940
4224 8.495790
4225 8.430707
4226 9.412609
4227 8.067495
4228 8.554697
4229 7.722622
4230 9.161736
4231 8.721176
4232 9.530950
4233 10.624035
4234 9.202295
4235 8.175663
4236 8.915294
4237 9.480854
4238 8.549290
4239 7.059217
4240 5.590896
4241 5.634374
4242 6.336767
4243 6.035273
4244 4.493723
4245 6.001442
4246 7.335206
4247 5.596946
4248 5.077306
4249 6.221236
4250 3.173563
4251 3.328604
4252 3.401733
4253 3.697424
4254 3.629024
4255 5.343131
4256 5.122596
4257 3.544998
4258 6.684738
4259 5.951772
4260 8.104987
4261 7.048927
4262 8.457129
4263 6.819309
4264 5.911669
4265 5.871258
4266 4.785855
4267 3.631254
4268 3.442144
4269 3.483478
4270 3.107901
4271 3.442588
4272 3.568770
4273 3.541544
4274 3.440508
4275 3.326833
4276 3.544354
4277 3.264246
4278 3.277820
4279 3.611432
4280 3.685780
4281 3.594839
4282 3.705970
4283 3.210932
4284 3.703416
4285 3.442863
4286 3.727737
4287 3.577524
4288 3.515752
4289 3.610140
4290 3.194712
4291 7.388828
4292 6.275244
4293 7.487226
4294 8.936594
4295 7.205872
4296 6.817216
4297 6.959498
4298 5.923151
4299 5.175530
4300 5.044453
4301 3.821226
4302 3.728603
4303 5.986290
4304 7.513651
4305 5.668887
4306 4.681350
4307 3.544868
4308 3.742534
4309 3.490635
4310 3.465748
4311 3.643384
4312 3.500524
4313 3.406373
4314 3.454287
4315 3.706576
4316 3.279651
4317 3.145454
4318 3.182526
4319 4.968656
4320 3.018676
4321 3.594016
4322 5.413613
4323 5.794836
4324 5.064867
4325 7.050529
4326 6.609761
4327 5.553715
4328 6.289824
4329 6.660734
4330 7.385514
4331 7.637635
4332 5.674181
4333 7.219777
4334 7.760646
4335 8.214379
4336 7.781630
4337 7.080266
4338 5.287974
4339 6.759790
4340 5.808803
4341 8.490987
4342 3.335538
4343 3.533109
4344 3.550372
4345 3.824931
4346 3.402089
4347 3.859605
4348 5.293668
4349 3.843989
4350 3.922969
4351 3.630386
4352 3.158498
4353 3.254743
4354 3.193290
4355 3.329412
4356 3.692335
4357 3.231003
4358 3.504481
4359 2.982641
4360 3.208748
4361 3.076762
4362 3.294253
4363 4.794361
4364 3.510933
4365 3.425521
4366 3.758610
4367 5.683183
4368 3.153840
4369 3.551143
4370 3.778316
4371 3.898574
4372 3.820949
4373 3.725558
4374 3.415121
4375 3.304274
4376 3.776630
4377 3.256894
4378 3.319472
4379 3.345521
4380 3.839237
4381 3.340572
4382 3.361237
4383 3.548107
4384 3.615491
4385 3.369888
4386 3.316643
4387 3.437819
4388 3.503683
4389 3.194766
4390 3.128341
4391 3.407478
4392 3.319592
4393 3.701199
4394 3.686981
4395 3.964720
4396 3.477025
4397 3.622786
4398 3.770341
4399 3.196546
4400 3.622236
4401 3.637941
4402 3.384880
4403 5.333722
4404 7.559031
4405 7.379298
4406 7.202243
4407 6.227570
4408 8.126514
4409 7.333963
4410 6.883317
4411 5.698648
4412 5.996027
4413 6.539859
4414 5.866213
4415 7.128007
4416 5.868945
4417 6.592046
4418 4.717642
4419 7.718309
4420 9.753556
4421 5.479734
4422 8.602154
4423 6.536489
4424 5.189762
4425 6.316545
4426 7.166163
4427 6.029887
4428 5.291358
4429 6.197320
4430 7.732614
4431 7.301160
4432 8.002482
4433 7.140099
4434 7.321874
4435 6.306604
4436 4.968553
4437 7.187595
4438 6.978688
4439 7.608497
4440 7.668572
4441 6.633671
4442 5.940935
4443 6.262348
4444 8.250391
4445 7.525273
4446 7.248485
4447 7.542117
4448 7.756815
4449 8.727814
4450 9.905882
4451 9.630827
4452 7.870433
4453 9.086399
4454 9.703884
4455 6.031173
4456 5.797529
4457 5.950087
4458 6.904849
4459 6.108599
4460 5.692838
4461 5.537229
4462 6.062025
4463 6.287922
4464 6.078237
4465 8.867453
4466 5.017956
4467 3.327822
4468 4.433443
4469 3.733160
4470 2.996302
4471 3.660305
4472 3.633755
4473 3.157881
4474 3.319805
4475 3.660753
4476 5.583164
4477 6.030437
4478 4.701607
4479 3.599578
4480 5.912440
4481 3.797537
4482 3.681654
4483 3.794122
4484 3.617815
4485 3.540892
4486 3.826463
4487 3.812591
4488 3.674690
4489 3.773680
4490 3.238736
4491 3.803818
4492 3.667501
4493 3.388828
4494 3.367877
4495 3.437131
4496 3.727275
4497 3.541666
4498 3.752759
4499 3.475255
4500 3.619360
4501 3.393078
4502 3.306807
4503 3.483691
4504 3.306841
4505 3.303391
4506 3.566423
4507 3.520424
4508 3.248304
4509 3.633046
4510 3.435491
4511 3.052164
4512 3.467655
4513 3.639533
4514 3.350315
4515 3.394495
4516 3.472939
4517 3.793005
4518 3.599445
4519 3.760773
4520 3.459565
4521 3.297486
4522 4.567372
4523 6.340673
4524 7.282506
4525 7.956258
4526 6.944192
4527 5.712853
4528 7.286652
4529 5.500584
4530 3.290244
4531 5.089544
4532 3.497741
4533 5.937716
4534 3.649400
4535 3.687409
4536 3.764920
4537 3.777650
4538 3.110532
4539 3.675132
4540 3.149298
4541 3.559560
4542 3.033584
4543 3.730001
4544 3.782618
4545 3.293024
4546 3.582466
4547 5.300007
4548 6.546565
4549 6.533492
4550 7.710019
4551 6.604126
4552 6.567304
4553 7.184360
4554 6.656828
4555 6.571970
4556 5.172881
4557 8.097906
4558 7.101959
4559 6.996210
4560 7.392215
4561 7.182297
4562 5.056178
4563 5.690920
4564 4.938421
4565 6.782034
4566 7.160308
4567 7.262601
4568 7.478564
4569 6.742193
4570 6.749269
4571 4.807173
4572 5.746884
4573 6.256215
4574 5.149843
4575 3.709630
4576 4.990619
4577 5.248670
4578 3.766991
4579 3.267792
4580 3.192511
4581 3.509994
4582 4.049691
4583 3.289461
4584 3.137338
4585 3.136688
4586 3.475986
4587 3.625763
4588 3.804271
4589 3.229394
4590 3.829128
4591 3.678178
4592 3.835024
4593 3.581703
4594 3.894984
4595 3.872697
4596 3.976807
4597 3.707990
4598 4.081275
4599 3.693071
4600 3.504422
4601 3.886030
4602 3.194883
4603 3.356737
4604 3.979273
4605 3.846639
4606 3.388614
4607 5.180511
4608 3.449474
4609 3.577053
4610 3.173185
4611 3.348464
4612 3.275432
4613 6.332104
4614 3.286105
4615 3.203789
4616 3.483952
4617 4.211662
4618 3.262116
4619 3.093167
4620 3.402307
4621 3.159070
4622 3.703658
4623 3.901462
4624 3.285355
4625 4.036856
4626 3.966841
4627 3.752995
4628 3.848442
4629 3.462093
4630 5.409453
4631 3.545153
4632 3.619365
4633 3.327734
4634 3.981823
4635 3.289276
4636 3.302047
4637 3.638502
4638 3.630594
4639 3.148365
4640 3.291660
4641 3.510016
4642 3.193087
4643 3.701162
4644 5.623433
4645 3.504081
4646 3.209018
4647 3.453471
4648 3.307359
4649 3.427214
4650 3.054391
4651 3.527893
4652 3.415778
4653 3.555462
4654 3.759429
4655 3.460008
4656 3.720919
4657 3.804341
4658 3.052372
4659 3.531654
4660 3.254135
4661 3.151019
4662 3.376460
4663 3.198690
4664 3.372992
4665 3.503686
4666 3.383978
4667 3.744511
4668 3.340553
4669 3.566416
4670 3.437793
4671 3.500447
4672 3.124758
4673 3.026501
4674 3.348504
4675 3.488992
4676 3.647990
4677 3.531643
4678 3.460356
4679 3.537354
4680 3.537567
4681 3.507092
4682 4.030611
4683 3.559929
4684 3.588792
4685 2.981894
4686 3.770346
4687 3.296026
4688 3.077675
4689 3.317953
4690 3.861012
4691 3.737509
4692 3.647000
4693 3.695853
4694 3.396136
4695 3.701595
4696 3.691302
4697 3.868976
4698 3.105884
4699 3.690241
4700 3.355442
4701 3.557231
4702 3.501048
4703 3.324462
4704 3.258709
4705 3.785628
4706 3.707893
4707 3.654492
4708 3.460548
4709 3.763800
4710 3.289764
4711 3.578083
4712 3.848139
4713 3.748401
4714 3.472187
4715 3.921137
4716 3.324209
4717 3.781653
4718 3.701695
4719 3.329409
4720 3.378528
4721 3.332649
4722 3.803934
4723 3.434832
4724 3.210269
4725 3.811700
4726 3.705929
4727 3.486287
4728 3.335675
4729 3.310238
4730 3.063231
4731 3.716787
4732 3.565634
4733 3.917296
4734 3.501269
4735 3.479128
4736 3.580912
4737 3.550708
4738 3.411158
4739 3.461632
4740 3.542692
4741 3.346010
4742 3.462210
4743 3.168551
4744 3.319166
4745 6.997410
4746 8.525033
4747 7.908752
4748 6.744529
4749 6.098793
4750 5.908926
4751 8.543710
4752 7.060863
4753 6.854034
4754 5.091578
4755 5.738233
4756 6.025892
4757 3.466902
4758 3.466097
4759 5.552890
4760 5.565418
4761 6.772764
4762 5.799394
4763 7.599614
4764 8.377395
4765 8.587233
4766 5.898417
4767 9.933048
4768 7.226315
4769 5.186554
4770 6.320802
4771 7.558482
4772 5.291397
4773 6.880536
4774 10.502211
4775 9.044797
4776 9.346808
4777 8.974231
4778 6.517535
4779 7.301768
4780 5.651283
4781 8.022526
4782 4.908953
4783 5.929598
4784 5.012824
4785 5.969259
4786 5.479827
4787 5.605929
4788 5.782912
4789 6.297839
4790 5.620411
4791 3.703090
4792 5.983328
4793 7.105061
4794 5.413146
4795 6.755188
4796 8.102978
4797 7.347062
4798 8.110416
4799 5.533157
4800 3.592561
4801 3.615100
4802 3.523138
4803 3.881658
4804 3.221202
4805 3.243532
4806 3.340146
4807 3.313048
4808 3.419026
4809 3.432462
4810 3.259041
4811 3.513776
4812 3.349117
4813 3.360263
4814 4.888566
4815 3.171064
4816 3.322966
4817 3.466036
4818 3.302053
4819 3.707461
4820 3.301606
4821 3.296683
4822 3.193205
4823 3.738848
4824 3.465558
4825 3.292340
4826 3.432823
4827 3.123408
4828 3.852922
4829 3.483406
4830 3.516430
4831 3.337856
4832 3.431174
4833 3.269159
4834 3.379969
4835 3.246754
4836 3.521945
4837 3.450943
4838 3.537246
4839 5.768578
4840 6.309962
4841 6.757484
4842 5.167491
4843 5.987501
4844 5.525081
4845 3.951947
4846 3.662249
4847 3.739110
4848 5.439165
4849 5.449673
4850 4.848308
4851 5.276107
4852 6.756170
4853 6.028156
4854 8.674272
4855 5.859804
4856 3.591605
4857 3.539124
4858 3.587272
4859 3.361876
4860 6.440033
4861 3.526375
4862 3.661276
4863 3.191697
4864 3.425638
4865 3.386944
4866 3.646284
4867 3.690043
4868 3.622569
4869 3.564684
4870 4.035576
4871 3.600361
4872 3.743809
4873 3.623766
4874 3.245017
4875 3.251673
4876 3.495340
4877 3.297405
4878 3.217765
4879 3.311916
4880 3.156470
4881 3.067342
4882 3.406126
4883 3.673541
4884 3.745710
4885 6.036232
4886 3.872011
4887 3.756891
4888 6.281559
4889 6.027878
4890 5.493519
4891 3.409193
4892 3.796151
4893 3.421159
4894 3.516735
4895 6.615054
4896 7.158003
4897 6.118146
4898 5.917344
4899 6.961630
4900 8.507984
4901 9.330626
4902 9.199718
4903 8.334243
4904 5.734169
4905 5.797121
4906 8.753841
4907 7.168984
4908 5.512414
4909 7.268392
4910 5.823692
4911 5.849564
4912 3.688879
4913 3.727225
4914 3.377484
4915 4.044021
4916 7.191906
4917 6.397351
4918 6.252598
4919 5.479733
4920 4.731699
4921 5.481920
4922 6.837170
4923 6.958068
4924 5.839133
4925 5.963562
4926 5.626011
4927 5.550527
4928 3.716482
4929 3.649954
4930 3.540905
4931 3.664021
4932 3.601476
4933 3.628219
4934 3.228829
4935 3.656064
4936 3.091103
4937 3.415781
4938 3.327501
4939 3.398449
4940 3.659613
4941 3.963538
4942 3.688613
4943 3.482803
4944 3.329876
4945 3.709852
4946 3.742748
4947 4.129136
4948 3.576657
4949 3.268409
4950 3.680825
4951 5.023600
4952 4.674925
4953 5.612314
4954 5.717604
4955 5.785507
4956 4.399103
4957 3.450193
4958 3.407554
4959 3.101372
4960 3.714310
4961 3.865049
4962 3.550156
4963 3.298895
4964 3.509955
4965 3.448247
4966 3.609913
4967 3.952076
4968 3.560740
4969 3.299761
4970 3.612041
4971 3.304229
4972 3.862471
4973 3.263569
4974 3.644748
4975 3.642274
4976 3.414064
4977 3.794001
4978 3.535925
4979 5.443879
4980 8.249726
4981 5.533987
4982 4.863296
4983 5.070407
4984 5.981465
4985 8.998681
4986 5.950203
4987 6.112536
4988 8.183522
4989 5.085612
4990 5.498896
4991 5.022560
4992 5.992705
4993 6.508235
4994 3.084586
4995 3.203823
4996 3.869222
4997 3.453114
4998 3.465634
4999 3.500816
5000 3.557320
5001 6.038914

