
0 5.252912
1 5.816290
2 5.323475
3 6.035676
4 6.148080
5 5.388535
6 6.350891
7 5.415922
8 7.739184
9 6.798362
10 8.697920
11 8.179549
12 8.600397
13 8.933898
14 7.810312
15 8.182255
16 8.493684
17 7.653215
18 8.853775
19 8.031569
20 7.987500
21 9.560674
22 8.450573
23 8.406172
24 8.025858
25 7.406862
26 8.313478
27 8.391488
28 7.280548
29 8.205949
30 5.946718
31 6.234765
32 7.045869
33 6.581322
34 6.531420
35 5.998817
36 6.388819
37 6.729022
38 6.544263
39 6.533244
40 6.136718
41 6.168653
42 6.156728
43 6.101716
44 10.393657
45 8.747039
46 10.106730
47 9.692272
48 8.449947
49 10.399004
50 9.991529
51 9.275207
52 10.103660
53 9.451244
54 7.981268
55 10.003869
56 11.399486
57 10.488881
58 9.475766
59 9.150963
60 9.454531
61 10.114178
62 8.929621
63 9.963217
64 10.008170
65 10.024636
66 9.481924
67 10.436017
68 8.928253
69 8.564026
70 9.384061
71 8.132982
72 9.094512
73 9.890456
74 8.739367
75 8.708733
76 8.469439
77 8.931573
78 8.413636
79 8.332249
80 9.469218
81 8.601960
82 8.967993
83 9.318058
84 8.748446
85 6.990018
86 7.913279
87 8.477796
88 9.170043
89 5.582376
90 4.050210
91 5.359647
92 5.984881
93 4.057547
94 3.866445
95 3.679158
96 3.700311
97 6.273087
98 5.715748
99 5.883111
100 5.602052
101 6.384356
102 5.977172
103 6.282365
104 7.300870
105 6.076093
106 9.021386
107 8.467636
108 7.798409
109 7.442969
110 7.742784
111 8.607643
112 8.292492
113 9.210593
114 7.985050
115 7.312371
116 8.253448
117 7.792951
118 8.831693
119 8.592172
120 8.384141
121 8.332500
122 8.260713
123 8.894882
124 9.018391
125 9.237632
126 7.887522
127 8.628820
128 9.270823
129 9.117818
130 9.109571
131 9.366907
132 8.643249
133 8.853007
134 9.158505
135 9.410572
136 9.760923
137 7.679858
138 9.811800
139 9.595121
140 8.071818
141 5.864944
142 5.971283
143 6.470615
144 6.560192
145 9.142696
146 8.450629
147 9.529868
148 9.411261
149 9.318269
150 8.744992
151 7.551410
152 9.044518
153 9.622771
154 9.686432
155 5.950380
156 5.684155
157 7.014343
158 5.808639
159 5.864202
160 5.454667
161 5.773545
162 6.426095
163 8.924157
164 8.232848
165 8.486962
166 8.356273
167 7.967132
168 8.270152
169 7.666720
170 8.738367
171 8.850996
172 8.874601
173 8.621655
174 7.876102
175 7.516078
176 6.287494
177 8.475814
178 8.119476
179 8.523963
180 7.159235
181 7.620684
182 7.100824
183 6.996421
184 9.410538
185 9.724496
186 9.440275
187 9.668640
188 10.827102
189 10.264806
190 10.928181
191 11.133558
192 10.003127
193 8.896905
194 8.572023
195 11.022696
196 9.772419
197 8.444341
198 6.539854
199 8.180782
200 8.233018
201 8.445518
202 8.319796
203 7.501714
204 8.273140
205 9.977582
206 9.150002
207 9.375144
208 9.761724
209 9.842894
210 9.710045
211 9.730084
212 9.038511
213 6.006355
214 6.095908
215 6.794623
216 6.474490
217 6.856110
218 6.078708
219 5.138191
220 5.921377
221 8.441305
222 6.353053
223 5.847809
224 6.089906
225 5.903745
226 5.883818
227 9.353647
228 8.310750
229 8.947793
230 9.810295
231 9.618538
232 9.339108
233 9.958887
234 9.557708
235 9.002952
236 9.601109
237 8.749053
238 9.373684
239 9.637372
240 9.154408
241 9.355522
242 9.296476
243 8.236664
244 5.892181
245 7.882215
246 9.362580
247 7.564708
248 9.397777
249 6.203387
250 7.434856
251 9.286448
252 9.392909
253 7.971180
254 8.401606
255 8.244768
256 8.158401
257 6.561502
258 9.896348
259 8.838741
260 9.100083
261 9.380821
262 9.084553
263 10.110456
264 9.878364
265 9.505569
266 7.761015
267 7.951458
268 7.328063
269 8.633534
270 7.812384
271 7.675155
272 9.506784
273 8.721577
274 7.790025
275 6.190720
276 5.855271
277 6.552708
278 5.846451
279 7.969762
280 6.812707
281 6.793681
282 8.409883
283 8.667848
284 7.515496
285 8.154534
286 7.870736
287 7.413030
288 8.609420
289 8.082925
290 9.348659
291 8.746333
292 10.575528
293 8.560985
294 9.502267
295 8.511527
296 8.747355
297 7.518431
298 7.862813
299 8.374133
300 7.217678
301 7.386538
302 8.870022
303 10.061955
304 8.144140
305 8.247602
306 9.071461
307 9.757366
308 9.461811
309 9.543139
310 8.814685
311 9.354560
312 8.925272
313 8.441285
314 9.354692
315 7.046741
316 5.756788
317 8.024140
318 6.601865
319 6.557442
320 5.819322
321 3.686841
322 6.057565
323 3.748839
324 3.978580
325 4.212781
326 3.861126
327 3.670707
328 3.513490
329 3.911899
330 3.207136
331 3.787254
332 3.812679
333 3.055716
334 3.767823
335 3.769032
336 3.680501
337 3.707897
338 3.717336
339 3.720914
340 3.932236
341 3.713758
342 3.907431
343 3.286243
344 3.780300
345 3.778162
346 5.416061
347 7.036376
348 5.274096
349 4.137088
350 3.771924
351 5.024827
352 3.760771
353 3.698338
354 3.790135
355 3.523308
356 3.680612
357 3.633745
358 3.777567
359 3.750707
360 3.911868
361 3.777548
362 3.735237
363 3.282269
364 3.534475
365 3.472005
366 3.818245
367 3.817065
368 3.394832
369 3.677950
370 3.806548
371 3.894583
372 5.548726
373 6.695864
374 5.626465
375 5.733412
376 7.287490
377 7.435874
378 8.004210
379 7.414859
380 7.923855
381 7.549711
382 8.240226
383 8.370428
384 8.022772
385 6.888443
386 9.008807
387 8.011971
388 7.987108
389 7.062554
390 8.797393
391 8.130375
392 8.974280
393 9.386260
394 8.777324
395 10.271605
396 10.778221
397 9.601572
398 9.508346
399 10.454174
400 9.541930
401 9.070712
402 8.455818
403 6.952581
404 9.204667
405 9.205710
406 9.817886
407 8.472100
408 7.467431
409 8.479864
410 8.038525
411 8.396989
412 6.030653
413 6.116487
414 6.161544
415 6.112661
416 6.048618
417 5.593747
418 7.649189
419 8.636135
420 8.475484
421 8.135748
422 8.479016
423 6.667308
424 6.181529
425 6.541955
426 5.980018
427 8.251284
428 10.098063
429 10.424228
430 10.473005
431 9.256251
432 9.979107
433 8.799121
434 9.002696
435 8.311853
436 9.445919
437 10.101093
438 10.225138
439 8.939157
440 9.555804
441 10.110909
442 8.008665
443 9.964828
444 11.236730
445 9.203872
446 9.001767
447 9.404792
448 9.325815
449 8.632969
450 8.827929
451 10.249982
452 10.072209
453 8.652280
454 9.327429
455 9.245416
456 9.857673
457 7.541148
458 8.013020
459 8.195756
460 6.194024
461 8.155768
462 8.362520
463 6.237134
464 6.615204
465 7.146103
466 7.981667
467 8.157513
468 6.287107
469 6.318553
470 7.562494
471 7.923805
472 6.225607
473 6.240555
474 6.053314
475 6.071877
476 6.782405
477 7.518154
478 7.982793
479 8.169249
480 7.344183
481 9.450240
482 9.659175
483 8.080064
484 5.741522
485 5.761721
486 6.400891
487 6.374087
488 6.249849
489 6.292387
490 5.087534
491 7.410430
492 6.212877
493 6.670750
494 6.875597
495 6.513810
496 7.862548
497 5.625531
498 6.024193
499 5.714579
500 7.525880
501 5.886806
502 8.762226
503 8.527843
504 8.542232
505 7.325094
506 8.249338
507 7.051284
508 8.552112
509 8.174503
510 7.350295
511 8.718109
512 8.764503
513 7.909248
514 7.485860
515 8.374497
516 7.670417
517 7.888053
518 9.199046
519 8.503111
520 8.368063
521 8.787161
522 8.621101
523 8.452507
524 10.123134
525 8.976936
526 9.988210
527 9.950533
528 9.359710
529 5.564763
530 5.179635
531 7.903728
532 7.639759
533 5.932233
534 6.326312
535 5.755095
536 6.641785
537 6.046709
538 5.819872
539 5.614455
540 5.430034
541 7.203137
542 6.972101
543 6.578093
544 6.436930
545 5.287997
546 5.971574
547 5.338504
548 6.197046
549 7.810024
550 9.602060
551 9.775983
552 9.930522
553 9.943867
554 10.365295
555 9.899142
556 9.870255
557 9.006093
558 10.365387
559 9.741367
560 10.146905
561 9.411810
562 9.295124
563 9.089095
564 8.675840
565 8.125973
566 9.267935
567 9.762886
568 9.089256
569 9.658149
570 9.194198
571 9.580445
572 9.781837
573 9.441154
574 9.420816
575 8.632689
576 9.135919
577 9.795093
578 10.887447
579 10.362667
580 9.811633
581 10.304391
582 9.816780
583 10.193078
584 8.750661
585 9.953098
586 10.583881
587 8.583650
588 8.868332
589 9.912550
590 9.659820
591 9.755748
592 9.590571
593 9.621544
594 9.823048
595 9.762836
596 9.105637
597 10.510705
598 9.288806
599 9.848482
600 9.772252
601 9.546967
602 10.199439
603 10.206221
604 9.721160
605 8.797693
606 9.497121
607 9.411769
608 10.751824
609 8.108519
610 9.414384
611 9.750663
612 9.556276
613 9.926840
614 9.684702
615 9.610168
616 9.693038
617 9.766689
618 9.553231
619 10.369005
620 9.208613
621 8.773192
622 10.096049
623 10.241258
624 8.760234
625 9.411958
626 8.123812
627 9.759494
628 9.284126
629 7.906790
630 7.708526
631 7.116109
632 6.490401
633 6.277365
634 8.496830
635 8.618325
636 8.644056
637 9.146304
638 10.079979
639 6.858929
640 7.509341
641 7.301962
642 7.893167
643 8.637087
644 8.666866
645 6.512335
646 7.493604
647 5.550307
648 3.831474
649 3.987203
650 6.598500
651 6.353780
652 6.412285
653 8.257414
654 9.819331
655 8.127176
656 7.627510
657 7.046914
658 8.889963
659 8.960122
660 9.463784
661 8.496199
662 8.297621
663 7.684817
664 8.510756
665 5.541958
666 5.770106
667 7.978661
668 8.661760
669 9.132583
670 9.123384
671 10.387982
672 9.775630
673 9.129931
674 9.203625
675 9.553414
676 8.318707
677 10.071273
678 10.337242
679 10.590074
680 8.475058
681 7.904974
682 8.065025
683 7.846873
684 7.399653
685 7.937287
686 7.862227
687 8.475035
688 8.401732
689 8.507414
690 8.962977
691 6.195006
692 5.665944
693 6.410249
694 6.255886
695 6.090058
696 6.068130
697 6.292362
698 6.170275
699 5.671739
700 7.152852
701 5.570764
702 7.228064
703 6.199953
704 6.206104
705 7.245339
706 7.783298
707 8.013456
708 8.774198
709 7.035594
710 6.363609
711 5.899230
712 5.997249
713 6.611399
714 6.110207
715 6.415207
716 6.785619
717 6.211241
718 6.222131
719 5.864436
720 6.757579
721 6.419080
722 5.934493
723 7.128709
724 8.613652
725 7.984335
726 8.182259
727 8.579499
728 9.145680
729 8.782345
730 8.635218
731 8.467568
732 8.789432
733 6.334870
734 6.311624
735 6.619805
736 6.191003
737 5.493049
738 6.027445
739 5.440672
740 5.623961
741 6.139512
742 8.283983
743 9.244399
744 9.182188
745 8.227157
746 6.268099
747 6.528275
748 9.196726
749 8.978516
750 6.880158
751 6.341906
752 5.806635
753 6.160883
754 6.497825
755 5.894310
756 8.840301
757 7.415890
758 7.680680
759 8.013301
760 8.398965
761 8.476256
762 3.882827
763 3.209268
764 3.720147
765 3.805295
766 3.684307
767 5.602983
768 3.557951
769 5.949129
770 5.470556
771 5.565297
772 5.296082
773 5.601018
774 7.785642
775 7.535874
776 6.485783
777 7.200187
778 8.018486
779 8.111776
780 8.320944
781 8.330338
782 8.013044
783 7.872008
784 8.789845
785 5.660696
786 6.275207
787 7.149921
788 8.704076
789 7.419178
790 8.809750
791 8.087412
792 10.620254
793 10.243858
794 8.628610
795 10.441390
796 6.562326
797 6.273423
798 6.174797
799 5.634655
800 5.469203
801 5.569184
802 6.972102
803 8.479638
804 8.958935
805 7.866596
806 9.051106
807 8.413689
808 8.716898
809 8.134403
810 8.806334
811 8.238356
812 8.539461
813 8.481146
814 7.875613
815 7.362104
816 7.265060
817 9.074803
818 8.543290
819 7.972250
820 8.568699
821 8.404458
822 8.631344
823 7.577020
824 7.826276
825 7.610575
826 7.939891
827 9.253855
828 8.618247
829 10.266941
830 8.759690
831 8.622163
832 7.870035
833 8.596798
834 8.394368
835 7.874067
836 8.468472
837 8.415467
838 8.268559
839 6.871410
840 7.799092
841 7.986796
842 7.195032
843 8.425139
844 8.784004
845 8.014526
846 9.507966
847 8.853686
848 8.144654
849 8.572316
850 7.728546
851 7.909758
852 8.796899
853 7.586005
854 6.438618
855 6.157640
856 7.457239
857 8.535670
858 8.018839
859 6.824736
860 8.456436
861 6.218732
862 5.016034
863 6.922933
864 7.987000
865 5.623853
866 6.776563
867 6.038716
868 5.896523
869 6.348394
870 5.115524
871 5.982951
872 5.714050
873 3.760825
874 3.914732
875 3.530111
876 6.507582
877 6.122909
878 7.236228
879 7.205894
880 6.298645
881 7.127926
882 7.201007
883 8.157627
884 8.304666
885 8.376431
886 6.247497
887 5.924331
888 6.227696
889 5.893697
890 5.654036
891 5.924975
892 6.434476
893 7.462768
894 6.422595
895 5.717420
896 3.818181
897 3.678588
898 3.851999
899 3.651334
900 7.193844
901 6.978617
902 7.888175
903 7.108115
904 7.954324
905 5.633233
906 7.945420
907 9.585600
908 7.886483
909 9.076783
910 8.548738
911 7.215962
912 8.013514
913 8.804210
914 8.563399
915 9.149305
916 9.726108
917 8.937032
918 6.405982
919 5.807873
920 7.816679
921 9.385811
922 8.459373
923 7.089958
924 7.369594
925 9.198768
926 6.880834
927 10.598463
928 7.237216
929 8.000659
930 7.600064
931 7.853979
932 7.575064
933 6.490070
934 5.741681
935 7.745826
936 6.741251
937 7.278114
938 8.248601
939 6.219855
940 6.474212
941 6.161341
942 5.748650
943 5.862703
944 5.625134
945 5.345183
946 5.232571
947 5.122216
948 3.864323
949 3.830164
950 3.812104
951 3.773277
952 3.620512
953 5.533805
954 3.794180
955 3.617159
956 3.529105
957 3.472838
958 3.613214
959 3.542232
960 3.423962
961 3.648837
962 3.498730
963 3.570774
964 3.880256
965 3.859352
966 4.697041
967 6.553433
968 7.473011
969 6.581568
970 6.415902
971 7.565930
972 9.338898
973 8.907301
974 9.645697
975 7.965336
976 9.202590
977 9.386855
978 8.981108
979 9.415750
980 10.799288
981 8.345988
982 8.619802
983 8.903519
984 7.987227
985 7.954628
986 8.231752
987 5.872225
988 9.208683
989 9.491712
990 8.982325
991 9.241586
992 9.256840
993 10.771597
994 9.657357
995 9.578651
996 8.910494
997 9.356245
998 11.205721
999 6.402163
1000 7.961494
1001 8.449903
1002 7.769313
1003 8.629334
1004 7.877276
1005 8.633851
1006 9.186515
1007 8.232344
1008 7.932322
1009 8.674360
1010 7.933693
1011 8.678509
1012 8.159128
1013 7.776308
1014 9.542522
1015 8.504876
1016 7.602222
1017 7.615052
1018 7.610381
1019 7.368495
1020 8.051267
1021 8.349815
1022 8.077164
1023 8.106299
1024 8.804169
1025 8.659800
1026 6.898716
1027 7.337309
1028 8.721038
1029 8.121582
1030 9.237188
1031 8.264555
1032 8.003969
1033 8.372161
1034 8.865172
1035 7.338501
1036 8.931708
1037 7.992316
1038 9.038928
1039 8.036026
1040 8.995572
1041 10.344606
1042 9.989504
1043 9.501678
1044 10.062059
1045 10.394082
1046 7.036007
1047 8.359635
1048 8.547046
1049 9.003394
1050 7.923895
1051 8.132530
1052 8.399263
1053 8.283942
1054 8.927629
1055 8.993447
1056 7.126547
1057 7.963653
1058 7.932470
1059 8.608233
1060 9.185827
1061 8.754760
1062 9.436532
1063 8.509419
1064 8.259171
1065 7.847918
1066 7.697356
1067 8.321305
1068 8.402942
1069 7.931695
1070 6.803829
1071 8.798120
1072 9.343628
1073 8.956756
1074 8.526813
1075 10.569136
1076 9.084833
1077 9.373111
1078 8.842358
1079 9.606355
1080 8.677492
1081 8.536139
1082 8.722000
1083 9.219550
1084 9.374199
1085 9.033452
1086 7.400620
1087 7.485567
1088 7.367483
1089 7.355338
1090 8.048899
1091 7.929817
1092 9.745943
1093 8.923637
1094 8.252769
1095 8.580942
1096 8.185977
1097 9.502040
1098 7.802314
1099 8.785590
1100 8.314739
1101 9.196455
1102 8.707963
1103 7.439852
1104 7.581509
1105 9.076964
1106 7.940634
1107 6.775026
1108 7.968979
1109 7.598593
1110 8.424927
1111 9.135196
1112 8.543618
1113 10.501437
1114 7.951132
1115 7.693616
1116 8.737059
1117 7.972102
1118 9.252989
1119 8.222902
1120 7.967885
1121 5.830444
1122 7.596599
1123 9.942908
1124 3.448159
1125 3.830950
1126 4.056318
1127 5.358610
1128 7.084912
1129 5.534011
1130 5.981471
1131 6.020457
1132 6.589788
1133 5.964211
1134 6.577889
1135 5.986830
1136 6.009434
1137 6.304545
1138 6.472843
1139 6.294363
1140 9.438956
1141 8.006880
1142 7.645987
1143 8.177397
1144 7.945880
1145 8.999259
1146 8.695900
1147 7.649648
1148 8.211229
1149 8.180482
1150 6.684526
1151 7.731118
1152 8.197500
1153 8.480836
1154 7.920106
1155 6.976840
1156 7.958916
1157 8.437590
1158 8.223779
1159 7.803572
1160 8.809729
1161 8.860770
1162 8.694320
1163 8.718267
1164 7.877931
1165 8.020427
1166 7.540101
1167 8.687062
1168 8.410062
1169 8.170888
1170 7.862837
1171 8.245710
1172 7.355990
1173 7.388700
1174 7.518174
1175 8.119471
1176 8.549205
1177 7.893136
1178 7.816145
1179 8.249516
1180 8.735135
1181 7.820468
1182 8.353078
1183 8.959615
1184 8.028631
1185 8.334423
1186 7.889358
1187 6.007470
1188 5.777369
1189 6.256043
1190 6.252563
1191 6.341972
1192 6.066012
1193 5.776999
1194 6.814891
1195 6.273988
1196 6.215221
1197 6.448110
1198 5.335022
1199 7.696369
1200 5.691985
1201 5.351877
1202 7.393414
1203 8.763363
1204 5.206457
1205 5.760224
1206 7.537493
1207 5.828771
1208 5.225197
1209 5.323087
1210 6.151317
1211 5.794600
1212 7.990081
1213 7.216536
1214 8.786819
1215 8.524142
1216 8.790928
1217 8.791241
1218 8.668702
1219 7.894289
1220 9.348088
1221 8.217474
1222 8.673686
1223 8.525363
1224 8.955508
1225 8.501867
1226 8.002453
1227 9.378293
1228 8.927632
1229 8.023086
1230 8.467746
1231 8.475688
1232 8.005535
1233 8.315410
1234 9.266870
1235 8.412156
1236 8.277843
1237 8.433987
1238 8.969064
1239 8.244301
1240 8.446546
1241 8.071240
1242 6.410405
1243 5.890672
1244 6.137709
1245 5.877194
1246 6.166724
1247 5.364970
1248 6.424048
1249 6.438680
1250 6.171556
1251 6.968300
1252 6.882121
1253 7.709100
1254 8.103666
1255 8.236425
1256 7.792680
1257 7.618773
1258 8.175170
1259 8.694389
1260 8.447703
1261 8.076453
1262 7.564954
1263 9.445620
1264 7.278867
1265 6.862746
1266 8.023394
1267 9.098841
1268 8.475328
1269 10.151719
1270 9.823294
1271 9.281599
1272 8.607213
1273 8.285543
1274 5.705831
1275 6.332583
1276 6.975909
1277 8.060801
1278 9.130530
1279 8.574947
1280 10.713666
1281 5.676700
1282 5.891098
1283 7.866115
1284 5.924641
1285 6.599180
1286 7.729484
1287 10.693725
1288 9.930973
1289 9.588524
1290 7.944991
1291 8.030905
1292 7.950603
1293 8.771209
1294 6.608065
1295 9.106225
1296 8.024368
1297 9.229784
1298 8.621728
1299 8.892699
1300 6.983733
1301 8.548131
1302 8.802119
1303 8.369599
1304 8.854424
1305 8.320601
1306 8.723311
1307 8.362878
1308 8.547174
1309 7.678513
1310 8.142971
1311 8.022083
1312 7.760761
1313 8.218485
1314 8.495211
1315 8.374449
1316 8.336547
1317 8.381233
1318 8.402702
1319 7.948987
1320 7.924709
1321 7.910791
1322 9.171020
1323 8.358744
1324 8.135415
1325 9.250589
1326 8.261091
1327 8.374352
1328 9.591339
1329 9.398490
1330 8.643478
1331 8.338215
1332 8.173768
1333 7.935781
1334 8.271217
1335 8.614211
1336 8.580476
1337 8.409755
1338 9.445355
1339 8.181034
1340 7.489330
1341 8.215557
1342 7.877043
1343 8.289824
1344 7.421975
1345 8.048536
1346 8.099067
1347 8.570005
1348 7.859020
1349 8.030555
1350 8.365512
1351 8.571418
1352 8.651024
1353 8.709913
1354 8.916557
1355 7.653790
1356 8.569701
1357 9.274816
1358 9.699168
1359 10.105000
1360 9.712597
1361 8.878367
1362 9.007500
1363 5.991015
1364 8.805307
1365 8.881510
1366 8.925488
1367 8.581995
1368 9.411680
1369 9.040887
1370 8.769242
1371 8.358253
1372 9.300611
1373 8.315529
1374 8.323109
1375 8.284695
1376 7.814702
1377 8.594255
1378 7.773822
1379 8.615723
1380 8.446906
1381 8.688436
1382 8.683304
1383 8.987736
1384 9.405770
1385 9.179503
1386 8.868064
1387 8.610571
1388 8.987653
1389 8.796807
1390 9.445287
1391 8.386966
1392 8.793288
1393 8.376264
1394 8.302085
1395 8.037623
1396 8.255095
1397 9.082209
1398 8.415233
1399 8.209414
1400 8.756468
1401 7.891546
1402 8.528152
1403 8.700424
1404 8.574626
1405 9.362852
1406 9.122643
1407 8.449817
1408 7.952868
1409 8.796000
1410 8.804529
1411 8.333344
1412 8.195250
1413 9.788366
1414 7.053950
1415 6.267792
1416 5.758610
1417 6.335369
1418 6.433700
1419 5.705015
1420 6.495977
1421 6.101362
1422 6.396727
1423 6.252341
1424 5.863412
1425 5.685041
1426 5.489510
1427 5.792152
1428 6.886581
1429 5.991669
1430 5.468830
1431 5.607755
1432 5.893370
1433 7.313647
1434 5.942424
1435 5.953213
1436 5.526426
1437 7.966092
1438 8.543317
1439 9.606166
1440 9.348924
1441 8.781628
1442 8.933555
1443 8.477437
1444 8.083648
1445 9.158652
1446 8.014321
1447 9.193262
1448 7.615098
1449 9.246114
1450 9.512330
1451 8.310020
1452 7.916279
1453 7.604665
1454 8.615760
1455 8.491739
1456 8.775821
1457 9.824667
1458 8.582918
1459 8.877242
1460 9.159992
1461 9.284970
1462 8.224609
1463 8.474541
1464 8.678974
1465 9.209230
1466 10.642656
1467 9.026816
1468 9.196198
1469 9.300881
1470 9.920489
1471 9.631827
1472 9.321133
1473 6.126045
1474 8.799152
1475 9.028416
1476 7.118615
1477 9.315286
1478 9.379814
1479 8.921153
1480 8.327504
1481 8.860157
1482 8.675864
1483 8.530243
1484 9.688743
1485 7.736389
1486 8.973728
1487 8.770844
1488 8.713132
1489 8.195615
1490 7.659369
1491 5.517185
1492 8.336714
1493 8.566193
1494 7.961738
1495 8.937387
1496 8.628213
1497 8.133860
1498 6.444268
1499 7.237003
1500 5.968364
1501 6.288990
1502 8.160163
1503 7.292228
1504 8.124885
1505 5.759152
1506 6.881410
1507 7.978558
1508 8.716456
1509 9.154026
1510 9.210302
1511 8.739537
1512 8.917562
1513 8.828707
1514 8.837115
1515 8.177421
1516 8.671759
1517 8.455894
1518 9.276039
1519 9.267115
1520 8.072578
1521 9.017907
1522 7.137518
1523 8.706343
1524 7.886153
1525 7.947785
1526 8.033336
1527 8.630218
1528 8.482062
1529 8.386580
1530 7.495450
1531 8.226116
1532 8.129858
1533 7.498995
1534 7.871420
1535 8.099240
1536 7.868631
1537 10.149106
1538 8.087212
1539 8.053905
1540 6.998493
1541 5.905726
1542 7.730602
1543 8.577213
1544 9.220356
1545 7.838628
1546 8.650167
1547 7.889240
1548 7.687191
1549 8.572256
1550 8.057506
1551 8.291645
1552 7.644218
1553 8.152288
1554 8.965733
1555 7.596804
1556 3.849884
1557 3.731835
1558 3.663154
1559 3.293752
1560 3.717123
1561 3.468502
1562 3.270082
1563 3.319073
1564 3.345899
1565 3.461808
1566 3.631780
1567 3.745118
1568 3.669915
1569 3.435971
1570 3.644475
1571 3.813706
1572 3.929753
1573 3.829500
1574 3.470243
1575 5.464039
1576 5.774063
1577 5.556667
1578 5.921350
1579 6.264471
1580 5.862535
1581 6.479922
1582 5.411739
1583 8.237724
1584 8.111927
1585 8.226345
1586 7.930942
1587 8.999038
1588 8.987925
1589 7.731293
1590 8.734879
1591 9.382463
1592 8.183234
1593 8.464741
1594 9.131716
1595 9.277990
1596 8.797798
1597 6.338093
1598 6.295372
1599 7.857208
1600 5.692147
1601 6.028807
1602 6.274538
1603 5.955479
1604 7.173402
1605 6.522340
1606 5.502362
1607 5.423663
1608 6.133564
1609 6.046238
1610 6.697449
1611 9.498705
1612 7.987556
1613 8.325201
1614 8.700931
1615 8.506882
1616 8.444918
1617 8.636685
1618 8.237200
1619 8.061178
1620 8.524254
1621 8.194661
1622 8.796390
1623 8.340054
1624 8.189397
1625 8.395639
1626 8.399657
1627 6.733028
1628 6.870320
1629 8.613157
1630 7.161077
1631 6.086943
1632 7.457815
1633 5.872386
1634 6.157970
1635 6.353630
1636 6.439324
1637 8.215915
1638 9.016062
1639 8.096549
1640 8.415683
1641 6.677232
1642 6.732202
1643 6.328239
1644 5.479837
1645 6.158614
1646 7.660567
1647 6.405129
1648 5.536012
1649 7.757458
1650 8.357015
1651 7.438852
1652 7.573350
1653 7.887523
1654 8.557183
1655 8.322032
1656 8.451987
1657 8.412947
1658 9.322893
1659 8.866940
1660 8.582876
1661 6.325125
1662 5.793937
1663 8.300928
1664 6.539861
1665 5.335343
1666 7.604004
1667 6.229365
1668 5.863317
1669 6.524116
1670 6.448405
1671 6.985955
1672 9.313098
1673 7.702169
1674 9.481062
1675 6.953459
1676 8.928727
1677 8.473525
1678 9.281155
1679 8.809919
1680 8.037873
1681 8.072356
1682 6.214900
1683 7.803423
1684 9.189395
1685 8.790045
1686 9.065248
1687 8.084263
1688 9.162827
1689 6.876081
1690 8.678190
1691 9.213590
1692 9.520434
1693 10.131129
1694 8.337369
1695 9.774196
1696 9.423317
1697 10.095393
1698 9.996245
1699 9.423721
1700 10.426609
1701 10.065730
1702 10.106926
1703 9.032817
1704 9.846028
1705 9.899590
1706 8.381413
1707 8.451320
1708 9.083241
1709 8.157581
1710 8.530561
1711 8.845389
1712 8.636370
1713 8.863282
1714 8.358220
1715 8.498459
1716 6.946293
1717 7.842551
1718 8.599051
1719 7.774072
1720 8.552072
1721 7.889964
1722 9.096083
1723 7.817583
1724 8.911638
1725 8.846887
1726 8.970946
1727 8.981377
1728 8.142446
1729 7.807719
1730 8.243049
1731 8.122377
1732 8.619265
1733 8.400152
1734 8.949066
1735 8.738467
1736 8.695414
1737 8.274013
1738 8.994447
1739 8.220469
1740 7.612732
1741 7.058464
1742 8.267546
1743 8.453693
1744 9.007089
1745 9.177694
1746 8.690269
1747 8.031925
1748 8.324621
1749 7.707873
1750 7.117311
1751 7.939258
1752 6.627526
1753 7.776206
1754 8.807922
1755 8.804368
1756 8.946150
1757 9.128182
1758 7.690114
1759 9.178850
1760 8.979551
1761 9.423834
1762 8.781401
1763 8.882999
1764 8.684020
1765 8.470816
1766 8.721390
1767 9.507178
1768 8.731598
1769 7.597244
1770 8.718973
1771 8.198037
1772 8.431132
1773 7.818556
1774 8.662863
1775 7.308692
1776 6.541256
1777 6.777913
1778 7.857646
1779 8.306592
1780 8.943836
1781 7.586419
1782 8.497465
1783 7.858065
1784 7.367593
1785 8.685863
1786 8.633340
1787 9.156168
1788 8.415376
1789 7.963523
1790 7.869777
1791 8.741229
1792 9.785757
1793 8.304753
1794 7.371152
1795 8.229636
1796 8.534848
1797 7.548438
1798 8.776639
1799 8.848424
1800 9.234427
1801 8.936634
1802 8.974482
1803 8.388457
1804 8.349888
1805 7.927913
1806 8.935575
1807 8.523961
1808 8.188730
1809 9.127148
1810 8.965995
1811 8.487785
1812 8.302034
1813 7.761735
1814 8.919114
1815 9.040338
1816 8.988868
1817 8.510000
1818 8.468093
1819 9.285937
1820 7.234950
1821 6.345188
1822 8.288486
1823 8.199809
1824 7.990682
1825 9.172438
1826 10.346231
1827 8.408954
1828 8.278655
1829 8.472909
1830 7.549582
1831 9.367408
1832 8.417936
1833 8.355123
1834 8.030311
1835 8.017215
1836 7.574602
1837 7.843507
1838 8.522353
1839 6.824965
1840 7.965512
1841 8.937881
1842 9.032192
1843 7.681597
1844 7.648232
1845 7.682356
1846 8.729410
1847 7.759550
1848 8.722276
1849 7.267613
1850 8.238593
1851 8.337147
1852 8.352077
1853 8.478714
1854 7.566150
1855 9.278200
1856 7.086736
1857 7.604925
1858 6.437958
1859 8.928102
1860 8.773764
1861 6.919219
1862 8.454068
1863 9.328395
1864 8.009306
1865 7.871530
1866 8.230692
1867 8.189610
1868 8.719273
1869 7.996330
1870 8.293046
1871 7.730207
1872 5.837518
1873 7.856734
1874 6.605641
1875 7.405639
1876 8.355471
1877 7.748455
1878 9.977464
1879 7.359483
1880 7.437506
1881 7.154611
1882 7.879759
1883 6.781418
1884 6.156251
1885 6.008111
1886 3.996715
1887 3.819530
1888 3.494496
1889 6.505690
1890 6.362526
1891 6.149683
1892 4.015393
1893 3.943835
1894 3.755930
1895 3.817968
1896 3.917719
1897 3.860752
1898 3.869032
1899 3.523180
1900 3.891094
1901 3.671852
1902 3.686043
1903 3.870929
1904 3.844869
1905 3.947150
1906 3.791716
1907 3.910434
1908 3.761730
1909 4.516136
1910 3.743631
1911 3.790424
1912 3.862693
1913 5.032219
1914 3.614690
1915 3.873307
1916 3.625726
1917 3.776371
1918 3.424469
1919 3.868373
1920 3.774044
1921 3.589179
1922 3.572760
1923 3.654589
1924 3.532250
1925 3.648040
1926 3.392287
1927 3.478866
1928 3.655974
1929 3.483706
1930 3.214375
1931 3.362901
1932 3.739573
1933 3.505839
1934 3.745131
1935 3.465501
1936 3.766708
1937 3.650878
1938 3.838972
1939 3.554277
1940 3.733857
1941 3.862784
1942 3.389647
1943 3.437878
1944 3.579062
1945 3.693915
1946 3.607687
1947 3.548591
1948 4.282116
1949 3.942062
1950 3.541891
1951 3.696893
1952 3.921838
1953 4.105170
1954 3.406714
1955 3.465908
1956 3.167634
1957 3.802052
1958 3.622995
1959 3.402662
1960 3.908183
1961 3.633948
1962 3.932292
1963 3.698149
1964 3.580647
1965 3.908720
1966 3.811418
1967 3.613216
1968 5.945325
1969 6.198264
1970 7.446630
1971 6.568847
1972 6.416185
1973 7.272696
1974 7.922897
1975 6.881110
1976 9.527455
1977 7.505529
1978 9.200805
1979 7.523784
1980 5.609937
1981 7.922002
1982 8.418252
1983 7.734138
1984 9.084455
1985 8.622468
1986 8.283997
1987 8.948488
1988 8.079142
1989 9.439840
1990 7.950937
1991 8.518075
1992 8.862252
1993 8.744011
1994 8.352682
1995 8.221680
1996 8.713380
1997 7.481462
1998 7.699175
1999 8.117753
2000 7.366450
2001 8.497109
2002 8.192912
2003 8.800870
2004 7.291481
2005 7.810387
2006 7.681184
2007 7.802188
2008 8.231212
2009 5.178370
2010 3.599530
2011 4.058807
2012 3.963409
2013 3.711887
2014 6.293439
2015 5.492557
2016 6.938601
2017 5.772946
2018 5.474713
2019 7.265818
2020 5.272892
2021 6.020215
2022 7.815461
2023 7.358630
2024 6.596126
2025 6.669364
2026 10.288828
2027 9.175775
2028 10.128071
2029 7.577216
2030 5.835203
2031 6.432055
2032 6.592646
2033 5.785343
2034 3.694722
2035 3.622787
2036 3.820601
2037 3.608449
2038 3.690705
2039 3.790896
2040 3.653572
2041 3.849443
2042 3.969647
2043 3.774825
2044 3.877898
2045 4.624771
2046 3.551242
2047 4.001250
2048 4.115942
2049 3.611498
2050 3.638942
2051 3.838796
2052 3.295478
2053 3.484398
2054 4.735632
2055 5.673251
2056 3.280811
2057 3.605445
2058 3.361803
2059 3.971308
2060 3.621172
2061 3.885216
2062 3.765142
2063 3.467292
2064 3.733379
2065 4.613588
2066 3.517814
2067 3.925876
2068 3.880802
2069 3.796131
2070 3.676996
2071 3.535888
2072 3.803711
2073 3.203062
2074 3.171263
2075 3.459912
2076 3.745345
2077 3.727278
2078 4.966155
2079 3.656954
2080 3.660357
2081 3.857476
2082 3.684534
2083 5.728317
2084 5.988606
2085 5.522151
2086 4.839774
2087 5.620187
2088 3.730267
2089 3.777250
2090 3.741727
2091 3.611386
2092 3.790370
2093 3.730872
2094 3.746425
2095 3.719503
2096 3.826407
2097 3.817500
2098 3.804974
2099 3.579028
2100 3.741736
2101 3.640728
2102 3.428032
2103 5.005056
2104 3.653133
2105 3.767400
2106 3.480963
2107 3.391727
2108 3.724795
2109 3.519294
2110 3.627870
2111 3.738464
2112 3.643363
2113 3.239969
2114 3.685106
2115 3.585943
2116 3.587800
2117 3.768820
2118 3.410540
2119 3.405714
2120 3.756181
2121 3.520566
2122 3.797217
2123 3.687831
2124 3.790329
2125 3.576452
2126 3.997500
2127 5.079260
2128 5.273301
2129 4.782486
2130 3.826710
2131 3.868748
2132 5.775078
2133 7.114779
2134 5.835452
2135 5.302790
2136 5.241610
2137 6.053510
2138 5.946073
2139 5.628621
2140 5.066159
2141 5.464602
2142 8.001587
2143 8.817765
2144 8.532820
2145 7.580427
2146 7.611710
2147 5.828363
2148 5.690457
2149 6.493831
2150 5.442966
2151 5.633065
2152 5.918422
2153 6.083484
2154 6.178458
2155 6.468724
2156 6.429393
2157 8.789499
2158 7.514178
2159 8.015796
2160 8.668385
2161 8.587397
2162 9.071763
2163 9.212427
2164 7.880869
2165 9.842774
2166 10.354229
2167 8.249642
2168 9.185816
2169 7.620663
2170 8.590790
2171 7.991958
2172 8.215740
2173 8.318150
2174 8.575721
2175 9.676229
2176 8.270313
2177 8.679493
2178 8.716586
2179 8.803791
2180 7.862407
2181 7.744659
2182 8.195296
2183 7.093984
2184 6.896991
2185 6.434360
2186 6.087800
2187 6.109871
2188 8.623631
2189 8.811030
2190 9.130445
2191 9.798208
2192 8.676888
2193 8.370173
2194 9.674777
2195 7.806285
2196 8.436073
2197 9.057463
2198 8.632041
2199 9.187143
2200 8.763113
2201 8.793930
2202 8.163203
2203 8.367298
2204 8.515510
2205 9.429581
2206 8.358385
2207 8.318501
2208 8.695292
2209 8.982482
2210 8.886738
2211 8.829602
2212 9.042843
2213 9.326538
2214 8.355038
2215 8.076779
2216 8.817746
2217 9.241959
2218 8.540324
2219 8.190120
2220 8.354663
2221 9.308797
2222 8.505173
2223 8.485098
2224 8.459173
2225 9.038419
2226 8.875981
2227 10.082512
2228 7.998683
2229 8.858830
2230 8.313304
2231 9.093929
2232 9.688800
2233 8.769609
2234 8.403162
2235 8.907485
2236 8.313110
2237 8.508384
2238 7.085570
2239 8.670330
2240 10.449017
2241 7.824959
2242 8.387928
2243 8.797672
2244 8.741400
2245 8.988092
2246 9.337505
2247 8.877583
2248 9.321591
2249 6.986457
2250 6.221173
2251 6.524125
2252 8.133800
2253 7.567119
2254 9.108177
2255 9.126083
2256 9.330734
2257 9.167035
2258 8.168767
2259 8.672034
2260 8.882443
2261 8.206260
2262 8.949645
2263 8.654278
2264 9.112366
2265 8.654559
2266 8.782586
2267 8.010205
2268 8.691179
2269 8.205480
2270 7.110573
2271 7.636024
2272 9.119901
2273 8.395244
2274 7.928415
2275 8.034064
2276 8.925309
2277 8.594726
2278 9.378359
2279 9.450276
2280 8.994778
2281 8.560954
2282 8.796512
2283 8.993445
2284 8.867210
2285 8.784795
2286 8.395605
2287 8.526863
2288 7.776896
2289 9.426522
2290 8.552954
2291 7.934435
2292 5.877389
2293 6.787112
2294 8.053904
2295 5.829872
2296 6.168023
2297 7.893622
2298 6.366515
2299 5.700954
2300 8.737980
2301 7.227240
2302 8.819316
2303 9.234171
2304 8.268531
2305 8.056483
2306 8.228376
2307 9.357809
2308 8.372031
2309 8.448658
2310 8.284019
2311 8.774292
2312 9.123007
2313 9.014483
2314 8.773244
2315 9.443061
2316 10.232462
2317 9.358185
2318 8.746099
2319 8.523792
2320 9.877879
2321 6.438196
2322 8.043794
2323 8.228837
2324 8.438395
2325 8.116614
2326 6.517961
2327 6.341213
2328 6.252048
2329 6.724191
2330 5.298734
2331 6.075938
2332 7.549309
2333 6.383871
2334 8.571311
2335 8.664878
2336 10.526670
2337 9.514089
2338 9.691469
2339 8.740217
2340 9.476565
2341 8.834280
2342 8.780576
2343 8.989408
2344 9.498115
2345 9.689299
2346 9.143838
2347 8.549634
2348 9.516568
2349 9.510467
2350 11.134371
2351 8.901790
2352 9.583426
2353 8.984953
2354 9.608102
2355 8.079536
2356 7.779618
2357 8.012871
2358 8.815815
2359 8.627364
2360 9.985457
2361 9.842011
2362 5.933095
2363 6.145292
2364 3.825833
2365 3.781388
2366 3.858306
2367 3.651961
2368 3.635400
2369 3.816662
2370 3.791002
2371 3.370076
2372 3.899565
2373 3.858849
2374 3.804654
2375 3.987520
2376 3.363111
2377 3.360447
2378 3.587044
2379 3.474739
2380 3.878017
2381 3.894277
2382 3.635192
2383 3.769471
2384 3.475756
2385 5.465291
2386 6.566202
2387 5.630861
2388 5.796653
2389 5.787348
2390 5.469720
2391 5.428249
2392 5.819627
2393 6.391580
2394 7.979185
2395 9.907071
2396 8.742115
2397 5.434304
2398 7.410647
2399 7.462337
2400 7.709386
2401 6.600940
2402 9.718621
2403 7.467270
2404 8.899666
2405 8.288382
2406 7.393477
2407 7.311895
2408 7.222853
2409 6.258826
2410 6.122785
2411 4.887734
2412 4.367439
2413 5.591040
2414 5.850451
2415 5.566876
2416 6.849123
2417 6.132322
2418 6.818259
2419 6.037242
2420 5.580074
2421 5.273194
2422 6.347222
2423 5.754448
2424 7.811820
2425 8.788253
2426 8.896442
2427 7.243523
2428 7.937589
2429 8.511227
2430 8.437890
2431 7.337008
2432 7.684050
2433 8.756083
2434 6.684505
2435 9.665459
2436 7.927888
2437 7.763375
2438 7.171483
2439 8.272440
2440 7.922310
2441 8.109241
2442 7.296102
2443 6.600629
2444 7.626285
2445 8.085820
2446 7.837808
2447 6.261862
2448 7.963529
2449 7.739028
2450 8.822623
2451 7.315722
2452 7.388931
2453 9.141366
2454 8.448923
2455 8.472486
2456 8.709230
2457 8.099242
2458 7.594697
2459 8.300561
2460 7.318366
2461 7.914607
2462 8.484983
2463 8.102284
2464 8.129950
2465 9.120955
2466 9.149327
2467 8.545342
2468 8.341306
2469 8.864610
2470 8.316856
2471 6.069316
2472 6.262276
2473 3.718936
2474 3.624374
2475 3.890681
2476 3.605563
2477 3.671663
2478 3.571588
2479 3.640234
2480 6.399852
2481 5.839195
2482 6.167576
2483 6.343836
2484 11.142449
2485 8.861231
2486 9.841450
2487 11.311365
2488 9.492675
2489 8.840140
2490 9.188723
2491 8.772716
2492 9.293540
2493 8.927153
2494 8.558817
2495 7.709817
2496 8.528928
2497 8.710213
2498 7.565327
2499 7.844356
2500 9.394456
2501 9.646832
2502 9.058003
2503 8.645079
2504 7.622230
2505 8.584834
2506 10.577779
2507 8.615114
2508 9.539228
2509 10.544115
2510 8.217603
2511 8.266240
2512 9.289247
2513 5.674912
2514 5.988966
2515 7.027669
2516 8.066288
2517 8.780024
2518 7.579848
2519 8.286236
2520 8.194072
2521 6.699686
2522 8.006280
2523 7.916886
2524 6.386869
2525 6.125572
2526 7.768490
2527 7.762937
2528 7.987996
2529 6.123611
2530 7.655030
2531 7.290138
2532 6.683630
2533 7.658654
2534 6.982365
2535 5.635335
2536 8.718505
2537 9.626789
2538 9.787384
2539 10.082230
2540 8.970636
2541 9.564963
2542 9.394015
2543 9.327436
2544 8.357639
2545 9.065037
2546 8.236721
2547 9.378945
2548 9.838683
2549 9.769898
2550 9.420985
2551 9.052302
2552 4.981345
2553 4.084558
2554 5.315844
2555 5.413951
2556 6.320839
2557 8.172706
2558 8.623610
2559 8.075798
2560 8.531038
2561 7.485440
2562 8.533310
2563 6.835282
2564 8.598610
2565 7.745565
2566 8.208632
2567 8.445904
2568 8.362207
2569 7.738693
2570 7.498424
2571 7.516416
2572 8.021903
2573 8.841789
2574 8.497269
2575 8.893600
2576 7.628663
2577 8.263874
2578 6.931567
2579 8.462512
2580 8.191461
2581 8.296970
2582 7.938300
2583 8.887298
2584 8.362094
2585 8.800027
2586 6.914115
2587 8.533591
2588 9.035105
2589 8.487556
2590 8.343221
2591 7.046269
2592 7.599176
2593 8.404793
2594 7.491156
2595 7.458880
2596 8.361321
2597 7.912729
2598 7.915392
2599 7.878736
2600 8.376905
2601 7.832361
2602 6.345478
2603 8.628427
2604 8.953821
2605 8.423362
2606 9.643524
2607 6.886586
2608 8.125571
2609 8.172619
2610 8.370272
2611 7.997558
2612 9.135999
2613 8.841751
2614 7.892009
2615 7.850746
2616 7.166951
2617 6.531831
2618 8.311902
2619 7.488525
2620 6.193697
2621 8.796615
2622 8.121489
2623 8.264218
2624 9.014066
2625 7.742558
2626 8.272472
2627 8.678386
2628 8.475553
2629 8.502906
2630 8.369517
2631 8.810645
2632 7.407385
2633 8.199239
2634 8.668920
2635 8.181355
2636 9.308972
2637 8.438588
2638 9.208332
2639 9.367466
2640 8.949358
2641 7.612832
2642 6.692224
2643 6.171069
2644 6.034608
2645 7.721095
2646 5.987654
2647 6.193109
2648 6.207361
2649 6.503332
2650 6.559337
2651 6.253685
2652 7.808059
2653 6.230923
2654 7.608468
2655 5.877083
2656 6.251312
2657 6.394833
2658 5.873625
2659 7.242934
2660 5.730358
2661 6.910984
2662 8.695086
2663 8.634256
2664 5.807349
2665 5.695798
2666 5.726859
2667 6.277182
2668 7.571030
2669 7.754418
2670 5.778010
2671 6.303467
2672 6.874169
2673 5.665120
2674 5.629751
2675 6.027809
2676 6.297707
2677 10.267238
2678 8.038769
2679 9.112994
2680 9.003381
2681 8.195862
2682 8.967860
2683 7.854178
2684 6.053901
2685 8.482110
2686 6.903312
2687 6.448482
2688 10.213073
2689 9.866338
2690 10.482250
2691 8.736318
2692 9.588126
2693 10.314289
2694 9.695676
2695 8.732567
2696 7.755343
2697 7.823289
2698 9.024817
2699 8.881313
2700 8.841645
2701 10.338713
2702 8.379918
2703 8.804429
2704 8.536263
2705 8.601598
2706 5.847126
2707 5.967203
2708 6.204040
2709 6.099977
2710 8.523182
2711 5.841011
2712 6.922412
2713 7.685213
2714 5.694229
2715 6.733713
2716 5.957694
2717 3.862654
2718 3.826604
2719 3.884156
2720 3.928436
2721 3.143582
2722 3.616531
2723 3.468384
2724 3.647107
2725 3.678529
2726 3.639078
2727 3.529999
2728 3.402545
2729 3.708451
2730 3.918675
2731 3.628845
2732 3.808032
2733 3.992297
2734 3.812243
2735 3.456846
2736 3.583530
2737 3.729358
2738 4.008632
2739 3.566567
2740 3.654069
2741 3.758056
2742 3.907791
2743 3.905088
2744 3.288741
2745 3.566751
2746 3.528921
2747 3.585759
2748 3.759053
2749 3.708490
2750 3.478221
2751 3.400762
2752 3.257387
2753 3.496350
2754 3.813251
2755 3.619681
2756 3.220106
2757 3.976542
2758 3.588023
2759 3.752559
2760 3.670546
2761 3.797107
2762 5.770346
2763 5.508662
2764 5.197006
2765 6.139616
2766 5.909800
2767 6.062746
2768 5.400950
2769 5.876573
2770 5.659559
2771 6.565892
2772 6.387560
2773 5.639042
2774 5.931546
2775 5.758908
2776 5.973788
2777 6.007643
2778 5.458871
2779 5.027236
2780 3.712092
2781 5.619447
2782 5.941964
2783 5.953807
2784 6.059055
2785 5.516543
2786 5.657154
2787 5.858706
2788 5.555193
2789 6.306454
2790 5.781052
2791 6.405046
2792 5.888923
2793 6.492554
2794 5.470705
2795 5.777031
2796 5.418541
2797 6.293595
2798 7.070235
2799 5.212502
2800 5.775960
2801 5.105056
2802 4.698797
2803 5.285849
2804 5.395654
2805 5.143488
2806 6.277980
2807 5.922135
2808 5.857345
2809 5.896394
2810 5.564686
2811 5.620061
2812 6.134922
2813 6.139454
2814 7.853868
2815 6.016921
2816 6.116020
2817 5.542977
2818 5.338747
2819 5.730696
2820 3.678870
2821 3.197706
2822 6.871834
2823 5.502419
2824 5.510022
2825 3.739267
2826 4.004874
2827 3.974772
2828 3.777486
2829 3.585122
2830 3.750839
2831 3.594636
2832 3.636507
2833 3.744407
2834 3.941436
2835 3.481108
2836 3.972920
2837 3.569061
2838 3.537316
2839 3.513761
2840 3.519002
2841 3.917614
2842 3.954417
2843 3.470748
2844 3.425143
2845 3.657787
2846 3.825324
2847 3.354003
2848 3.769215
2849 3.628595
2850 3.493672
2851 3.741366
2852 3.751825
2853 3.604993
2854 3.540745
2855 3.721975
2856 3.568724
2857 3.483233
2858 3.536341
2859 3.712105
2860 3.661503
2861 3.804471
2862 3.512693
2863 3.690773
2864 3.671226
2865 3.792390
2866 3.873047
2867 3.845284
2868 3.217793
2869 3.628416
2870 4.524622
2871 3.803747
2872 3.738369
2873 3.883837
2874 4.005274
2875 4.026825
2876 4.648505
2877 3.968299
2878 4.603095
2879 3.843982
2880 3.875683
2881 3.784786
2882 3.646394
2883 4.134014
2884 3.998474
2885 4.131259
2886 7.164232
2887 5.940439
2888 6.659384
2889 6.091197
2890 5.786417
2891 5.600546
2892 6.171185
2893 6.257545
2894 8.406213
2895 7.167774
2896 5.696404
2897 6.509831
2898 6.483856
2899 6.391950
2900 6.273971
2901 6.359168
2902 6.598128
2903 6.099844
2904 5.949839
2905 8.385731
2906 9.122797
2907 9.056500
2908 8.801100
2909 9.308263
2910 10.466662
2911 10.673708
2912 9.521813
2913 6.529326
2914 6.559107
2915 6.283460
2916 5.679903
2917 6.130817
2918 7.017592
2919 5.704998
2920 8.459203
2921 6.366010
2922 6.226949
2923 5.783157
2924 6.369717
2925 5.679181
2926 6.884504
2927 6.761134
2928 6.673981
2929 9.412786
2930 8.844460
2931 6.347709
2932 7.657188
2933 10.516410
2934 8.586145
2935 9.963023
2936 9.287745
2937 8.413616
2938 11.021096
2939 9.999808
2940 10.053233
2941 8.697684
2942 9.335449
2943 9.591787
2944 9.322174
2945 8.817819
2946 9.200375
2947 8.592939
2948 9.517103
2949 6.654997
2950 5.768482
2951 6.659504
2952 5.967126
2953 6.935435
2954 6.506190
2955 7.708112
2956 6.278861
2957 5.738241
2958 8.444193
2959 6.603400
2960 7.242970
2961 5.682012
2962 8.034711
2963 10.105428
2964 7.929266
2965 9.965716
2966 9.068021
2967 7.888036
2968 8.797648
2969 9.696243
2970 7.956344
2971 8.544977
2972 8.221985
2973 9.951768
2974 10.116165
2975 8.708359
2976 9.844622
2977 9.082103
2978 9.689238
2979 8.729469
2980 10.123508
2981 9.410783
2982 9.803208
2983 10.335614
2984 9.067638
2985 9.933329
2986 8.590652
2987 8.720338
2988 9.676457
2989 9.276045
2990 10.199697
2991 9.433330
2992 10.110001
2993 10.327660
2994 10.455071
2995 9.911170
2996 9.491520
2997 9.944667
2998 9.253056
2999 8.042774
3000 6.054510
3001 6.285841
3002 5.927773
3003 3.754582
3004 3.784627
3005 3.752508
3006 3.675134
3007 3.882203
3008 3.747332
3009 5.653393
3010 6.345246
3011 6.222806
3012 6.598128
3013 7.490270
3014 5.598768
3015 8.677705
3016 5.442665
3017 5.756160
3018 5.890553
3019 6.502294
3020 6.265380
3021 6.071869
3022 5.762128
3023 6.394108
3024 6.759185
3025 7.016341
3026 6.133456
3027 6.358144
3028 6.444457
3029 6.182500
3030 7.264786
3031 6.237564
3032 6.723116
3033 6.003746
3034 5.504756
3035 5.343939
3036 5.460341
3037 7.674203
3038 6.279887
3039 5.448495
3040 6.115953
3041 6.496718
3042 5.844158
3043 6.629224
3044 5.828945
3045 3.606785
3046 3.645285
3047 3.729932
3048 3.547249
3049 8.139587
3050 6.739216
3051 6.333127
3052 5.983886
3053 6.164802
3054 5.920134
3055 6.679268
3056 8.993141
3057 8.775678
3058 7.316072
3059 6.728981
3060 6.934976
3061 7.164145
3062 7.553582
3063 8.072540
3064 6.397402
3065 7.680171
3066 6.917580
3067 7.497274
3068 7.615702
3069 7.571828
3070 8.178325
3071 8.399071
3072 7.658624
3073 8.363019
3074 8.567111
3075 8.092140
3076 9.059897
3077 7.207420
3078 7.742376
3079 7.140428
3080 6.320719
3081 5.758483
3082 6.881755
3083 7.048647
3084 7.040434
3085 5.683531
3086 7.390412
3087 6.273859
3088 5.875279
3089 5.552269
3090 3.713233
3091 3.623950
3092 3.702781
3093 3.707657
3094 4.013141
3095 3.739962
3096 3.473395
3097 4.101538
3098 3.856372
3099 3.779114
3100 3.802456
3101 3.493794
3102 3.838502
3103 3.928533
3104 3.788046
3105 3.674603
3106 3.644916
3107 3.469671
3108 3.744514
3109 3.814474
3110 3.908286
3111 3.808964
3112 3.711769
3113 3.659480
3114 3.517456
3115 3.284998
3116 6.379922
3117 3.533793
3118 3.732813
3119 3.632578
3120 3.891595
3121 7.388277
3122 7.927935
3123 7.228733
3124 8.972430
3125 7.790522
3126 8.489175
3127 9.026689
3128 8.860952
3129 10.516643
3130 9.855181
3131 8.727822
3132 8.758314
3133 8.766241
3134 9.303022
3135 7.706603
3136 8.737525
3137 8.447542
3138 9.610521
3139 10.225879
3140 9.514837
3141 8.667765
3142 8.971703
3143 8.433807
3144 9.915286
3145 9.363359
3146 8.603498
3147 10.503979
3148 9.497085
3149 10.507870
3150 11.158587
3151 7.649645
3152 8.135049
3153 8.553771
3154 9.169914
3155 9.805826
3156 10.067521
3157 9.836143
3158 10.639989
3159 10.090780
3160 9.439376
3161 9.069319
3162 8.328279
3163 9.085464
3164 9.554825
3165 10.206317
3166 9.505939
3167 10.825894
3168 9.525182
3169 9.965871
3170 8.246364
3171 7.448665
3172 7.150171
3173 8.349935
3174 6.229350
3175 5.568432
3176 6.239831
3177 5.685588
3178 8.232946
3179 8.790859
3180 9.236032
3181 8.933769
3182 8.480408
3183 7.173194
3184 9.249998
3185 5.199868
3186 8.617870
3187 7.369031
3188 8.144500
3189 8.335216
3190 7.885589
3191 6.045981
3192 6.237787
3193 5.698227
3194 5.977850
3195 6.702621
3196 5.713499
3197 5.873492
3198 6.104975
3199 6.009042
3200 5.463078
3201 5.993087
3202 5.571479
3203 7.154700
3204 6.213302
3205 6.615180
3206 6.429850
3207 6.148284
3208 6.080102
3209 5.695592
3210 6.396852
3211 7.810565
3212 6.649158
3213 3.682064
3214 6.340883
3215 6.545113
3216 6.517438
3217 5.776669
3218 6.017816
3219 8.961481
3220 7.463686
3221 8.383660
3222 6.135485
3223 6.785501
3224 6.423308
3225 7.174546
3226 7.297986
3227 5.507558
3228 8.193536
3229 8.056518
3230 7.221385
3231 7.943757
3232 8.344278
3233 9.321150
3234 7.856041
3235 6.282557
3236 6.186219
3237 5.853554
3238 6.015275
3239 6.749378
3240 6.762189
3241 7.118150
3242 7.455285
3243 5.691864
3244 5.911009
3245 6.613750
3246 7.156843
3247 6.235429
3248 6.092841
3249 7.308194
3250 8.772425
3251 8.781216
3252 8.438658
3253 7.903531
3254 8.962481
3255 7.698743
3256 8.276583
3257 8.553491
3258 8.386286
3259 8.347323
3260 8.861174
3261 8.837116
3262 9.627114
3263 8.640962
3264 8.312365
3265 7.254661
3266 8.471463
3267 8.113902
3268 8.348970
3269 8.013456
3270 8.899490
3271 8.443897
3272 7.881487
3273 7.904551
3274 7.679545
3275 7.744586
3276 6.586659
3277 5.484581
3278 5.986933
3279 5.650363
3280 6.130495
3281 5.350935
3282 5.338925
3283 5.765507
3284 5.400946
3285 5.304900
3286 6.035935
3287 5.850998
3288 7.453732
3289 5.364384
3290 5.546406
3291 5.355147
3292 6.114672
3293 6.997589
3294 4.988246
3295 7.596777
3296 7.511768
3297 7.785721
3298 8.691344
3299 7.917393
3300 8.021420
3301 7.770127
3302 7.818607
3303 8.829166
3304 6.299022
3305 6.294361
3306 6.453014
3307 6.549330
3308 5.946384
3309 6.009359
3310 6.218126
3311 6.341491
3312 5.884839
3313 5.791814
3314 6.258202
3315 5.912529
3316 6.003583
3317 8.679596
3318 8.237868
3319 8.082623
3320 8.834988
3321 7.798326
3322 9.871384
3323 8.654582
3324 8.134223
3325 7.685756
3326 8.636581
3327 10.284867
3328 6.340773
3329 6.397453
3330 6.144144
3331 5.910450
3332 6.274518
3333 5.989631
3334 6.160852
3335 6.216059
3336 5.838603
3337 6.398295
3338 5.683845
3339 5.470402
3340 5.732978
3341 6.020902
3342 6.123450
3343 6.017825
3344 5.872283
3345 5.816058
3346 6.421302
3347 5.768062
3348 5.713933
3349 6.135127
3350 6.112873
3351 5.611033
3352 5.792149
3353 5.596934
3354 7.486060
3355 5.608466
3356 5.536798
3357 6.214096
3358 5.516448
3359 6.157387
3360 6.114623
3361 5.586926
3362 5.755695
3363 6.048186
3364 6.253809
3365 3.920065
3366 3.927188
3367 3.871051
3368 3.537246
3369 3.491146
3370 3.763401
3371 4.044292
3372 3.650233
3373 3.547250
3374 3.594845
3375 3.905443
3376 3.514843
3377 3.620237
3378 3.996562
3379 3.516218
3380 3.761501
3381 3.890551
3382 3.680012
3383 3.644544
3384 3.778545
3385 3.743915
3386 3.771604
3387 3.932332
3388 3.840885
3389 3.727882
3390 3.623451
3391 5.824418
3392 5.996371
3393 5.715982
3394 5.876572
3395 5.616076
3396 6.123211
3397 5.262197
3398 5.603652
3399 6.330687
3400 6.697298
3401 6.614729
3402 6.644841
3403 6.033952
3404 6.196298
3405 6.528288
3406 5.730976
3407 4.310649
3408 6.417797
3409 6.054887
3410 6.110468
3411 6.043959
3412 3.898580
3413 3.845676
3414 3.823860
3415 3.751586
3416 3.648755
3417 3.787203
3418 3.884086
3419 3.798290
3420 3.806245
3421 3.735386
3422 6.418987
3423 5.729740
3424 5.735687
3425 6.054025
3426 5.113353
3427 6.382004
3428 9.827082
3429 10.152705
3430 9.790881
3431 8.678533
3432 10.124130
3433 9.701490
3434 7.664651
3435 8.091313
3436 7.073477
3437 6.539768
3438 9.327636
3439 7.793421
3440 3.549435
3441 3.816673
3442 3.803026
3443 3.542684
3444 3.638034
3445 4.024574
3446 3.439464
3447 3.986654
3448 4.017713
3449 5.547151
3450 6.145894
3451 6.192722
3452 6.362396
3453 3.745799
3454 4.168548
3455 4.054506
3456 3.757499
3457 4.237205
3458 3.889525
3459 3.738904
3460 3.879046
3461 3.838520
3462 3.905867
3463 3.847648
3464 3.821362
3465 6.110480
3466 7.088362
3467 7.324487
3468 8.284208
3469 8.746394
3470 8.228157
3471 9.604383
3472 10.477837
3473 8.390487
3474 10.421880
3475 6.385830
3476 7.828243
3477 6.082474
3478 7.471072
3479 9.302261
3480 7.357572
3481 7.901146
3482 8.038464
3483 6.017338
3484 3.933774
3485 4.035903
3486 3.973954
3487 3.953741
3488 3.764520
3489 6.592224
3490 5.243692
3491 6.136457
3492 5.850688
3493 6.611574
3494 8.733896
3495 9.040378
3496 7.423593
3497 7.184016
3498 8.953351
3499 5.695692
3500 6.768936
3501 6.193983
3502 7.668000
3503 8.967261
3504 8.584456
3505 8.262692
3506 8.154627
3507 8.620956
3508 8.372698
3509 8.075548
3510 8.875102
3511 9.880930
3512 9.279343
3513 7.156894
3514 6.989808
3515 9.358086
3516 8.584882
3517 8.263195
3518 8.715519
3519 8.465661
3520 8.804817
3521 7.634296
3522 7.975600
3523 8.849237
3524 9.036849
3525 8.690627
3526 7.293811
3527 7.792834
3528 8.455047
3529 5.573534
3530 6.104139
3531 6.100989
3532 6.350433
3533 7.499452
3534 7.638363
3535 7.556261
3536 7.294342
3537 8.217566
3538 8.085402
3539 8.387234
3540 8.809800
3541 8.558111
3542 8.764865
3543 8.723585
3544 8.689788
3545 6.698136
3546 8.161798
3547 8.488073
3548 6.166003
3549 7.128353
3550 5.911034
3551 5.971601
3552 6.109421
3553 4.692441
3554 5.826568
3555 6.104618
3556 6.212865
3557 5.791564
3558 6.071721
3559 6.124123
3560 7.258265
3561 10.511349
3562 8.252135
3563 5.736385
3564 5.410313
3565 5.758273
3566 6.318648
3567 5.906614
3568 5.662242
3569 5.981517
3570 7.616072
3571 8.222296
3572 7.321776
3573 8.898727
3574 7.210469
3575 7.498138
3576 7.316754
3577 7.928640
3578 7.797163
3579 8.915011
3580 6.491416
3581 6.697329
3582 6.351048
3583 8.562540
3584 9.048278
3585 9.733806
3586 9.804495
3587 5.583774
3588 5.456310
3589 5.575136
3590 5.143549
3591 3.857020
3592 3.786780
3593 3.802632
3594 3.746854
3595 3.854154
3596 3.648079
3597 3.874959
3598 3.716047
3599 3.832413
3600 3.692666
3601 3.883568
3602 8.894344
3603 10.075885
3604 9.204288
3605 9.467218
3606 9.028727
3607 9.716200
3608 9.436127
3609 10.097223
3610 8.612460
3611 9.055923
3612 10.237035
3613 7.747318
3614 5.152952
3615 6.041599
3616 5.938647
3617 5.590349
3618 5.893013
3619 7.407916
3620 5.874746
3621 6.253871
3622 6.060634
3623 6.011609
3624 6.162906
3625 5.636568
3626 6.291782
3627 5.925714
3628 5.942276
3629 8.474528
3630 6.642671
3631 8.379310
3632 9.418837
3633 6.113239
3634 6.081555
3635 6.510775
3636 6.130382
3637 5.722246
3638 9.756931
3639 7.731740
3640 10.143161
3641 9.960416
3642 8.838757
3643 6.293847
3644 4.804777
3645 3.779881
3646 3.959658
3647 3.900500
3648 6.118986
3649 5.826663
3650 6.488835
3651 6.041895
3652 6.031423
3653 5.859318
3654 6.661500
3655 6.208784
3656 6.007628
3657 5.691021
3658 6.192221
3659 7.193942
3660 7.986945
3661 9.049841
3662 7.535291
3663 8.580475
3664 8.884420
3665 8.595243
3666 9.815486
3667 8.099098
3668 8.976277
3669 10.955085
3670 9.886649
3671 9.267372
3672 10.496679
3673 9.945075
3674 10.354571
3675 8.699114
3676 9.177029
3677 9.281629
3678 9.971492
3679 9.651331
3680 10.345879
3681 10.001447
3682 9.397213
3683 10.022831
3684 9.468737
3685 9.543271
3686 9.838470
3687 10.301237
3688 9.670833
3689 8.769526
3690 11.426241
3691 10.280154
3692 9.909892
3693 10.464843
3694 9.032353
3695 9.212438
3696 9.130445
3697 9.567832
3698 9.463389
3699 9.118844
3700 10.280533
3701 11.381941
3702 11.513134
3703 8.587025
3704 8.535155
3705 8.373008
3706 8.026121
3707 8.160473
3708 6.212263
3709 6.247149
3710 5.880568
3711 5.943019
3712 6.267745
3713 5.581737
3714 6.332994
3715 5.909316
3716 5.633230
3717 5.785118
3718 6.650001
3719 5.554838
3720 8.242287
3721 8.197811
3722 9.316248
3723 8.999583
3724 9.405420
3725 9.370363
3726 9.589353
3727 9.128427
3728 9.328699
3729 10.315998
3730 9.696887
3731 9.387821
3732 9.849057
3733 9.698058
3734 9.433414
3735 9.631461
3736 9.987625
3737 8.659805
3738 6.209170
3739 5.920146
3740 6.209967
3741 7.453255
3742 6.615723
3743 6.895359
3744 6.213903
3745 6.226250
3746 7.674706
3747 6.539754
3748 7.602343
3749 7.931143
3750 7.738075
3751 7.272290
3752 6.931398
3753 6.770054
3754 7.297152
3755 6.263872
3756 7.948490
3757 7.961114
3758 6.297668
3759 6.254222
3760 5.788412
3761 5.796144
3762 7.290133
3763 6.396660
3764 6.401578
3765 7.328724
3766 5.978928
3767 6.459768
3768 6.039322
3769 6.148319
3770 6.162638
3771 6.060907
3772 6.457142
3773 6.598118
3774 5.941808
3775 6.890180
3776 6.748756
3777 6.160428
3778 7.560590
3779 6.447210
3780 6.689976
3781 5.869580
3782 6.618289
3783 6.561870
3784 6.590191
3785 6.764475
3786 6.084388
3787 6.939411
3788 6.086920
3789 5.946479
3790 6.783651
3791 9.125558
3792 8.110277
3793 7.522368
3794 6.142385
3795 5.954042
3796 6.156980
3797 6.091520
3798 6.482508
3799 6.428894
3800 6.070477
3801 6.096404
3802 6.556227
3803 6.522862
3804 6.775251
3805 7.783277
3806 7.189232
3807 8.595476
3808 9.288677
3809 8.379291
3810 7.956183
3811 8.116028
3812 8.214626
3813 7.160490
3814 6.247857
3815 8.843285
3816 7.193400
3817 6.769063
3818 7.428385
3819 7.056869
3820 7.050595
3821 6.324942
3822 6.290287
3823 6.412559
3824 7.128212
3825 8.276869
3826 8.575090
3827 8.943381
3828 8.974641
3829 9.328424
3830 9.516500
3831 9.581806
3832 10.319022
3833 9.827105
3834 10.146907
3835 10.329205
3836 9.603614
3837 9.598018
3838 9.962918
3839 9.994164
3840 9.232091
3841 9.340244
3842 8.862291
3843 7.838202
3844 9.554381
3845 10.582629
3846 10.541276
3847 8.949655
3848 8.929421
3849 8.749115
3850 8.766876
3851 9.310861
3852 9.208955
3853 8.937616
3854 8.876636
3855 6.467597
3856 7.524366
3857 8.199103
3858 7.548326
3859 8.113214
3860 7.981921
3861 7.793132
3862 7.785247
3863 7.275609
3864 7.474041
3865 7.855420
3866 7.352020
3867 6.792735
3868 7.270137
3869 7.181985
3870 6.151920
3871 8.075928
3872 7.779994
3873 8.422054
3874 6.558341
3875 6.748675
3876 7.731824
3877 6.277101
3878 6.930013
3879 4.061391
3880 6.162636
3881 3.727210
3882 3.910973
3883 3.609185
3884 3.606138
3885 3.837578
3886 3.611426
3887 5.345587
3888 3.946201
3889 3.795956
3890 3.811641
3891 3.829908
3892 3.928729
3893 6.487879
3894 8.686088
3895 6.600217
3896 7.999431
3897 7.875238
3898 7.987827
3899 8.280242
3900 8.089126
3901 6.977816
3902 6.854115
3903 8.061047
3904 7.810730
3905 7.287832
3906 8.588284
3907 8.489319
3908 7.054675
3909 7.555794
3910 7.976615
3911 8.867042
3912 8.935270
3913 8.379655
3914 7.746390
3915 9.619864
3916 8.687742
3917 8.864139
3918 8.594276
3919 9.410000
3920 7.748394
3921 7.629013
3922 7.775249
3923 8.098845
3924 8.310016
3925 8.846891
3926 7.564851
3927 7.871653
3928 8.788179
3929 6.788082
3930 7.686042
3931 8.210243
3932 7.729389
3933 7.637918
3934 6.361649
3935 8.065586
3936 7.459082
3937 8.181089
3938 8.352628
3939 8.016601
3940 7.706841
3941 8.410005
3942 8.046149
3943 9.797804
3944 7.915941
3945 8.014152
3946 8.297523
3947 8.405951
3948 6.589055
3949 7.071575
3950 6.260134
3951 8.396524
3952 8.568367
3953 7.876832
3954 9.218205
3955 9.134872
3956 5.541505
3957 8.116068
3958 5.989699
3959 5.646997
3960 6.484173
3961 7.350790
3962 7.450508
3963 8.635122
3964 9.850980
3965 8.505482
3966 8.085702
3967 8.057841
3968 8.231608
3969 9.999467
3970 8.777547
3971 9.051167
3972 9.243653
3973 7.956994
3974 5.690762
3975 5.996847
3976 5.660639
3977 6.226277
3978 6.101807
3979 5.854401
3980 5.705621
3981 5.802053
3982 6.269021
3983 5.466386
3984 5.721355
3985 6.158784
3986 5.607297
3987 6.191759
3988 6.135273
3989 6.194552
3990 6.576908
3991 7.793568
3992 8.347705
3993 8.109630
3994 7.593702
3995 8.116278
3996 6.643418
3997 8.028258
3998 7.746607
3999 7.620564
4000 8.545466
4001 8.243361
4002 8.797381
4003 7.157955
4004 7.911338
4005 7.960507
4006 8.069814
4007 7.407469
4008 8.205152
4009 7.422191
4010 7.991176
4011 7.406754
4012 7.819752
4013 7.469625
4014 8.228744
4015 7.939831
4016 8.383181
4017 7.076565
4018 9.751089
4019 7.759954
4020 8.007653
4021 8.874709
4022 8.154054
4023 7.702753
4024 7.686613
4025 7.257481
4026 8.298681
4027 7.338922
4028 7.534914
4029 8.706526
4030 9.046494
4031 9.507393
4032 9.031595
4033 8.400463
4034 7.724070
4035 6.799376
4036 7.558268
4037 6.429588
4038 6.803281
4039 7.543428
4040 6.916258
4041 9.358301
4042 10.169332
4043 9.777309
4044 10.698254
4045 10.124871
4046 9.379045
4047 10.046939
4048 9.608904
4049 7.090848
4050 10.264322
4051 8.136391
4052 9.814321
4053 10.923443
4054 9.754127
4055 7.916079
4056 8.310539
4057 6.958312
4058 6.109418
4059 7.827212
4060 5.247647
4061 5.878554
4062 5.837699
4063 5.927909
4064 7.238302
4065 6.425276
4066 5.762688
4067 8.098020
4068 6.880911
4069 7.636058
4070 5.547152
4071 6.152217
4072 8.407101
4073 8.278533
4074 8.140183
4075 9.331613
4076 7.695875
4077 9.160110
4078 10.327015
4079 9.232409
4080 7.508301
4081 6.107732
4082 5.559225
4083 5.744956
4084 6.086469
4085 5.792428
4086 5.521459
4087 5.745374
4088 5.726781
4089 6.460550
4090 6.393233
4091 5.215995
4092 6.628129
4093 7.733304
4094 6.036896
4095 6.143463
4096 7.181441
4097 5.957703
4098 6.425362
4099 7.404790
4100 6.056387
4101 6.642905
4102 6.374364
4103 5.846642
4104 6.210791
4105 5.399074
4106 7.053158
4107 10.578900
4108 9.717020
4109 9.833542
4110 7.515018
4111 8.115683
4112 7.628613
4113 8.896493
4114 8.689037
4115 9.497419
4116 8.153419
4117 10.005364
4118 7.534123
4119 8.783029
4120 9.112298
4121 8.700286
4122 9.927706
4123 9.897949
4124 10.082569
4125 9.045095
4126 9.702715
4127 8.867369
4128 10.465165
4129 10.086254
4130 10.239092
4131 9.509059
4132 11.363864
4133 9.903587
4134 10.076854
4135 9.917621
4136 9.852342
4137 8.892787
4138 8.936326
4139 8.475348
4140 8.605284
4141 8.292417
4142 8.300930
4143 7.159015
4144 7.846993
4145 7.908000
4146 8.658550
4147 8.813927
4148 8.704896
4149 8.162661
4150 9.126261
4151 9.073615
4152 9.920818
4153 9.111285
4154 9.210313
4155 8.157086
4156 10.681674
4157 9.869680
4158 9.106483
4159 9.729558
4160 10.089368
4161 9.967723
4162 9.928333
4163 10.337535
4164 10.730732
4165 9.834479
4166 9.903883
4167 9.332744
4168 10.080009
4169 9.954955
4170 10.635603
4171 9.396649
4172 9.396441
4173 9.276176
4174 9.722241
4175 10.252119
4176 10.796448
4177 10.523162
4178 9.980919
4179 10.327523
4180 9.431496
4181 10.964600
4182 9.534196
4183 8.153309
4184 9.769243
4185 9.594648
4186 7.802859
4187 8.319955
4188 7.419054
4189 9.244183
4190 8.662245
4191 7.561837
4192 7.966014
4193 8.921976
4194 9.269308
4195 8.234401
4196 7.356887
4197 8.772665
4198 8.203345
4199 8.026390
4200 6.387882
4201 6.615361
4202 5.894618
4203 5.877713
4204 5.210035
4205 7.881684
4206 7.831412
4207 7.982092
4208 6.950835
4209 7.514427
4210 6.443080
4211 5.908677
4212 5.568071
4213 6.310696
4214 5.909900
4215 5.727739
4216 6.421042
4217 5.293448
4218 5.745633
4219 6.812172
4220 5.964112
4221 5.612397
4222 5.659948
4223 6.168346
4224 5.876570
4225 5.732924
4226 6.859578
4227 6.153225
4228 6.273229
4229 5.926924
4230 7.858181
4231 6.015623
4232 5.929317
4233 5.406937
4234 5.607601
4235 5.819982
4236 5.841025
4237 6.007735
4238 6.116225
4239 7.576530
4240 5.726716
4241 5.851104
4242 6.246841
4243 6.326468
4244 8.278182
4245 8.086025
4246 6.500929
4247 6.041532
4248 6.787497
4249 6.321915
4250 7.186503
4251 5.653267
4252 5.581990
4253 5.546829
4254 8.598885
4255 8.604630
4256 9.717751
4257 7.823118
4258 8.427598
4259 7.772417
4260 8.671946
4261 8.421506
4262 8.701358
4263 9.438994
4264 10.462293
4265 8.687154
4266 10.611854
4267 11.211507
4268 10.842735
4269 10.363514
4270 8.964436
4271 10.664821
4272 11.028412
4273 8.153983
4274 8.429482
4275 8.758009
4276 6.352215
4277 9.129583
4278 8.604361
4279 8.499043
4280 8.402225
4281 8.283965
4282 8.351534
4283 9.033190
4284 7.952138
4285 5.937382
4286 7.830940
4287 8.441097
4288 7.952616
4289 7.037919
4290 7.405086
4291 9.150581
4292 7.303184
4293 7.884353
4294 8.807343
4295 8.358088
4296 8.522000
4297 7.997305
4298 8.268797
4299 6.837435
4300 7.025525
4301 7.005240
4302 7.808368
4303 7.796191
4304 8.832790
4305 7.644114
4306 8.654962
4307 7.569583
4308 7.289742
4309 9.295593
4310 9.763623
4311 8.922984
4312 10.112060
4313 9.578695
4314 8.230100
4315 7.645715
4316 9.886624
4317 9.316558
4318 9.140090
4319 10.500616
4320 7.074704
4321 6.041573
4322 5.769808
4323 3.957842
4324 4.075055
4325 3.651986
4326 3.663727
4327 3.569680
4328 3.547308
4329 3.594839
4330 4.074173
4331 3.891706
4332 3.718991
4333 3.853845
4334 3.821322
4335 3.421828
4336 3.761967
4337 3.813257
4338 3.625477
4339 3.878874
4340 3.660821
4341 3.960809
4342 3.615825
4343 3.178839
4344 3.358959
4345 3.618465
4346 3.635844
4347 3.510593
4348 5.372245
4349 3.602736
4350 3.587132
4351 3.418801
4352 5.854822
4353 5.183264
4354 5.245191
4355 5.011477
4356 5.330151
4357 5.850207
4358 5.379129
4359 5.481076
4360 5.515881
4361 4.823722
4362 5.687677
4363 6.285012
4364 5.457220
4365 6.281129
4366 5.041994
4367 5.445329
4368 7.460915
4369 6.306296
4370 7.134493
4371 6.153000
4372 5.913714
4373 6.078966
4374 6.095795
4375 5.871725
4376 5.588919
4377 6.026285
4378 5.698112
4379 8.347829
4380 5.784101
4381 6.085434
4382 6.030548
4383 7.327722
4384 6.301469
4385 7.379615
4386 8.233964
4387 8.386874
4388 9.769083
4389 8.987034
4390 10.427507
4391 5.986303
4392 5.583764
4393 6.322617
4394 7.948316
4395 9.612484
4396 8.854881
4397 9.567291
4398 9.053495
4399 8.298780
4400 9.421552
4401 10.249825
4402 10.762592
4403 9.385763
4404 9.886262
4405 5.993173
4406 6.052350
4407 5.625469
4408 6.374173
4409 8.415164
4410 9.848809
4411 5.429735
4412 8.255792
4413 5.963774
4414 5.815457
4415 6.320124
4416 5.448631
4417 7.493291
4418 5.700340
4419 6.113091
4420 5.621473
4421 6.238740
4422 5.911283
4423 5.976672
4424 8.575673
4425 6.310671
4426 7.870998
4427 8.092306
4428 6.072644
4429 6.039704
4430 7.832559
4431 6.021293
4432 5.989083
4433 7.667124
4434 6.343336
4435 6.308509
4436 5.900175
4437 5.844410
4438 6.207978
4439 6.548205
4440 6.220079
4441 7.020912
4442 7.775070
4443 9.080546
4444 7.573071
4445 8.216532
4446 8.523056
4447 8.353351
4448 8.760534
4449 7.811128
4450 7.343257
4451 8.098507
4452 6.049905
4453 9.054729
4454 8.615410
4455 10.174961
4456 10.356047
4457 9.735406
4458 9.284704
4459 10.529069
4460 8.564612
4461 10.152387
4462 8.541411
4463 9.813711
4464 9.734048
4465 9.906190
4466 8.865898
4467 8.589062
4468 9.211223
4469 8.829694
4470 8.911331
4471 8.022120
4472 8.650308
4473 7.959517
4474 8.644040
4475 8.841471
4476 8.568832
4477 9.155732
4478 9.548840
4479 9.228181
4480 9.515357
4481 9.636440
4482 10.356451
4483 8.600176
4484 9.974868
4485 10.631019
4486 10.251675
4487 10.105669
4488 9.924320
4489 9.127935
4490 10.319833
4491 8.629577
4492 9.871319
4493 9.822375
4494 10.919516
4495 9.288261
4496 10.040947
4497 8.918102
4498 9.129580
4499 8.236165
4500 8.616270
4501 8.736671
4502 9.741016
4503 10.306025
4504 6.868929
4505 5.593656
4506 3.816400
4507 3.750199
4508 3.653297
4509 3.661750
4510 3.432332
4511 3.838145
4512 3.642989
4513 3.629695
4514 3.322289
4515 3.696415
4516 3.817898
4517 6.316119
4518 7.291593
4519 3.615937
4520 4.390229
4521 5.673101
4522 3.703470
4523 4.814899
4524 5.167062
4525 3.821429
4526 3.509389
4527 3.406441
4528 4.899236
4529 5.783371
4530 3.576650
4531 3.918074
4532 3.722016
4533 3.826360
4534 3.653093
4535 3.842927
4536 3.865800
4537 3.524570
4538 3.717328
4539 3.756833
4540 3.944475
4541 3.856438
4542 3.529333
4543 3.680911
4544 3.771273
4545 3.768367
4546 3.781927
4547 3.980876
4548 3.764695
4549 3.743007
4550 3.560493
4551 3.846676
4552 3.865555
4553 4.070539
4554 3.772042
4555 3.789061
4556 3.779487
4557 3.927098
4558 3.716840
4559 3.936596
4560 3.586040
4561 6.587783
4562 5.211095
4563 8.591210
4564 6.124868
4565 6.370370
4566 6.390681
4567 6.014058
4568 6.489298
4569 8.697310
4570 7.854976
4571 9.199736
4572 8.008278
4573 8.189225
4574 8.803030
4575 8.431644
4576 8.148772
4577 8.552082
4578 8.667164
4579 9.592586
4580 5.902999
4581 5.935674
4582 6.343854
4583 6.263554
4584 8.379341
4585 7.764008
4586 8.803526
4587 7.648724
4588 8.549818
4589 6.337075
4590 7.317118
4591 5.533556
4592 5.829658
4593 5.781904
4594 6.439675
4595 6.820711
4596 9.023776
4597 7.889574
4598 7.467485
4599 8.032141
4600 6.151103
4601 7.326432
4602 7.936718
4603 8.256088
4604 8.538590
4605 7.330902
4606 7.246043
4607 7.414539
4608 7.731913
4609 7.517625
4610 8.659209
4611 8.083397
4612 6.719035
4613 8.506235
4614 7.748922
4615 8.843379
4616 8.750751
4617 8.938155
4618 8.690257
4619 7.558347
4620 10.083739
4621 8.715928
4622 8.420033
4623 7.089078
4624 7.710235
4625 7.723007
4626 6.395101
4627 6.985770
4628 6.049808
4629 8.300856
4630 8.472611
4631 8.752353
4632 8.632274
4633 6.985870
4634 8.547448
4635 7.694810
4636 7.597275
4637 8.254976
4638 7.266375
4639 8.533540
4640 7.743557
4641 8.182519
4642 7.867833
4643 8.924723
4644 8.355751
4645 6.758762
4646 5.476906
4647 5.726439
4648 6.151013
4649 8.633660
4650 8.359930
4651 7.713530
4652 7.978560
4653 6.060263
4654 5.774374
4655 5.472379
4656 6.017194
4657 6.634720
4658 6.031394
4659 6.662756
4660 6.764719
4661 5.804256
4662 6.327162
4663 6.238315
4664 5.582140
4665 5.465427
4666 5.887027
4667 6.102051
4668 5.813521
4669 6.616548
4670 6.485590
4671 5.728086
4672 6.062691
4673 6.233911
4674 5.413112
4675 6.308739
4676 5.999145
4677 6.582525
4678 5.696999
4679 6.241875
4680 6.347393
4681 5.820058
4682 7.985973
4683 6.266193
4684 6.122818
4685 6.236932
4686 7.621831
4687 7.469577
4688 5.679490
4689 5.798137
4690 5.244586
4691 6.087110
4692 6.196242
4693 6.658723
4694 7.501987
4695 9.832615
4696 8.531953
4697 8.814796
4698 6.934088
4699 6.624541
4700 7.185004
4701 8.028383
4702 8.930282
4703 9.507486
4704 8.589449
4705 9.249682
4706 9.732504
4707 9.771763
4708 8.744343
4709 7.961965
4710 9.436412
4711 10.360868
4712 9.009384
4713 10.807852
4714 9.942768
4715 9.027627
4716 9.593156
4717 9.768963
4718 5.842627
4719 6.106990
4720 6.372866
4721 6.421941
4722 5.764680
4723 6.553443
4724 5.555732
4725 8.015797
4726 5.584289
4727 5.427063
4728 5.690323
4729 6.216953
4730 6.313551
4731 6.148314
4732 6.811004
4733 7.098812
4734 6.164855
4735 7.052269
4736 7.550915
4737 7.311052
4738 7.407893
4739 8.430571
4740 8.220208
4741 7.405033
4742 8.337258
4743 7.306997
4744 8.424139
4745 8.364797
4746 6.974397
4747 7.537724
4748 7.327004
4749 5.933675
4750 8.479012
4751 7.219012
4752 9.087915
4753 7.998657
4754 6.267099
4755 8.074377
4756 7.131020
4757 8.936118
4758 7.511767
4759 7.593451
4760 7.492147
4761 8.896616
4762 7.522289
4763 8.945217
4764 8.892228
4765 5.795249
4766 8.186679
4767 7.805146
4768 7.067879
4769 5.791317
4770 6.319158
4771 6.571682
4772 6.128004
4773 5.979710
4774 5.692248
4775 5.880698
4776 5.548055
4777 5.974363
4778 5.640011
4779 6.058005
4780 8.057278
4781 7.772587
4782 10.148013
4783 9.591002
4784 10.414660
4785 8.919062
4786 9.381828
4787 10.220166
4788 9.550398
4789 9.064104
4790 9.465178
4791 8.734562
4792 9.030313
4793 8.754416
4794 9.257591
4795 7.940617
4796 7.308692
4797 7.861731
4798 7.451403
4799 9.584624
4800 8.801954
4801 10.040746
4802 8.588143
4803 9.022110
4804 9.586252
4805 9.661595
4806 10.708975
4807 9.352448
4808 9.625561
4809 9.646033
4810 9.910786
4811 9.922906
4812 10.285397
4813 9.994912
4814 10.494426
4815 9.749984
4816 9.684349
4817 10.080696
4818 7.930158
4819 8.654375
4820 9.816135
4821 10.046983
4822 10.041565
4823 8.729342
4824 8.801687
4825 8.249442
4826 7.689088
4827 9.434843
4828 9.307101
4829 9.634644
4830 9.104309
4831 9.327941
4832 9.072427
4833 8.280882
4834 9.199677
4835 8.822318
4836 8.201494
4837 8.821828
4838 6.613728
4839 7.747094
4840 8.683254
4841 8.776480
4842 8.744204
4843 8.788004
4844 10.017810
4845 9.558454
4846 9.158983
4847 9.556300
4848 8.312740
4849 8.366502
4850 8.683281
4851 6.849836
4852 9.851838
4853 10.136799
4854 9.318041
4855 10.236497
4856 10.560616
4857 10.528717
4858 9.011604
4859 9.106841
4860 9.814181
4861 9.430346
4862 9.227795
4863 10.455639
4864 8.088474
4865 8.835576
4866 9.039059
4867 8.006835
4868 8.096383
4869 6.975249
4870 6.374117
4871 5.738040
4872 7.350832
4873 6.152141
4874 6.733341
4875 8.396197
4876 6.406910
4877 8.737125
4878 7.315995
4879 8.770752
4880 8.816588
4881 8.452083
4882 8.751400
4883 7.802722
4884 9.371538
4885 8.683012
4886 7.678550
4887 8.411476
4888 7.217828
4889 8.211182
4890 7.054609
4891 7.373065
4892 6.244088
4893 6.646645
4894 5.543384
4895 6.316810
4896 5.594657
4897 6.669070
4898 7.538897
4899 6.623178
4900 9.042047
4901 8.953601
4902 7.815742
4903 8.078783
4904 8.058551
4905 9.328076
4906 6.147040
4907 6.367652
4908 6.079713
4909 5.819736
4910 6.018952
4911 6.081818
4912 6.824589
4913 6.445783
4914 6.357523
4915 6.309851
4916 6.628190
4917 6.466358
4918 6.193433
4919 5.963270
4920 6.239729
4921 6.367305
4922 5.974420
4923 5.319296
4924 6.055816
4925 6.196476
4926 5.640779
4927 5.490731
4928 6.826046
4929 6.419198
4930 6.596885
4931 5.893295
4932 6.020912
4933 6.408971
4934 5.565626
4935 6.454813
4936 5.622147
4937 5.795220
4938 8.998680
4939 8.097409
4940 8.981919
4941 9.891173
4942 9.888565
4943 9.609178
4944 6.027627
4945 7.742342
4946 8.517263
4947 8.006929
4948 8.335382
4949 8.893757
4950 8.921046
4951 9.459560
4952 9.954744
4953 8.261822
4954 9.755870
4955 9.105876
4956 8.916826
4957 10.086735
4958 8.462257
4959 8.124809
4960 8.636547
4961 8.940279
4962 7.945872
4963 7.658333
4964 7.908212
4965 8.905844
4966 9.857937
4967 7.588215
4968 8.553614
4969 9.012227
4970 9.254930
4971 6.973136
4972 8.050273
4973 7.197014
4974 7.636046
4975 7.780065
4976 6.352397
4977 5.931524
4978 10.225771
4979 8.788607
4980 7.722525
4981 8.003754
4982 9.323737
4983 8.866496
4984 9.064556
4985 8.995805
4986 9.316833
4987 10.407424
4988 11.636536
4989 9.199618
4990 9.381463
4991 8.836730
4992 9.215638
4993 9.130883
4994 9.247860
4995 9.268812
4996 9.146899
4997 8.635805
4998 8.725170
4999 9.895348
5000 9.657527
5001 8.831323

