0 6.304875
1 6.605944
2 8.730619
3 12.916272
4 14.283984
5 14.123861
6 13.594932
7 13.005862
8 14.011144
9 13.034231
10 14.011193
11 14.935497
12 14.333755
13 13.390272
14 13.596434
15 14.044570
16 13.763558
17 13.066034
18 14.034036
19 12.502725
20 13.516393
21 14.920012
22 15.630560
23 16.145151
24 13.920084
25 13.645917
26 13.825505
27 13.730010
28 13.556164
29 14.231194
30 13.376893
31 13.597631
32 13.519224
33 12.803702
34 14.133568
35 13.045341
36 12.856145
37 12.330805
38 13.650675
39 12.944028
40 13.683770
41 13.636282
42 13.791036
43 13.653309
44 12.897540
45 12.845438
46 12.820554
47 13.824141
48 13.791812
49 13.218696
50 11.991207
51 13.528348
52 13.077781
53 12.797211
54 13.406268
55 11.944132
56 13.822349
57 13.557401
58 13.808238
59 13.420862
60 13.188287
61 13.086089
62 12.925529
63 13.850082
64 13.677279
65 13.286840
66 12.590890
67 13.909575
68 13.603689
69 13.098406
70 13.594877
71 14.441406
72 13.673930
73 13.944820
74 13.358738
75 12.817342
76 13.866161
77 14.940013
78 11.518348
79 13.450788
80 12.824862
81 12.806416
82 13.469034
83 13.851710
84 13.794318
85 13.077715
86 13.310286
87 14.054383
88 14.299310
89 13.185214
90 14.835451
91 14.020527
92 15.500985
93 16.607574
94 16.495066
95 13.752382
96 14.340932
97 13.586353
98 14.191163
99 14.135015
100 13.157375
101 15.456042
102 16.597515
103 16.852335
104 17.142912
105 16.546017
106 16.504827
107 14.839033
108 15.888700
109 17.349228
110 16.598391
111 14.582797
112 16.112192
113 16.543957
114 14.713721
115 14.023417
116 13.594059
117 14.446488
118 15.469095
119 15.893067
120 16.185873
121 14.706740
122 15.247492
123 13.862625
124 15.819926
125 15.153296
126 14.447155
127 13.950470
128 15.242439
129 15.385155
130 15.225495
131 14.846866
132 15.875469
133 15.345510
134 15.860436
135 14.932875
136 15.244343
137 15.304365
138 15.444610
139 15.256282
140 14.785357
141 15.618365
142 12.628184
143 13.245429
144 12.972779
145 12.770824
146 14.685601
147 13.450434
148 13.967490
149 14.255738
150 15.517152
151 15.689057
152 14.915346
153 15.434688
154 14.875299
155 16.392340
156 16.031319
157 15.933474
158 14.298127
159 12.898541
160 12.667457
161 13.525775
162 13.955998
163 15.545453
164 16.081173
165 15.504145
166 14.575989
167 16.259827
168 14.391989
169 16.138750
170 15.658719
171 14.361039
172 14.951343
173 14.732307
174 15.379910
175 15.989590
176 14.930598
177 14.646534
178 14.881651
179 14.104815
180 14.063583
181 13.113881
182 14.566080
183 14.554784
184 14.374155
185 14.847539
186 15.138800
187 12.326860
188 12.105457
189 13.938809
190 14.244277
191 11.996805
192 12.345778
193 12.590278
194 12.477997
195 12.824574
196 13.563055
197 12.523359
198 12.613242
199 12.923565
200 13.761780
201 12.630254
202 13.092950
203 12.680579
204 12.482355
205 12.472708
206 11.894391
207 12.491899
208 11.882465
209 12.120494
210 12.343106
211 15.259528
212 13.858911
213 13.985135
214 14.260766
215 14.538755
216 13.487208
217 13.353480
218 15.129138
219 13.390879
220 13.579924
221 12.785039
222 12.623694
223 14.426739
224 12.164399
225 13.527499
226 12.264951
227 13.438920
228 14.165041
229 13.022032
230 14.508776
231 14.160666
232 14.152762
233 13.552451
234 12.422631
235 13.337034
236 13.336619
237 13.221845
238 13.001575
239 12.553343
240 12.911787
241 13.705729
242 13.653594
243 14.419839
244 12.691684
245 12.671844
246 13.933915
247 14.999381
248 13.926265
249 14.531352
250 12.842271
251 13.941973
252 12.974329
253 12.697868
254 12.898977
255 13.306299
256 14.028987
257 14.970922
258 14.136702
259 14.057023
260 13.902544
261 12.351781
262 13.661406
263 13.852601
264 12.323140
265 13.339070
266 13.203841
267 14.425735
268 13.649499
269 14.398189
270 13.387959
271 12.992517
272 13.698960
273 13.894320
274 13.680856
275 13.734790
276 13.851646
277 14.067335
278 13.784339
279 13.654524
280 13.328227
281 13.376073
282 14.218053
283 12.451462
284 14.541258
285 13.398308
286 14.372765
287 13.597497
288 14.132103
289 13.545590
290 14.018464
291 14.394420
292 14.433941
293 13.220855
294 14.359181
295 13.206166
296 14.329719
297 14.178919
298 13.539625
299 13.931799
300 12.689484
301 13.388884
302 13.814721
303 13.096022
304 13.357145
305 13.278082
306 14.056990
307 12.394247
308 13.952387
309 13.742113
310 13.570737
311 13.838538
312 14.251100
313 14.881358
314 14.601177
315 13.192140
316 13.940693
317 14.267190
318 13.782449
319 13.468319
320 14.590166
321 14.384035
322 14.559421
323 14.113494
324 13.893227
325 14.118373
326 14.262593
327 13.206502
328 13.923059
329 13.574045
330 14.624187
331 15.183812
332 14.761641
333 14.176706
334 14.492203
335 15.085396
336 13.810379
337 14.441567
338 14.328309
339 14.326431
340 14.531909
341 15.313414
342 14.952959
343 15.336646
344 14.269228
345 14.322491
346 14.551515
347 14.247183
348 13.457418
349 13.147959
350 13.624295
351 13.556526
352 14.339006
353 13.905869
354 13.849160
355 12.704865
356 13.893208
357 14.886314
358 13.392822
359 15.215429
360 15.651642
361 14.188153
362 14.564095
363 15.683516
364 15.087955
365 14.221629
366 14.978414
367 14.963231
368 14.529228
369 14.645144
370 14.039052
371 13.156745
372 14.976673
373 14.915069
374 13.161329
375 13.973209
376 13.779588
377 14.310322
378 13.506211
379 13.445839
380 14.141080
381 13.691677
382 13.098512
383 13.557179
384 14.075025
385 15.462736
386 14.682920
387 14.518043
388 14.596061
389 14.585626
390 14.720905
391 13.988644
392 13.837838
393 13.926316
394 14.335790
395 14.446811
396 14.312240
397 14.906334
398 14.124454
399 14.076264
400 13.650983
401 14.086119
402 14.040917
403 13.383960
404 14.409520
405 14.780847
406 14.737527
407 14.159904
408 14.776744
409 15.792568
410 14.140499
411 15.003060
412 14.734550
413 15.189818
414 14.866085
415 14.888660
416 15.250519
417 15.345804
418 14.236291
419 14.393488
420 14.881371
421 14.028288
422 14.511541
423 15.055206
424 15.035433
425 14.911724
426 15.162229
427 15.132705
428 15.128510
429 15.087386
430 15.680535
431 14.888515
432 15.299315
433 13.237468
434 13.737791
435 13.988893
436 14.357277
437 14.972815
438 14.490094
439 14.070539
440 13.984177
441 14.272628
442 14.334933
443 14.464356
444 13.382885
445 13.298009
446 13.502586
447 14.696240
448 13.322849
449 14.245678
450 14.119051
451 15.083705
452 14.542197
453 14.685322
454 13.869805
455 15.206726
456 13.309968
457 13.810995
458 13.845960
459 13.411071
460 14.401495
461 14.063263
462 15.058991
463 14.372109
464 12.294781
465 14.432685
466 14.169937
467 13.153209
468 13.135892
469 14.071889
470 12.831738
471 13.224951
472 14.806106
473 13.956319
474 14.352430
475 14.700390
476 12.012511
477 13.281855
478 14.222203
479 13.545720
480 14.103992
481 15.364765
482 13.765626
483 14.810582
484 13.429365
485 15.398124
486 14.639633
487 14.591760
488 14.467164
489 15.423056
490 15.912004
491 16.447456
492 15.218419
493 15.616839
494 15.808368
495 14.918749
496 15.257764
497 15.609775
498 15.950061
499 14.049653
500 15.437362
501 14.367119
502 15.827529
503 15.081131
504 14.987800
505 14.763967
506 15.434445
507 13.532449
508 14.756701
509 14.394590
510 14.891774
511 14.566872
512 13.995742
513 14.652514
514 14.516255
515 13.941103
516 14.552438
517 14.155574
518 14.630907
519 13.342882
520 12.359676
521 12.541698
522 11.940055
523 13.243358
524 14.814180
525 14.050139
526 14.542210
527 13.798769
528 14.064626
529 14.879845
530 15.714281
531 14.897824
532 14.449388
533 14.401427
534 14.435769
535 14.311252
536 15.159142
537 15.330198
538 14.519179
539 15.016136
540 14.296062
541 15.056228
542 14.488529
543 14.906769
544 14.812656
545 11.975136
546 13.981120
547 14.038272
548 14.094632
549 16.136860
550 14.764040
551 14.502341
552 13.585116
553 16.417652
554 14.420711
555 14.678777
556 15.274017
557 14.106317
558 15.426203
559 14.651896
560 14.922702
561 13.933069
562 15.207260
563 13.947259
564 14.229281
565 14.024341
566 14.797660
567 14.256152
568 14.992925
569 13.915107
570 14.382619
571 13.568075
572 13.977922
573 14.905214
574 13.836791
575 13.660053
576 14.063172
577 13.680265
578 13.901996
579 13.551072
580 14.464203
581 14.384171
582 15.123053
583 15.797776
584 14.550975
585 14.240015
586 14.776665
587 14.846381
588 13.720428
589 13.830787
590 15.334148
591 14.908369
592 14.463916
593 14.304003
594 12.937103
595 12.799733
596 12.220711
597 13.101239
598 11.736590
599 12.006505
600 11.955914
601 14.716355
602 14.765864
603 14.645205
604 15.888575
605 13.738660
606 14.297287
607 15.585349
608 14.951277
609 13.813654
610 14.253944
611 13.765909
612 14.324863
613 14.472247
614 14.843303
615 14.750641
616 13.810287
617 14.206419
618 14.228893
619 13.826598
620 13.892064
621 14.818282
622 13.956149
623 14.193310
624 14.020165
625 15.820816
626 14.757251
627 14.446342
628 15.225844
629 13.418505
630 14.542632
631 14.719341
632 14.260905
633 14.258647
634 13.584015
635 12.942856
636 12.851084
637 13.269481
638 13.374633
639 14.388906
640 13.713868
641 13.447935
642 14.370197
643 13.146336
644 13.475218
645 15.056060
646 14.699450
647 13.131879
648 14.248920
649 13.376800
650 14.006909
651 13.944954
652 14.793387
653 13.397340
654 14.537484
655 14.556127
656 13.549000
657 12.153133
658 15.067039
659 14.422708
660 15.834330
661 15.566750
662 13.503204
663 14.374924
664 13.402304
665 14.933429
666 15.033378
667 14.397252
668 14.313252
669 14.343676
670 14.957772
671 13.652788
672 12.920856
673 14.130446
674 14.847474
675 13.372349
676 13.809133
677 14.608175
678 14.854429
679 13.086030
680 14.154967
681 15.492628
682 14.555636
683 15.384408
684 14.488922
685 14.032624
686 13.395765
687 14.246641
688 13.870446
689 14.421122
690 14.550551
691 14.524640
692 14.588475
693 14.672330
694 14.446158
695 13.957896
696 15.491874
697 14.530026
698 12.887967
699 12.469332
700 12.544264
701 15.125780
702 15.398155
703 14.954706
704 15.347697
705 15.734675
706 14.003812
707 13.880032
708 14.540585
709 14.436508
710 14.140745
711 16.431643
712 15.622969
713 14.641347
714 14.531127
715 14.082404
716 14.929802
717 14.758972
718 15.512959
719 15.014149
720 13.826433
721 14.285990
722 13.189925
723 14.056830
724 15.352431
725 14.335725
726 15.266603
727 14.125959
728 15.176765
729 16.079372
730 15.721819
731 14.704371
732 15.164147
733 16.036655
734 14.410748
735 15.463627
736 14.953109
737 13.901177
738 14.528214
739 14.528844
740 15.521880
741 13.001822
742 14.966780
743 15.067217
744 13.896760
745 14.503276
746 14.818043
747 14.971272
748 14.004665
749 13.775523
750 14.809361
751 14.436562
752 13.516948
753 13.175634
754 13.673610
755 14.368888
756 13.870095
757 13.560974
758 13.446280
759 13.882625
760 13.570946
761 13.766576
762 12.069907
763 15.858796
764 13.867951
765 14.194187
766 14.305454
767 13.234262
768 14.160367
769 13.454974
770 14.859057
771 13.341870
772 13.917112
773 13.333826
774 13.672942
775 13.103475
776 13.043346
777 14.966876
778 13.009572
779 13.378387
780 13.095314
781 15.121793
782 13.756705
783 13.921737
784 13.676155
785 13.419820
786 14.002613
787 14.078362
788 13.098545
789 13.534156
790 14.361971
791 13.070974
792 13.186365
793 13.808803
794 13.968723
795 12.697909
796 13.841747
797 13.090809
798 13.570150
799 14.596352
800 14.719787
801 15.597517
802 13.570291
803 13.776670
804 13.563463
805 12.690628
806 13.650339
807 14.158885
808 14.835713
809 14.211327
810 13.927403
811 15.193606
812 15.240167
813 14.459168
814 14.256267
815 14.231478
816 15.417223
817 14.816588
818 13.527898
819 12.614839
820 11.984334
821 13.011946
822 14.067053
823 14.007147
824 14.701803
825 14.008532
826 15.150227
827 13.145630
828 13.216158
829 13.727162
830 14.620004
831 13.874049
832 14.847564
833 14.890099
834 13.942820
835 13.921629
836 14.274645
837 14.717747
838 13.604468
839 13.708850
840 12.927048
841 14.373572
842 11.849086
843 11.035405
844 11.205975
845 13.656420
846 12.045091
847 12.519103
848 12.911145
849 12.694229
850 13.157057
851 12.429971
852 12.304010
853 12.104942
854 11.815941
855 12.764444
856 12.952804
857 12.610926
858 11.197251
859 12.388142
860 11.713431
861 11.807075
862 11.011797
863 11.843019
864 12.005358
865 14.537532
866 14.284654
867 14.392922
868 14.624486
869 15.485773
870 15.303500
871 15.211123
872 14.650701
873 14.920842
874 14.115842
875 14.772334
876 15.405446
877 14.172259
878 13.890857
879 14.848872
880 14.324508
881 15.059650
882 14.375127
883 14.773380
884 15.031346
885 14.418581
886 15.326899
887 13.313618
888 14.559190
889 14.385260
890 14.519944
891 14.203009
892 14.124796
893 14.303767
894 14.922308
895 15.021652
896 14.799286
897 15.431866
898 15.003241
899 14.450729
900 12.746462
901 12.729824
902 12.144025
903 14.729386
904 15.485993
905 14.804802
906 11.932196
907 15.239724
908 14.860492
909 13.870006
910 13.771517
911 13.512973
912 13.928392
913 14.819925
914 14.106046
915 13.658499
916 12.742750
917 13.026707
918 13.915954
919 11.957322
920 12.371922
921 13.922310
922 14.613380
923 13.980130
924 14.544575
925 14.319347
926 14.504030
927 13.888920
928 14.497101
929 14.915589
930 13.558134
931 14.732563
932 14.486782
933 15.016393
934 14.317774
935 15.166995
936 15.107826
937 15.572590
938 14.251742
939 14.927390
940 15.505488
941 15.788711
942 14.900998
943 15.155944
944 15.187987
945 14.829299
946 14.750696
947 14.089643
948 14.364182
949 15.030901
950 14.921401
951 15.466304
952 15.446370
953 14.154864
954 16.011631
955 15.527286
956 14.469219
957 14.936993
958 13.725544
959 13.395702
960 14.544136
961 14.876655
962 15.365767
963 14.387998
964 15.085363
965 14.123909
966 14.552377
967 15.249115
968 15.220634
969 14.895270
970 14.762562
971 14.562941
972 12.276964
973 12.169848
974 15.499424
975 15.062566
976 15.998395
977 15.786880
978 15.400266
979 14.667788
980 13.975269
981 15.657841
982 14.339443
983 14.771756
984 14.354246
985 14.325200
986 14.845997
987 14.739509
988 14.777413
989 16.448856
990 13.686970
991 15.417731
992 15.007671
993 14.990844
994 14.431653
995 15.232168
996 13.567393
997 13.713537
998 14.097515
999 14.444719
1000 14.282640
1001 14.879923
1002 15.396486
1003 14.597047
1004 14.433337
1005 13.016837
1006 12.823766
1007 13.080659
1008 12.349233
1009 11.631824
1010 11.559370
1011 12.155522
1012 12.716064
1013 13.335004
1014 12.803102
1015 13.862012
1016 12.873180
1017 12.387712
1018 13.352731
1019 13.114430
1020 13.152437
1021 12.797458
1022 12.672579
1023 11.981661
1024 12.153341
1025 13.346055
1026 11.528777
1027 13.152761
1028 11.168272
1029 12.009779
1030 11.861485
1031 12.601942
1032 12.169497
1033 13.612281
1034 12.309586
1035 12.373458
1036 12.961991
1037 14.725247
1038 15.139237
1039 15.013092
1040 14.442677
1041 14.398989
1042 16.200966
1043 14.589885
1044 15.120420
1045 14.442764
1046 15.147219
1047 15.471638
1048 15.436875
1049 14.792208
1050 14.338560
1051 14.679132
1052 14.893708
1053 12.221812
1054 11.866819
1055 12.014177
1056 12.388888
1057 11.427643
1058 12.833179
1059 12.510307
1060 11.420557
1061 14.351764
1062 14.537228
1063 14.904960
1064 13.040061
1065 14.495497
1066 12.809462
1067 14.476486
1068 14.245610
1069 14.203341
1070 14.332694
1071 14.055025
1072 12.797818
1073 15.123260
1074 13.911625
1075 14.328643
1076 15.220930
1077 15.724493
1078 14.959800
1079 13.360756
1080 14.353234
1081 13.535558
1082 14.948350
1083 15.027627
1084 14.902968
1085 13.927840
1086 14.520750
1087 15.723915
1088 14.512519
1089 15.314618
1090 13.265127
1091 11.815129
1092 11.612271
1093 11.612420
1094 11.487736
1095 15.391360
1096 14.711742
1097 14.402693
1098 15.326598
1099 13.939645
1100 14.568004
1101 15.074368
1102 13.843924
1103 15.581320
1104 14.857370
1105 15.192945
1106 15.392646
1107 14.714686
1108 14.103683
1109 14.246028
1110 14.983068
1111 14.039903
1112 14.380244
1113 14.516097
1114 14.636620
1115 14.213998
1116 14.659162
1117 15.491537
1118 15.166217
1119 16.131828
1120 13.022953
1121 14.306594
1122 11.532726
1123 15.357533
1124 13.640506
1125 15.441081
1126 14.789959
1127 13.964708
1128 13.575119
1129 13.693756
1130 13.975145
1131 14.352542
1132 15.465550
1133 13.729712
1134 13.102771
1135 14.558274
1136 14.462490
1137 14.369971
1138 14.358388
1139 14.965436
1140 14.687341
1141 15.141026
1142 13.283553
1143 13.962787
1144 14.537047
1145 14.581537
1146 13.695761
1147 13.831081
1148 14.089627
1149 13.083997
1150 14.947627
1151 13.540444
1152 14.312982
1153 13.516325
1154 15.472324
1155 13.766565
1156 13.604942
1157 15.567820
1158 15.515057
1159 16.066628
1160 14.643037
1161 15.061355
1162 14.314725
1163 14.495878
1164 14.074701
1165 13.963368
1166 15.212702
1167 14.254663
1168 13.822886
1169 14.197872
1170 14.843459
1171 15.483677
1172 15.182942
1173 14.826385
1174 13.835263
1175 13.073268
1176 14.935585
1177 14.248180
1178 14.383706
1179 13.876884
1180 12.935624
1181 13.766510
1182 14.097595
1183 15.001614
1184 13.828068
1185 14.447127
1186 14.133368
1187 13.985803
1188 14.392764
1189 12.336774
1190 13.273327
1191 14.183753
1192 14.303454
1193 14.033862
1194 12.883525
1195 13.296446
1196 13.671505
1197 14.340115
1198 15.197412
1199 14.824588
1200 14.294904
1201 14.404366
1202 14.395780
1203 14.599635
1204 13.952003
1205 15.979076
1206 14.427337
1207 14.646919
1208 14.073559
1209 14.682537
1210 14.878058
1211 13.657039
1212 13.393102
1213 14.006729
1214 14.256566
1215 15.362044
1216 14.298828
1217 13.702104
1218 13.304929
1219 12.570219
1220 12.352321
1221 12.457390
1222 13.732057
1223 14.057149
1224 15.493642
1225 14.564646
1226 15.268831
1227 13.889264
1228 14.068178
1229 13.891311
1230 13.075226
1231 13.039151
1232 12.904095
1233 14.082426
1234 14.382300
1235 13.449331
1236 14.192710
1237 14.205815
1238 13.474117
1239 14.646508
1240 13.404637
1241 14.189812
1242 13.136807
1243 14.230484
1244 14.144191
1245 14.515616
1246 13.688063
1247 15.065474
1248 15.429818
1249 15.022807
1250 15.578559
1251 15.429274
1252 14.476223
1253 14.660146
1254 14.809182
1255 14.589072
1256 15.894715
1257 15.291937
1258 15.299164
1259 14.318461
1260 14.387805
1261 14.486933
1262 11.553208
1263 12.895091
1264 13.259624
1265 12.141706
1266 11.644378
1267 14.140360
1268 14.077868
1269 14.603879
1270 13.898756
1271 15.598791
1272 15.162239
1273 13.596530
1274 13.841004
1275 14.227531
1276 15.236138
1277 12.256246
1278 11.944748
1279 13.362244
1280 15.232062
1281 14.331274
1282 13.306108
1283 14.725556
1284 12.465490
1285 14.566790
1286 13.185945
1287 14.360129
1288 13.762841
1289 14.382540
1290 15.925240
1291 15.895894
1292 16.188452
1293 15.016069
1294 12.509564
1295 13.828904
1296 13.922756
1297 12.465224
1298 14.833058
1299 14.330969
1300 14.189086
1301 13.203090
1302 12.844958
1303 14.194244
1304 13.323771
1305 13.858689
1306 13.701654
1307 14.649420
1308 15.529980
1309 12.832192
1310 15.160180
1311 15.127306
1312 14.509486
1313 14.649364
1314 15.111607
1315 15.281893
1316 14.901948
1317 16.135540
1318 13.525626
1319 13.254765
1320 13.672206
1321 13.871609
1322 11.857502
1323 12.672944
1324 13.922870
1325 14.588457
1326 14.382786
1327 13.295896
1328 14.118319
1329 14.140159
1330 14.809683
1331 14.251205
1332 14.311493
1333 14.430817
1334 13.356818
1335 12.878284
1336 13.912517
1337 14.574352
1338 13.382922
1339 14.756616
1340 14.234200
1341 14.680210
1342 16.144979
1343 13.319840
1344 14.659393
1345 14.016528
1346 15.779004
1347 15.260689
1348 14.995289
1349 15.055882
1350 14.585358
1351 15.218354
1352 14.940627
1353 14.126375
1354 15.375390
1355 14.431832
1356 14.322949
1357 13.930960
1358 14.945991
1359 13.969361
1360 14.444016
1361 14.179829
1362 14.875016
1363 14.205515
1364 13.576477
1365 14.991429
1366 14.337679
1367 14.563425
1368 14.142142
1369 14.981199
1370 14.277768
1371 16.016109
1372 16.257933
1373 16.426310
1374 15.583361
1375 15.335341
1376 14.254961
1377 14.495779
1378 14.196177
1379 15.885840
1380 16.377455
1381 16.174026
1382 14.777881
1383 13.944833
1384 14.681307
1385 14.165462
1386 15.420479
1387 14.478348
1388 14.507706
1389 14.677021
1390 13.991433
1391 15.110978
1392 13.995169
1393 15.289801
1394 14.035543
1395 15.138155
1396 14.612240
1397 14.052361
1398 14.325105
1399 15.050125
1400 15.379119
1401 15.496374
1402 14.002726
1403 15.160764
1404 13.001186
1405 13.282632
1406 12.382099
1407 13.126909
1408 12.740111
1409 12.553992
1410 12.292324
1411 13.315392
1412 12.161257
1413 11.365124
1414 12.399169
1415 15.219049
1416 13.441851
1417 13.908552
1418 14.086933
1419 14.675490
1420 15.007020
1421 12.028310
1422 15.051306
1423 13.971984
1424 14.147678
1425 15.012415
1426 13.769957
1427 14.805616
1428 14.745300
1429 15.548361
1430 14.953609
1431 14.876179
1432 14.013751
1433 14.338934
1434 14.157761
1435 14.323369
1436 14.208467
1437 14.781308
1438 13.941978
1439 14.177728
1440 14.369218
1441 13.862036
1442 16.260077
1443 14.110914
1444 14.149723
1445 14.399219
1446 14.070002
1447 14.265218
1448 14.757742
1449 14.071936
1450 12.495463
1451 13.553949
1452 15.092543
1453 13.633102
1454 15.941687
1455 14.665672
1456 16.111792
1457 14.980979
1458 15.927509
1459 15.998216
1460 16.329592
1461 12.828794
1462 12.495388
1463 12.733145
1464 13.957999
1465 14.196450
1466 14.088700
1467 14.364761
1468 13.644748
1469 13.119971
1470 13.668983
1471 14.934148
1472 13.900222
1473 15.834578
1474 16.390636
1475 15.500302
1476 15.223096
1477 15.249082
1478 15.910323
1479 15.187890
1480 15.309297
1481 15.821812
1482 15.930006
1483 15.493249
1484 14.732944
1485 15.451775
1486 16.030708
1487 15.436507
1488 14.891858
1489 14.833243
1490 15.547739
1491 15.231535
1492 15.983066
1493 15.523414
1494 16.768419
1495 16.442438
1496 13.589548
1497 15.747737
1498 15.518391
1499 15.884829
1500 15.639997
1501 15.857899
1502 15.286098
1503 15.863205
1504 15.419118
1505 15.406191
1506 15.189042
1507 14.745361
1508 13.922317
1509 14.127574
1510 14.358601
1511 14.761371
1512 14.937615
1513 15.489708
1514 15.080089
1515 14.586738
1516 15.297600
1517 14.953545
1518 14.822400
1519 15.056953
1520 14.019120
1521 14.891709
1522 14.578630
1523 15.114200
1524 14.270481
1525 14.992979
1526 13.279950
1527 15.761641
1528 15.341647
1529 14.071901
1530 14.768199
1531 14.445374
1532 14.717292
1533 14.531385
1534 15.626569
1535 14.441780
1536 15.092920
1537 14.138341
1538 14.094498
1539 13.765881
1540 14.511596
1541 15.459794
1542 15.170598
1543 14.706923
1544 15.740063
1545 15.286884
1546 13.687225
1547 13.731819
1548 13.959631
1549 14.021900
1550 14.291462
1551 13.218833
1552 15.069087
1553 14.427538
1554 14.779810
1555 14.825054
1556 14.052934
1557 15.499596
1558 14.557112
1559 14.238108
1560 14.510956
1561 13.392972
1562 12.769304
1563 14.686486
1564 14.242739
1565 14.523871
1566 12.936021
1567 14.164980
1568 14.123610
1569 13.895401
1570 15.669529
1571 15.834934
1572 14.940581
1573 14.167126
1574 14.703195
1575 14.395211
1576 14.543494
1577 15.044321
1578 13.548137
1579 13.496995
1580 15.072035
1581 12.733130
1582 14.805774
1583 13.622762
1584 12.407421
1585 13.721323
1586 13.115382
1587 13.870097
1588 14.915996
1589 14.431499
1590 15.275891
1591 15.278463
1592 16.380861
1593 15.071029
1594 14.855428
1595 15.128481
1596 14.225946
1597 13.974366
1598 16.345163
1599 13.765295
1600 14.855721
1601 14.080833
1602 15.549627
1603 14.675061
1604 15.753632
1605 13.857834
1606 15.292620
1607 14.212483
1608 14.514075
1609 14.454092
1610 14.495363
1611 13.633828
1612 14.605001
1613 15.319851
1614 14.693006
1615 15.632051
1616 14.258599
1617 13.907621
1618 15.136290
1619 14.338840
1620 15.332478
1621 15.398672
1622 14.265903
1623 14.729744
1624 13.524741
1625 15.044477
1626 15.926406
1627 14.281077
1628 14.580154
1629 14.561541
1630 16.119209
1631 16.490816
1632 15.553257
1633 14.381926
1634 14.320759
1635 13.820700
1636 14.200319
1637 14.854828
1638 14.106771
1639 12.665936
1640 14.515720
1641 14.548291
1642 14.943265
1643 15.223428
1644 14.689216
1645 14.372855
1646 13.866848
1647 13.874133
1648 15.305131
1649 14.479754
1650 13.783524
1651 13.613555
1652 14.788445
1653 12.524802
1654 13.939092
1655 14.827927
1656 14.679790
1657 13.783688
1658 14.634007
1659 14.630853
1660 14.766870
1661 14.514750
1662 15.154604
1663 13.806862
1664 15.361732
1665 15.294061
1666 14.158915
1667 15.403996
1668 14.456879
1669 14.734706
1670 15.288477
1671 13.125402
1672 15.081567
1673 13.804282
1674 15.545601
1675 14.756501
1676 14.367386
1677 13.239623
1678 14.663240
1679 14.294810
1680 13.247392
1681 14.804399
1682 12.889591
1683 14.560810
1684 13.606265
1685 14.527078
1686 13.998130
1687 13.998240
1688 13.385679
1689 13.968653
1690 13.340898
1691 13.792786
1692 15.105580
1693 13.930861
1694 14.963024
1695 14.136999
1696 15.080406
1697 15.794999
1698 13.788087
1699 14.565755
1700 14.532643
1701 13.462223
1702 14.882576
1703 14.096658
1704 14.126369
1705 14.918958
1706 13.401968
1707 15.185296
1708 13.831325
1709 13.972922
1710 13.293882
1711 13.603463
1712 14.139480
1713 14.126478
1714 13.525823
1715 14.181144
1716 15.011563
1717 14.130829
1718 14.618014
1719 13.084702
1720 14.749446
1721 14.953476
1722 14.235639
1723 14.868091
1724 14.090173
1725 13.076794
1726 13.785070
1727 12.926159
1728 12.260028
1729 13.939016
1730 14.562285
1731 12.868430
1732 14.255704
1733 13.017349
1734 13.484589
1735 15.031310
1736 14.221920
1737 13.476577
1738 14.550728
1739 13.885324
1740 12.772872
1741 15.145728
1742 12.813062
1743 12.825075
1744 14.941979
1745 12.777721
1746 15.360231
1747 14.590067
1748 14.234588
1749 14.496837
1750 15.013207
1751 13.967210
1752 14.263689
1753 15.259863
1754 14.139931
1755 13.577811
1756 14.088176
1757 14.394903
1758 13.150338
1759 13.959447
1760 14.908257
1761 14.529749
1762 14.211136
1763 13.787671
1764 14.282602
1765 13.537716
1766 14.122658
1767 14.552423
1768 13.696184
1769 15.315474
1770 14.844760
1771 14.984726
1772 13.975030
1773 15.544753
1774 15.450077
1775 15.683224
1776 15.433908
1777 15.533869
1778 15.753338
1779 14.767106
1780 14.405785
1781 13.687227
1782 14.238720
1783 14.956956
1784 14.518291
1785 14.807759
1786 13.778779
1787 14.198267
1788 14.538585
1789 15.016600
1790 14.660035
1791 15.357327
1792 15.613625
1793 14.863756
1794 13.944673
1795 15.843688
1796 13.984748
1797 15.302845
1798 14.457267
1799 15.098858
1800 14.108230
1801 13.887639
1802 15.079630
1803 14.523298
1804 13.702374
1805 15.214327
1806 15.151494
1807 13.909625
1808 14.945816
1809 15.046948
1810 14.701891
1811 12.587554
1812 14.257974
1813 14.707239
1814 14.956024
1815 13.424071
1816 14.070649
1817 14.402409
1818 13.972147
1819 15.087106
1820 13.513381
1821 14.754147
1822 15.569097
1823 14.285565
1824 14.594917
1825 15.286431
1826 13.811578
1827 14.258660
1828 14.361140
1829 14.129149
1830 15.090388
1831 14.306280
1832 14.358908
1833 12.234272
1834 11.551958
1835 11.648838
1836 14.860810
1837 14.807300
1838 15.057086
1839 14.605163
1840 14.573810
1841 15.203405
1842 15.364170
1843 15.396108
1844 15.015870
1845 14.776612
1846 15.703058
1847 15.063053
1848 13.883796
1849 14.745533
1850 14.174576
1851 14.078654
1852 14.584079
1853 14.507711
1854 13.939741
1855 14.389025
1856 13.609281
1857 12.282472
1858 12.946132
1859 14.272449
1860 14.726550
1861 13.106986
1862 14.213607
1863 12.514867
1864 13.346035
1865 11.151204
1866 11.684944
1867 12.401427
1868 12.561613
1869 13.789965
1870 11.986366
1871 11.312390
1872 11.603210
1873 11.543453
1874 11.393831
1875 11.739944
1876 11.979066
1877 11.962894
1878 11.088841
1879 11.825415
1880 11.961358
1881 10.880638
1882 10.132737
1883 12.142303
1884 12.394787
1885 11.972598
1886 12.055748
1887 13.645943
1888 13.105090
1889 12.484693
1890 14.283643
1891 14.118718
1892 14.540234
1893 13.772287
1894 13.594686
1895 14.710485
1896 14.330139
1897 14.552747
1898 13.910948
1899 14.573550
1900 14.756683
1901 14.352231
1902 13.203458
1903 14.588818
1904 14.490703
1905 15.346554
1906 14.582326
1907 14.236726
1908 14.104749
1909 14.238044
1910 14.556375
1911 12.906697
1912 12.452509
1913 13.297495
1914 11.858657
1915 12.171649
1916 13.067053
1917 13.325726
1918 11.922184
1919 12.515182
1920 13.452614
1921 13.092955
1922 12.783006
1923 12.855713
1924 12.129217
1925 14.319294
1926 12.145928
1927 11.635829
1928 12.937831
1929 13.121169
1930 12.436168
1931 13.524289
1932 13.866720
1933 15.145155
1934 15.327517
1935 13.350448
1936 13.992694
1937 13.791250
1938 13.966026
1939 14.344097
1940 14.053822
1941 14.605553
1942 14.165043
1943 14.079603
1944 13.908984
1945 14.428516
1946 14.128088
1947 14.068420
1948 14.964606
1949 14.777677
1950 14.917694
1951 14.737144
1952 15.406011
1953 15.771269
1954 13.673346
1955 14.430472
1956 14.300128
1957 13.822613
1958 15.014011
1959 14.400756
1960 13.885284
1961 12.676016
1962 14.140230
1963 13.575276
1964 15.056998
1965 14.441113
1966 15.550451
1967 13.244449
1968 13.858324
1969 13.880734
1970 14.505299
1971 13.929205
1972 14.289095
1973 14.340845
1974 13.530151
1975 15.336032
1976 13.682034
1977 13.644070
1978 13.215210
1979 12.907576
1980 13.449248
1981 13.797716
1982 13.533384
1983 13.869661
1984 14.374608
1985 14.598429
1986 14.362943
1987 13.968043
1988 13.312901
1989 13.635749
1990 13.990087
1991 12.879874
1992 13.061497
1993 13.726653
1994 14.100959
1995 14.231019
1996 14.149621
1997 14.238697
1998 14.202214
1999 14.740302
2000 15.183705
2001 14.685183
2002 14.437747
2003 15.045398
2004 13.439530
2005 15.293695
2006 13.338524
2007 14.168838
2008 13.299902
2009 14.933957
2010 15.242192
2011 16.132271
2012 15.831131
2013 14.960516
2014 14.778739
2015 15.196414
2016 14.735558
2017 15.733445
2018 15.956404
2019 15.131438
2020 14.306081
2021 13.977232
2022 14.787346
2023 15.020898
2024 14.627031
2025 14.746287
2026 15.761973
2027 14.552453
2028 14.786917
2029 15.000326
2030 15.092055
2031 15.640682
2032 14.326057
2033 13.647926
2034 13.904935
2035 14.271086
2036 13.986512
2037 14.960646
2038 14.030033
2039 14.481471
2040 14.809154
2041 13.244377
2042 14.348849
2043 13.103914
2044 14.256525
2045 13.464622
2046 14.239271
2047 12.404561
2048 11.004341
2049 11.099166
2050 11.748466
2051 11.874887
2052 11.865802
2053 11.697326
2054 11.468885
2055 12.714104
2056 11.418523
2057 11.655810
2058 11.464881
2059 11.414475
2060 11.974783
2061 11.872636
2062 13.264858
2063 11.718750
2064 12.088831
2065 12.752304
2066 12.928970
2067 12.009587
2068 12.883458
2069 11.505026
2070 12.096634
2071 11.793090
2072 11.890204
2073 11.915949
2074 13.384669
2075 12.693628
2076 12.294161
2077 11.722443
2078 12.005547
2079 12.591565
2080 11.537067
2081 12.912147
2082 14.359974
2083 13.137559
2084 13.257230
2085 12.494004
2086 12.443719
2087 12.484023
2088 12.142653
2089 12.278185
2090 13.103711
2091 12.430167
2092 12.126607
2093 12.823610
2094 12.627910
2095 12.330270
2096 12.118652
2097 11.102873
2098 11.204831
2099 13.157311
2100 14.458855
2101 13.027415
2102 12.580925
2103 13.052432
2104 12.816751
2105 14.740525
2106 13.356772
2107 14.387351
2108 14.171305
2109 15.040075
2110 14.818398
2111 13.892355
2112 14.598559
2113 15.146798
2114 15.128728
2115 14.351874
2116 14.316566
2117 14.051322
2118 13.219309
2119 14.341498
2120 14.867044
2121 13.465833
2122 13.535161
2123 13.830498
2124 12.863842
2125 13.957126
2126 14.773764
2127 14.361697
2128 13.538663
2129 13.818843
2130 14.860516
2131 12.800518
2132 15.190854
2133 15.697309
2134 14.445242
2135 15.117956
2136 14.324287
2137 14.511696
2138 14.287067
2139 13.883771
2140 13.154954
2141 13.348519
2142 14.021225
2143 14.060966
2144 13.436766
2145 14.364647
2146 13.146544
2147 14.216678
2148 14.433036
2149 14.900002
2150 13.885315
2151 14.047371
2152 14.283871
2153 13.974638
2154 15.083614
2155 14.285345
2156 13.200911
2157 14.852012
2158 14.507177
2159 14.639194
2160 15.093079
2161 14.613230
2162 14.256883
2163 12.917176
2164 14.157194
2165 15.288707
2166 14.238890
2167 14.964383
2168 15.783058
2169 14.574130
2170 15.489481
2171 13.260560
2172 12.429416
2173 14.280861
2174 14.211991
2175 15.360636
2176 15.118822
2177 13.873234
2178 12.368736
2179 12.940772
2180 12.546833
2181 12.290795
2182 13.860889
2183 13.555301
2184 14.237857
2185 15.373582
2186 14.858574
2187 12.481974
2188 13.271595
2189 13.189137
2190 12.658574
2191 15.102647
2192 14.778395
2193 13.511666
2194 14.721539
2195 14.666311
2196 12.845836
2197 14.258357
2198 13.973128
2199 13.633889
2200 13.186680
2201 14.220564
2202 15.201740
2203 15.180233
2204 15.309242
2205 15.303343
2206 15.461721
2207 13.880986
2208 14.579199
2209 12.060994
2210 11.723117
2211 14.481338
2212 14.484802
2213 14.955181
2214 14.620849
2215 14.387291
2216 13.969508
2217 13.040946
2218 13.902190
2219 14.267704
2220 13.229469
2221 15.217084
2222 14.185084
2223 13.436088
2224 13.920924
2225 14.156455
2226 13.556641
2227 12.915720
2228 12.546637
2229 13.045368
2230 13.669070
2231 13.560325
2232 12.904032
2233 13.724785
2234 13.184368
2235 13.104484
2236 13.330907
2237 13.135694
2238 14.637463
2239 14.994143
2240 14.173712
2241 11.628810
2242 11.351460
2243 12.366675
2244 11.584319
2245 13.396610
2246 14.005782
2247 13.109862
2248 11.786337
2249 14.395417
2250 14.223636
2251 15.864489
2252 12.817399
2253 15.211780
2254 14.357583
2255 13.791700
2256 14.101384
2257 12.197033
2258 11.914220
2259 10.625824
2260 13.267219
2261 12.443884
2262 13.770041
2263 14.490330
2264 14.578512
2265 13.984674
2266 15.172348
2267 13.190726
2268 14.746658
2269 13.719490
2270 13.871367
2271 14.644825
2272 14.894538
2273 15.743294
2274 15.700070
2275 16.588633
2276 15.376796
2277 15.753631
2278 16.874779
2279 15.520274
2280 14.756951
2281 14.234871
2282 14.089125
2283 15.748890
2284 14.651059
2285 14.402682
2286 14.028909
2287 12.650406
2288 13.665037
2289 14.904157
2290 15.303347
2291 13.932966
2292 13.305075
2293 13.792363
2294 14.159244
2295 14.474273
2296 14.678995
2297 15.375146
2298 13.679749
2299 14.018375
2300 13.019926
2301 13.335631
2302 13.969730
2303 13.418740
2304 14.159810
2305 13.675990
2306 13.728813
2307 13.704911
2308 12.774070
2309 13.873071
2310 11.913877
2311 12.712913
2312 12.636910
2313 14.081212
2314 13.352482
2315 13.590563
2316 13.971238
2317 14.245393
2318 15.724673
2319 15.831921
2320 14.305985
2321 15.603026
2322 15.430565
2323 16.085400
2324 15.405649
2325 16.765526
2326 14.119504
2327 12.479816
2328 12.730486
2329 15.132071
2330 14.865053
2331 15.468819
2332 14.218081
2333 12.259803
2334 14.896814
2335 14.032303
2336 12.306312
2337 13.829373
2338 14.797165
2339 13.113209
2340 13.680505
2341 13.931564
2342 13.970700
2343 14.747166
2344 14.040989
2345 16.536762
2346 15.623485
2347 13.197042
2348 14.524836
2349 12.842333
2350 14.394860
2351 15.585350
2352 15.163423
2353 15.729246
2354 14.385633
2355 15.239462
2356 14.926014
2357 15.347639
2358 14.731821
2359 15.991401
2360 16.056917
2361 13.830656
2362 14.980694
2363 13.917850
2364 14.977058
2365 15.585057
2366 15.460616
2367 14.309616
2368 14.712811
2369 14.768459
2370 14.392612
2371 14.911781
2372 14.532065
2373 14.026088
2374 14.010696
2375 14.273139
2376 13.858246
2377 14.250287
2378 13.195008
2379 13.799897
2380 15.075248
2381 14.965910
2382 15.724660
2383 16.019444
2384 14.838318
2385 13.646107
2386 13.668664
2387 14.672674
2388 14.583859
2389 15.189178
2390 14.812462
2391 15.112237
2392 14.459234
2393 14.014693
2394 13.576639
2395 14.772851
2396 14.372006
2397 14.713514
2398 14.721170
2399 13.986053
2400 14.612372
2401 14.671639
2402 14.348586
2403 16.211563
2404 16.296202
2405 17.030231
2406 15.950191
2407 16.125357
2408 15.623152
2409 16.370226
2410 16.514082
2411 16.146500
2412 16.674402
2413 15.925797
2414 15.874220
2415 15.305223
2416 15.897866
2417 16.753366
2418 16.929630
2419 17.009665
2420 16.400688
2421 16.841364
2422 17.180735
2423 16.469200
2424 15.704418
2425 16.109655
2426 17.098972
2427 16.881130
2428 16.969822
2429 16.671406
2430 14.797331
2431 16.234737
2432 17.344950
2433 15.837972
2434 16.869492
2435 15.447447
2436 16.170942
2437 16.204239
2438 16.328503
2439 16.966545
2440 15.928746
2441 16.830009
2442 16.518251
2443 16.728937
2444 16.163956
2445 16.106743
2446 16.208990
2447 15.581512
2448 15.396076
2449 15.969974
2450 16.553562
2451 17.620432
2452 16.118380
2453 16.454872
2454 16.487644
2455 16.845613
2456 15.368286
2457 16.881706
2458 16.779013
2459 16.046051
2460 15.288886
2461 13.473140
2462 14.242040
2463 14.181907
2464 14.378152
2465 14.576743
2466 13.708378
2467 13.615880
2468 13.022755
2469 13.708915
2470 13.977854
2471 13.813274
2472 14.715305
2473 13.533131
2474 13.721927
2475 14.799541
2476 14.174756
2477 13.373877
2478 13.950203
2479 14.471619
2480 14.470462
2481 14.074670
2482 15.384296
2483 14.835633
2484 13.617737
2485 14.641108
2486 14.382717
2487 14.558967
2488 14.685454
2489 15.839526
2490 15.428036
2491 16.062204
2492 14.264768
2493 15.731499
2494 15.640690
2495 15.600662
2496 14.692420
2497 14.036096
2498 14.258406
2499 12.823647
2500 12.772985
2501 15.541560
2502 15.219542
2503 14.654608
2504 15.383583
2505 13.925913
2506 15.032247
2507 14.725236
2508 14.732294
2509 15.247368
2510 15.477397
2511 15.785029
2512 14.076275
2513 15.237882
2514 15.602360
2515 15.101180
2516 14.714575
2517 15.326539
2518 15.068101
2519 13.986752
2520 13.890604
2521 14.455160
2522 14.841564
2523 14.026129
2524 14.734426
2525 15.183690
2526 15.919732
2527 14.936702
2528 14.193893
2529 14.815404
2530 15.140121
2531 16.203220
2532 14.071191
2533 15.798929
2534 13.795660
2535 14.073757
2536 15.039818
2537 14.530833
2538 14.880447
2539 14.596357
2540 13.810812
2541 15.324155
2542 13.605272
2543 15.120780
2544 15.558823
2545 14.406432
2546 15.501290
2547 14.907027
2548 14.998217
2549 14.709550
2550 16.258293
2551 15.288074
2552 16.301912
2553 14.501577
2554 15.712898
2555 13.927219
2556 14.057864
2557 14.035688
2558 15.945108
2559 16.425823
2560 15.542079
2561 16.064402
2562 15.406344
2563 14.711210
2564 14.854464
2565 14.247846
2566 15.111216
2567 14.607906
2568 15.490409
2569 15.747066
2570 15.030283
2571 15.505182
2572 14.263148
2573 16.014002
2574 15.002099
2575 14.601011
2576 15.636127
2577 15.773026
2578 15.237416
2579 15.705537
2580 16.635908
2581 14.940558
2582 14.360506
2583 15.683527
2584 14.062790
2585 15.724647
2586 15.493097
2587 16.305153
2588 15.412040
2589 16.675663
2590 15.653335
2591 15.944193
2592 12.912758
2593 13.602065
2594 16.251274
2595 15.160376
2596 13.447512
2597 14.312838
2598 14.497367
2599 12.943997
2600 13.760595
2601 13.622646
2602 14.184808
2603 13.830387
2604 14.396932
2605 14.370293
2606 14.238223
2607 14.627268
2608 13.679469
2609 14.790565
2610 15.673544
2611 12.014579
2612 12.572686
2613 14.921214
2614 13.925069
2615 14.059481
2616 14.179668
2617 15.455050
2618 13.908896
2619 14.312258
2620 15.305344
2621 13.899949
2622 13.903196
2623 14.042811
2624 13.671213
2625 14.098861
2626 13.344501
2627 14.658210
2628 14.486206
2629 12.634454
2630 12.896763
2631 12.149455
2632 12.244388
2633 13.663415
2634 13.290279
2635 12.186032
2636 12.564310
2637 11.962461
2638 11.927320
2639 11.636534
2640 12.976926
2641 12.858504
2642 12.114399
2643 13.159156
2644 12.402727
2645 12.036298
2646 12.036949
2647 11.797536
2648 12.191577
2649 11.761083
2650 11.849173
2651 11.439643
2652 11.267119
2653 11.832072
2654 12.225616
2655 11.807302
2656 12.438699
2657 11.707571
2658 12.238482
2659 14.066696
2660 13.142606
2661 13.355021
2662 14.448074
2663 14.932279
2664 14.118814
2665 14.131222
2666 16.339161
2667 14.580293
2668 14.621619
2669 15.826462
2670 16.038240
2671 15.326298
2672 15.476455
2673 15.862245
2674 15.324177
2675 14.703065
2676 14.712647
2677 15.596514
2678 14.842780
2679 14.012115
2680 11.315239
2681 12.618197
2682 11.401111
2683 11.296232
2684 11.069564
2685 11.659978
2686 11.476758
2687 11.728958
2688 11.431967
2689 12.653522
2690 13.780025
2691 14.934978
2692 16.278328
2693 16.087906
2694 15.200034
2695 14.663052
2696 14.537404
2697 14.199676
2698 14.271599
2699 13.971083
2700 12.982028
2701 14.502076
2702 14.397671
2703 14.640884
2704 15.274139
2705 16.429743
2706 16.040325
2707 15.281040
2708 14.295108
2709 14.726514
2710 14.480104
2711 15.466458
2712 15.450583
2713 14.681308
2714 15.960279
2715 13.829133
2716 15.161892
2717 15.406098
2718 14.660813
2719 15.332283
2720 14.696095
2721 14.532757
2722 15.028959
2723 16.227594
2724 14.842175
2725 14.179494
2726 14.370921
2727 14.863792
2728 13.355238
2729 15.512110
2730 15.117300
2731 14.437818
2732 14.744818
2733 14.938360
2734 14.530857
2735 14.561214
2736 14.775228
2737 14.606543
2738 14.367778
2739 15.085787
2740 14.825458
2741 15.281980
2742 14.583110
2743 15.409277
2744 14.307343
2745 13.709072
2746 13.875115
2747 13.822718
2748 13.182088
2749 15.523461
2750 14.583556
2751 14.419743
2752 15.256875
2753 14.699332
2754 14.563874
2755 13.026226
2756 12.321951
2757 12.971494
2758 11.369201
2759 11.211220
2760 15.035893
2761 13.656487
2762 15.092535
2763 12.271544
2764 13.038956
2765 12.008554
2766 12.488441
2767 13.632257
2768 13.712209
2769 11.760225
2770 11.948628
2771 13.361121
2772 12.790419
2773 13.999512
2774 11.925093
2775 16.322010
2776 12.473010
2777 14.354913
2778 15.216366
2779 15.097383
2780 14.715705
2781 14.066310
2782 14.932331
2783 15.310381
2784 15.244206
2785 15.967290
2786 13.761606
2787 15.075539
2788 14.499269
2789 14.446048
2790 13.881109
2791 15.490808
2792 15.522027
2793 13.608380
2794 15.096296
2795 14.681386
2796 13.526514
2797 13.406544
2798 14.140204
2799 15.535474
2800 13.720215
2801 13.612868
2802 13.864961
2803 13.461077
2804 13.288351
2805 14.692863
2806 15.576667
2807 15.530927
2808 14.499935
2809 14.112212
2810 14.626842
2811 15.250139
2812 15.209235
2813 14.601856
2814 14.727891
2815 14.527263
2816 13.662636
2817 15.758127
2818 14.051700
2819 14.701080
2820 13.944581
2821 15.504181
2822 13.209269
2823 13.923571
2824 15.001325
2825 14.733246
2826 16.257557
2827 15.314791
2828 14.318755
2829 13.729920
2830 14.491677
2831 14.252082
2832 14.495266
2833 14.879108
2834 14.344728
2835 13.864295
2836 12.976762
2837 13.462989
2838 11.581530
2839 12.923202
2840 11.963974
2841 13.097737
2842 11.346728
2843 11.487845
2844 14.601744
2845 12.006369
2846 13.212267
2847 14.287949
2848 14.912515
2849 15.009382
2850 15.403083
2851 13.495045
2852 14.588439
2853 14.298680
2854 14.387755
2855 13.172045
2856 14.951186
2857 16.130970
2858 14.081129
2859 14.194102
2860 14.209415
2861 15.491527
2862 14.572106
2863 15.158952
2864 15.064912
2865 14.205815
2866 14.315187
2867 15.326277
2868 15.013741
2869 13.915792
2870 13.170807
2871 13.198274
2872 13.463646
2873 12.373461
2874 11.854607
2875 11.496062
2876 13.856103
2877 13.146842
2878 14.069722
2879 13.587343
2880 13.339016
2881 14.017018
2882 13.920796
2883 13.444038
2884 14.352082
2885 13.471418
2886 14.186699
2887 15.075003
2888 13.863547
2889 14.209154
2890 14.876468
2891 12.869286
2892 14.491696
2893 15.054150
2894 15.267548
2895 15.825699
2896 15.112414
2897 13.378446
2898 14.652002
2899 14.396698
2900 14.506318
2901 13.778132
2902 15.177341
2903 13.320986
2904 15.581100
2905 15.745874
2906 14.074419
2907 13.840992
2908 14.147561
2909 12.468342
2910 12.798200
2911 13.025399
2912 13.090589
2913 13.540989
2914 12.976624
2915 13.307806
2916 12.770944
2917 13.660501
2918 12.850715
2919 12.532055
2920 13.347985
2921 15.021287
2922 14.509048
2923 14.973402
2924 15.161309
2925 14.944937
2926 14.160308
2927 14.318229
2928 14.768003
2929 14.548666
2930 15.520557
2931 15.228802
2932 14.885864
2933 15.489556
2934 15.000303
2935 15.349172
2936 13.243206
2937 14.589245
2938 13.568970
2939 12.752535
2940 15.043324
2941 14.786945
2942 15.440651
2943 14.396870
2944 15.295939
2945 14.291959
2946 14.412321
2947 13.762977
2948 14.338431
2949 14.392986
2950 14.283094
2951 14.253294
2952 15.225946
2953 13.747242
2954 15.667475
2955 14.161483
2956 15.207762
2957 14.164820
2958 14.165172
2959 15.063294
2960 15.734896
2961 14.923734
2962 14.141370
2963 13.961936
2964 13.951744
2965 15.022735
2966 14.925989
2967 14.522660
2968 14.151641
2969 13.964721
2970 13.673542
2971 15.177519
2972 12.866723
2973 12.240134
2974 11.931331
2975 12.133272
2976 12.351962
2977 12.563341
2978 12.440375
2979 12.919103
2980 12.908059
2981 12.127594
2982 12.609146
2983 13.154388
2984 14.233276
2985 13.478483
2986 13.812645
2987 14.465956
2988 14.477349
2989 14.564436
2990 14.695745
2991 14.275278
2992 13.611773
2993 13.653189
2994 14.262213
2995 15.394077
2996 15.303233
2997 13.090602
2998 13.793495
2999 14.922632
3000 14.162680
3001 13.450244
3002 14.519353
3003 13.675744
3004 14.642516
3005 13.208651
3006 13.050303
3007 14.204361
3008 14.439157
3009 14.326445
3010 13.790912
3011 14.070755
3012 15.303587
3013 14.406786
3014 13.830247
3015 14.008879
3016 14.996143
3017 14.883250
3018 14.912171
3019 15.619889
3020 15.886122
3021 15.140365
3022 14.861067
3023 14.957333
3024 13.983362
3025 14.247777
3026 15.247830
3027 14.612776
3028 14.826801
3029 15.664340
3030 15.621514
3031 15.133799
3032 15.734091
3033 16.367096
3034 15.421246
3035 15.598687
3036 15.255010
3037 15.289588
3038 15.564075
3039 14.065283
3040 14.037325
3041 13.349418
3042 13.871592
3043 14.261896
3044 13.008092
3045 14.523603
3046 13.701447
3047 14.031284
3048 13.882723
3049 13.599493
3050 14.069240
3051 14.499449
3052 14.073108
3053 15.371534
3054 13.949105
3055 12.869907
3056 14.914857
3057 14.151556
3058 13.031732
3059 13.352905
3060 13.625690
3061 13.847673
3062 15.133922
3063 13.905779
3064 13.529664
3065 12.509923
3066 14.310517
3067 13.701082
3068 15.381632
3069 13.557216
3070 15.321589
3071 14.846986
3072 14.712729
3073 14.243302
3074 13.232936
3075 13.375899
3076 14.289139
3077 14.159297
3078 13.579210
3079 13.893329
3080 13.350533
3081 12.747178
3082 14.247044
3083 13.786567
3084 13.968030
3085 13.572384
3086 13.503556
3087 13.526402
3088 15.369219
3089 15.796364
3090 13.580445
3091 15.050371
3092 13.253964
3093 14.229778
3094 14.254246
3095 14.229554
3096 13.825704
3097 14.072224
3098 13.771257
3099 13.919158
3100 15.114288
3101 13.293874
3102 14.153656
3103 12.882716
3104 12.207466
3105 14.002412
3106 13.989817
3107 15.068768
3108 14.948703
3109 13.922685
3110 13.885156
3111 14.277971
3112 14.545671
3113 14.965815
3114 14.597354
3115 14.544388
3116 14.111072
3117 14.854815
3118 15.026838
3119 16.547190
3120 14.739693
3121 15.161487
3122 14.974219
3123 14.551639
3124 14.657373
3125 13.921909
3126 13.385936
3127 13.751653
3128 13.736735
3129 14.730826
3130 14.883649
3131 14.522902
3132 14.804937
3133 14.384718
3134 15.357607
3135 14.744161
3136 14.581479
3137 14.059513
3138 13.650772
3139 12.796716
3140 12.215932
3141 11.192653
3142 11.811257
3143 12.577938
3144 11.174132
3145 13.435065
3146 13.410409
3147 11.148928
3148 12.086434
3149 11.594920
3150 11.510974
3151 11.668569
3152 13.870633
3153 15.262511
3154 16.219721
3155 14.453416
3156 15.306818
3157 14.501819
3158 16.036030
3159 15.276150
3160 15.306965
3161 14.971783
3162 16.398676
3163 14.510240
3164 16.318619
3165 14.782995
3166 14.793097
3167 16.285526
3168 14.477242
3169 14.689334
3170 14.590214
3171 14.757234
3172 13.547838
3173 14.610703
3174 14.250511
3175 14.928386
3176 14.342953
3177 14.679713
3178 15.181336
3179 15.710147
3180 14.154436
3181 14.432876
3182 14.323231
3183 13.757786
3184 14.525308
3185 14.455828
3186 14.713817
3187 14.531847
3188 13.700784
3189 14.001600
3190 14.241428
3191 14.955473
3192 15.043512
3193 14.381869
3194 13.684961
3195 14.843565
3196 14.533647
3197 14.939536
3198 13.981531
3199 14.030569
3200 14.182840
3201 13.275518
3202 13.850385
3203 14.568676
3204 14.246167
3205 13.961713
3206 13.315220
3207 13.302582
3208 14.446878
3209 14.217585
3210 15.076769
3211 14.780262
3212 15.904652
3213 14.744488
3214 14.176260
3215 13.476144
3216 15.066939
3217 14.620507
3218 13.125305
3219 13.603795
3220 12.934405
3221 12.734361
3222 14.839705
3223 14.404228
3224 13.523528
3225 14.614588
3226 13.898447
3227 14.912045
3228 13.611567
3229 14.739884
3230 14.584208
3231 13.739405
3232 13.731409
3233 14.479477
3234 14.087801
3235 14.573659
3236 13.894256
3237 14.069290
3238 13.599547
3239 13.804885
3240 13.718657
3241 13.633128
3242 13.493364
3243 13.356568
3244 14.548680
3245 13.121399
3246 13.453856
3247 14.360057
3248 13.412176
3249 13.803713
3250 12.237153
3251 12.195242
3252 11.733187
3253 13.196781
3254 12.444579
3255 12.612078
3256 12.637108
3257 12.881027
3258 12.726939
3259 13.689511
3260 14.142808
3261 15.316618
3262 13.981319
3263 14.859900
3264 14.949957
3265 14.891185
3266 12.698907
3267 12.051194
3268 11.033535
3269 14.600084
3270 11.817195
3271 11.650792
3272 12.135470
3273 12.570841
3274 13.471844
3275 13.152652
3276 12.622659
3277 13.518947
3278 14.218179
3279 13.727218
3280 14.289375
3281 13.202891
3282 14.752769
3283 14.725512
3284 14.200562
3285 14.750398
3286 13.313462
3287 13.557446
3288 14.326600
3289 14.198487
3290 14.066527
3291 14.009608
3292 15.194625
3293 14.586491
3294 13.143063
3295 13.820443
3296 14.307597
3297 13.922361
3298 13.383292
3299 15.458626
3300 15.971850
3301 14.037190
3302 13.221266
3303 13.782824
3304 14.351803
3305 12.819684
3306 14.052001
3307 15.212025
3308 14.013349
3309 15.705143
3310 14.551647
3311 14.265419
3312 13.884058
3313 13.637253
3314 13.843855
3315 14.523190
3316 14.602775
3317 14.535827
3318 14.350392
3319 14.866538
3320 14.835179
3321 12.342846
3322 14.662410
3323 14.994246
3324 14.270979
3325 14.877082
3326 14.823733
3327 13.752154
3328 14.521960
3329 15.474689
3330 14.287650
3331 13.695234
3332 13.992912
3333 14.433332
3334 14.090010
3335 14.644025
3336 14.287736
3337 14.150481
3338 14.815396
3339 13.813306
3340 14.503868
3341 15.243100
3342 14.632044
3343 14.123471
3344 14.905139
3345 13.355359
3346 13.845492
3347 14.521165
3348 13.654973
3349 13.204239
3350 13.786924
3351 13.975870
3352 14.297919
3353 15.583591
3354 15.171874
3355 14.154055
3356 14.179149
3357 14.945850
3358 13.054459
3359 14.309624
3360 13.776123
3361 14.922940
3362 13.473517
3363 14.562385
3364 15.388644
3365 14.532887
3366 14.018664
3367 14.680796
3368 13.721401
3369 15.702794
3370 14.268579
3371 15.058722
3372 14.730360
3373 14.395103
3374 13.963787
3375 14.830618
3376 15.307902
3377 14.356236
3378 13.954238
3379 13.515513
3380 14.881490
3381 14.230904
3382 14.033401
3383 12.978314
3384 13.336540
3385 13.289567
3386 14.394395
3387 14.741008
3388 13.380613
3389 14.155968
3390 14.904659
3391 14.776975
3392 14.306294
3393 16.372604
3394 15.874521
3395 13.577595
3396 13.779301
3397 17.064384
3398 14.591936
3399 13.638486
3400 13.946956
3401 13.860689
3402 14.149758
3403 14.306970
3404 13.690134
3405 14.869877
3406 13.784245
3407 13.864661
3408 12.836774
3409 13.875579
3410 15.415580
3411 14.401763
3412 13.776157
3413 15.011336
3414 12.695211
3415 13.794828
3416 15.504273
3417 16.125536
3418 14.039905
3419 14.372610
3420 13.315107
3421 11.392136
3422 11.437329
3423 10.988385
3424 14.370778
3425 13.456312
3426 14.615834
3427 14.422987
3428 14.897243
3429 15.016403
3430 14.270932
3431 13.257932
3432 14.724750
3433 14.517862
3434 13.302218
3435 14.853090
3436 13.998365
3437 13.725957
3438 14.818850
3439 14.710666
3440 14.173437
3441 15.543809
3442 14.615884
3443 14.379739
3444 14.389439
3445 14.771575
3446 14.255961
3447 14.421250
3448 14.819565
3449 15.711293
3450 15.331945
3451 15.086511
3452 15.285240
3453 15.100024
3454 14.656261
3455 14.704632
3456 15.059417
3457 14.275963
3458 14.146753
3459 15.982840
3460 15.247421
3461 14.180060
3462 14.199674
3463 13.796976
3464 13.624786
3465 12.733815
3466 13.198137
3467 12.564555
3468 12.592585
3469 12.920093
3470 12.444108
3471 13.001024
3472 12.822324
3473 13.145120
3474 13.723021
3475 14.149704
3476 14.092783
3477 14.685531
3478 16.039822
3479 12.759423
3480 12.882735
3481 14.853491
3482 14.046168
3483 13.331745
3484 14.494558
3485 16.872463
3486 15.475366
3487 14.734070
3488 16.271942
3489 15.544319
3490 14.184843
3491 15.189148
3492 16.293259
3493 15.864530
3494 15.953053
3495 13.397633
3496 14.347301
3497 15.666202
3498 14.803300
3499 14.545508
3500 15.103415
3501 15.351557
3502 14.446311
3503 13.920704
3504 13.360744
3505 13.397582
3506 14.106381
3507 12.174539
3508 11.899798
3509 11.932329
3510 13.211370
3511 13.037342
3512 14.136218
3513 13.990925
3514 14.226770
3515 13.455856
3516 14.950519
3517 13.428782
3518 14.619967
3519 16.175215
3520 14.885066
3521 15.700420
3522 15.525680
3523 14.820438
3524 16.184431
3525 15.240721
3526 15.037303
3527 14.986673
3528 17.050268
3529 15.619927
3530 15.794272
3531 15.836918
3532 15.341192
3533 15.311338
3534 15.073929
3535 15.889883
3536 14.250358
3537 13.230792
3538 12.683234
3539 12.513139
3540 12.552790
3541 13.281464
3542 15.055642
3543 13.838606
3544 12.538915
3545 13.278257
3546 14.405955
3547 12.670318
3548 14.002266
3549 14.373319
3550 13.812984
3551 13.905194
3552 13.133337
3553 12.272714
3554 13.643955
3555 12.033788
3556 13.490862
3557 13.269944
3558 13.992800
3559 14.674194
3560 13.937968
3561 14.048874
3562 14.161729
3563 13.991528
3564 13.459372
3565 14.577471
3566 14.495146
3567 15.423903
3568 14.884243
3569 14.976649
3570 13.582295
3571 14.564128
3572 15.170506
3573 13.913568
3574 15.336047
3575 14.041553
3576 13.866968
3577 13.958958
3578 14.269109
3579 15.235846
3580 15.665913
3581 13.525040
3582 14.031510
3583 13.946394
3584 12.402596
3585 13.077096
3586 12.934861
3587 13.506267
3588 12.845325
3589 14.427645
3590 13.075087
3591 13.946154
3592 14.578513
3593 14.658499
3594 15.805990
3595 14.567633
3596 15.146852
3597 14.257804
3598 14.187562
3599 14.230977
3600 13.861157
3601 14.988568
3602 13.318239
3603 14.087559
3604 13.246780
3605 14.237006
3606 14.188107
3607 15.122339
3608 14.929424
3609 15.293428
3610 14.121207
3611 13.535941
3612 13.922299
3613 14.229243
3614 14.783544
3615 13.246473
3616 13.800727
3617 13.165060
3618 11.993231
3619 14.118588
3620 13.360794
3621 11.586000
3622 12.693691
3623 14.294365
3624 14.586463
3625 14.882834
3626 13.699843
3627 14.722589
3628 16.129782
3629 13.820292
3630 13.731070
3631 13.941918
3632 16.338326
3633 14.771321
3634 14.578272
3635 14.018969
3636 12.411592
3637 12.135295
3638 13.906735
3639 13.306550
3640 12.656022
3641 13.320158
3642 12.612151
3643 13.409424
3644 12.597248
3645 14.717148
3646 15.639130
3647 14.780653
3648 15.658586
3649 15.085795
3650 17.073162
3651 14.712166
3652 14.621525
3653 17.935215
3654 15.030299
3655 16.324495
3656 15.816186
3657 16.121899
3658 15.314292
3659 16.594410
3660 15.443480
3661 16.139185
3662 14.722046
3663 16.314274
3664 15.732294
3665 16.161354
3666 13.391717
3667 14.873337
3668 14.611730
3669 15.159739
3670 13.832885
3671 14.345318
3672 14.708711
3673 14.177116
3674 14.890979
3675 14.780146
3676 15.984389
3677 16.506561
3678 15.071734
3679 15.831033
3680 15.042744
3681 16.035002
3682 13.281273
3683 12.726130
3684 14.433041
3685 14.911142
3686 16.417843
3687 14.278915
3688 14.656747
3689 15.691590
3690 13.984523
3691 14.245322
3692 14.583722
3693 13.560913
3694 12.258887
3695 12.776765
3696 14.027272
3697 15.228308
3698 14.733359
3699 13.636744
3700 14.008986
3701 14.244552
3702 14.555633
3703 14.223286
3704 14.075066
3705 13.419732
3706 14.779433
3707 15.178637
3708 15.345489
3709 13.801078
3710 14.453317
3711 13.681554
3712 15.392739
3713 14.864260
3714 14.738184
3715 14.321258
3716 13.761314
3717 15.957786
3718 14.397679
3719 14.118246
3720 14.940240
3721 14.495984
3722 14.672976
3723 14.265697
3724 13.168360
3725 13.862103
3726 14.258706
3727 12.518952
3728 12.108212
3729 11.841692
3730 14.159702
3731 12.910241
3732 14.521481
3733 13.938774
3734 14.241224
3735 13.833063
3736 14.238737
3737 15.068797
3738 13.789058
3739 15.916543
3740 15.218329
3741 15.175285
3742 14.830501
3743 15.838737
3744 15.319386
3745 15.984866
3746 14.657644
3747 13.451669
3748 13.767031
3749 15.235189
3750 13.869055
3751 14.406870
3752 15.712203
3753 14.806998
3754 13.392193
3755 15.306567
3756 13.459391
3757 14.555812
3758 14.353691
3759 12.816413
3760 13.557218
3761 14.669690
3762 13.920645
3763 14.780131
3764 13.490149
3765 14.131689
3766 13.652426
3767 13.461254
3768 13.852537
3769 14.684622
3770 15.920905
3771 13.447627
3772 14.499138
3773 13.861643
3774 14.229705
3775 12.638990
3776 14.172587
3777 13.960026
3778 12.955516
3779 14.250881
3780 14.686330
3781 14.106609
3782 13.905667
3783 13.718455
3784 14.415092
3785 13.764392
3786 13.294544
3787 14.289034
3788 15.077787
3789 15.799726
3790 13.171151
3791 13.932715
3792 15.714179
3793 13.546022
3794 13.409092
3795 14.607078
3796 15.310423
3797 15.481248
3798 12.310381
3799 11.122341
3800 12.694266
3801 14.460549
3802 13.114287
3803 14.868156
3804 14.733520
3805 14.339163
3806 14.376822
3807 14.630361
3808 12.807943
3809 12.741480
3810 12.527267
3811 13.453737
3812 13.582591
3813 16.416292
3814 15.827194
3815 13.777030
3816 15.216957
3817 14.859444
3818 15.986315
3819 15.558998
3820 15.306241
3821 14.721037
3822 15.337148
3823 15.559608
3824 14.796087
3825 15.934231
3826 17.172382
3827 16.137609
3828 16.230547
3829 13.377040
3830 15.669891
3831 14.155131
3832 13.803246
3833 13.167987
3834 14.495576
3835 15.066147
3836 14.998254
3837 14.471184
3838 14.201152
3839 15.806059
3840 15.211926
3841 14.598473
3842 15.124491
3843 15.928367
3844 13.150193
3845 12.900790
3846 12.390127
3847 13.807335
3848 13.367136
3849 13.578186
3850 12.802007
3851 12.703650
3852 13.333568
3853 12.852264
3854 13.344013
3855 12.814423
3856 12.619226
3857 13.500899
3858 13.286951
3859 13.995265
3860 12.200337
3861 11.887261
3862 11.645425
3863 11.825953
3864 11.835826
3865 11.220485
3866 11.600848
3867 11.371942
3868 10.710906
3869 9.765504
3870 11.712616
3871 11.738818
3872 12.197306
3873 14.914594
3874 14.403203
3875 14.775527
3876 15.658760
3877 14.478763
3878 14.849296
3879 15.848944
3880 16.060139
3881 14.663471
3882 14.071163
3883 10.710371
3884 11.248922
3885 11.054262
3886 13.139382
3887 12.151648
3888 11.091302
3889 12.690387
3890 11.278028
3891 11.222207
3892 11.805840
3893 10.395598
3894 10.568897
3895 10.767269
3896 10.400394
3897 12.069096
3898 12.584848
3899 12.276362
3900 13.663603
3901 14.228949
3902 12.811321
3903 12.327963
3904 12.133037
3905 13.575809
3906 13.921009
3907 13.989372
3908 13.437456
3909 12.471140
3910 14.474807
3911 13.715994
3912 12.803342
3913 14.373355
3914 14.909605
3915 13.929339
3916 14.425490
3917 14.086967
3918 14.104598
3919 11.870273
3920 11.985518
3921 11.684148
3922 11.714463
3923 12.586123
3924 12.364259
3925 12.402239
3926 14.002801
3927 13.749310
3928 13.399964
3929 12.592294
3930 12.724511
3931 13.732225
3932 13.329109
3933 14.607805
3934 13.409576
3935 14.299744
3936 14.704015
3937 12.143599
3938 11.899295
3939 14.382250
3940 13.444743
3941 13.817308
3942 13.993444
3943 13.321810
3944 12.537505
3945 12.800719
3946 13.258372
3947 12.790538
3948 13.763082
3949 14.221079
3950 12.717734
3951 12.788218
3952 13.117479
3953 14.343488
3954 14.375288
3955 15.097676
3956 15.860183
3957 15.485695
3958 16.377771
3959 15.306515
3960 14.747814
3961 15.281270
3962 15.283641
3963 14.203032
3964 15.360925
3965 14.302966
3966 15.930112
3967 15.701861
3968 16.069567
3969 14.122346
3970 15.279861
3971 14.430964
3972 15.461346
3973 15.061489
3974 14.758294
3975 15.262454
3976 14.687863
3977 13.580142
3978 14.491485
3979 13.093175
3980 15.342467
3981 14.259542
3982 14.406015
3983 16.278217
3984 14.132128
3985 15.945084
3986 13.014444
3987 14.200208
3988 13.029182
3989 12.303343
3990 11.685723
3991 12.382975
3992 12.423880
3993 12.153779
3994 12.715445
3995 13.231691
3996 14.418456
3997 14.899721
3998 14.534556
3999 14.363972
4000 15.006577
4001 14.338406
4002 15.514986
4003 12.325682
4004 13.726106
4005 13.561763
4006 14.267691
4007 14.527016
4008 12.799273
4009 14.987644
4010 13.970798
4011 13.056140
4012 14.178984
4013 14.233384
4014 14.560932
4015 14.263860
4016 14.746325
4017 14.722891
4018 14.476869
4019 14.015426
4020 13.885746
4021 14.687905
4022 13.542350
4023 12.810005
4024 13.633002
4025 13.133738
4026 14.301467
4027 12.823184
4028 14.257157
4029 13.243437
4030 14.678422
4031 14.815473
4032 13.961446
4033 12.948285
4034 14.011998
4035 14.033313
4036 15.163846
4037 14.325520
4038 14.674450
4039 15.596036
4040 14.166724
4041 13.985502
4042 14.488185
4043 14.847201
4044 15.017173
4045 14.318410
4046 14.073555
4047 13.073799
4048 14.003781
4049 14.164293
4050 15.911334
4051 14.461220
4052 13.823614
4053 14.777036
4054 13.828815
4055 14.316805
4056 14.436647
4057 15.518672
4058 15.780093
4059 14.376632
4060 14.794292
4061 13.928988
4062 14.348890
4063 14.718049
4064 16.293627
4065 14.154952
4066 14.363079
4067 14.688760
4068 16.868990
4069 15.635449
4070 14.490856
4071 15.297175
4072 14.710208
4073 14.874650
4074 14.969486
4075 14.284125
4076 14.672729
4077 13.734152
4078 14.348578
4079 14.392256
4080 14.421493
4081 15.336240
4082 14.346365
4083 14.226654
4084 14.929741
4085 14.862411
4086 14.454250
4087 15.358424
4088 13.799956
4089 13.777918
4090 12.894784
4091 14.732291
4092 15.367640
4093 15.373992
4094 14.047974
4095 14.980962
4096 13.171289
4097 15.263041
4098 15.423830
4099 14.881186
4100 16.656321
4101 14.489500
4102 14.460016
4103 16.501667
4104 16.340029
4105 16.171780
4106 15.279114
4107 15.499249
4108 15.935804
4109 16.214193
4110 15.298340
4111 16.253847
4112 16.583727
4113 16.497015
4114 15.554482
4115 14.748331
4116 15.441069
4117 14.735440
4118 14.175008
4119 13.545373
4120 14.683607
4121 14.090810
4122 14.818651
4123 14.067375
4124 15.440094
4125 14.391989
4126 14.183718
4127 13.826735
4128 13.510061
4129 13.273566
4130 13.705732
4131 14.718509
4132 14.558862
4133 14.909331
4134 14.760278
4135 13.113309
4136 13.470403
4137 12.902608
4138 12.642351
4139 13.826718
4140 14.676382
4141 14.578140
4142 13.602818
4143 13.561317
4144 14.966896
4145 14.030958
4146 14.873158
4147 14.485323
4148 13.170041
4149 14.449516
4150 15.299014
4151 14.362516
4152 13.452961
4153 14.304456
4154 14.781140
4155 15.433050
4156 14.032680
4157 15.891773
4158 13.359706
4159 14.419696
4160 14.420548
4161 15.928214
4162 14.151165
4163 14.543371
4164 14.136305
4165 15.563507
4166 14.270212
4167 14.579697
4168 14.059895
4169 14.381219
4170 13.520971
4171 12.684454
4172 13.420076
4173 13.902974
4174 13.777442
4175 14.368109
4176 14.740117
4177 15.522535
4178 13.429245
4179 13.897465
4180 14.287086
4181 13.628216
4182 13.848013
4183 14.136752
4184 13.800837
4185 14.224499
4186 14.087620
4187 13.703629
4188 14.372731
4189 15.237930
4190 13.986021
4191 13.381054
4192 13.057361
4193 12.992023
4194 13.936300
4195 13.051332
4196 15.187910
4197 15.508898
4198 14.927522
4199 12.733789
4200 14.365529
4201 14.558471
4202 14.458904
4203 14.903770
4204 13.959864
4205 13.911873
4206 14.686639
4207 15.135023
4208 14.710729
4209 13.267715
4210 13.636205
4211 14.278853
4212 14.291723
4213 14.143678
4214 14.173204
4215 14.479397
4216 14.167713
4217 14.636604
4218 14.108311
4219 13.636908
4220 14.244229
4221 14.572881
4222 13.914611
4223 12.912311
4224 14.260615
4225 13.491727
4226 13.188480
4227 13.612351
4228 13.544199
4229 13.878506
4230 13.526611
4231 13.639994
4232 13.857760
4233 14.417383
4234 14.216294
4235 13.588761
4236 14.343956
4237 13.744838
4238 12.811842
4239 14.991174
4240 14.322218
4241 14.969867
4242 14.846662
4243 15.153671
4244 15.075584
4245 14.913752
4246 14.903911
4247 14.987473
4248 13.878946
4249 13.879427
4250 13.584659
4251 15.478776
4252 14.723905
4253 13.831273
4254 13.520752
4255 14.620019
4256 14.345636
4257 14.197083
4258 14.132618
4259 14.550743
4260 14.901815
4261 14.593999
4262 14.192660
4263 13.935523
4264 14.244691
4265 14.520975
4266 14.394732
4267 14.143517
4268 14.276840
4269 14.340258
4270 13.793809
4271 14.111626
4272 14.817324
4273 14.913564
4274 14.066836
4275 13.965207
4276 13.126600
4277 15.202397
4278 14.253942
4279 13.883673
4280 14.012316
4281 13.585954
4282 13.494183
4283 14.303293
4284 13.981292
4285 13.773254
4286 14.230211
4287 14.417729
4288 13.971506
4289 13.468901
4290 14.566162
4291 15.302415
4292 14.547809
4293 14.357227
4294 14.536736
4295 16.279167
4296 15.881216
4297 16.037239
4298 14.746404
4299 14.600890
4300 13.398612
4301 15.867638
4302 14.768260
4303 13.662415
4304 13.096893
4305 13.072626
4306 14.574736
4307 14.275538
4308 13.568795
4309 13.517581
4310 13.784785
4311 13.794361
4312 13.168137
4313 13.662188
4314 13.833731
4315 14.060879
4316 15.293300
4317 15.346130
4318 16.792629
4319 16.447603
4320 16.370474
4321 15.650482
4322 14.869170
4323 14.058555
4324 15.998564
4325 15.087580
4326 14.551085
4327 15.913863
4328 14.952760
4329 15.619839
4330 15.448841
4331 15.871181
4332 14.587254
4333 15.866080
4334 16.359991
4335 15.896497
4336 16.387430
4337 15.653154
4338 16.175104
4339 15.844628
4340 15.864717
4341 13.891614
4342 16.449656
4343 15.937850
4344 15.100602
4345 16.173895
4346 16.824846
4347 16.692541
4348 16.086557
4349 17.766523
4350 16.115612
4351 16.826900
4352 13.534659
4353 14.185070
4354 14.112688
4355 15.670401
4356 14.778699
4357 14.235858
4358 15.904367
4359 14.595100
4360 16.028942
4361 13.603500
4362 14.012189
4363 12.989635
4364 14.014957
4365 14.702309
4366 14.001317
4367 14.172601
4368 15.973321
4369 15.102467
4370 15.739451
4371 14.350610
4372 15.131592
4373 15.965974
4374 12.019275
4375 12.966089
4376 12.238933
4377 13.802851
4378 13.685145
4379 14.141873
4380 13.590434
4381 13.962675
4382 13.378814
4383 14.117578
4384 14.773681
4385 14.185152
4386 14.181112
4387 14.290262
4388 14.391598
4389 14.843469
4390 15.416114
4391 14.642895
4392 15.083793
4393 14.382429
4394 14.454802
4395 14.057476
4396 15.125340
4397 14.269464
4398 15.636934
4399 13.794612
4400 13.799605
4401 14.475240
4402 15.817116
4403 14.882663
4404 13.129792
4405 13.151878
4406 13.819554
4407 13.960959
4408 15.355272
4409 16.932728
4410 15.105933
4411 16.239809
4412 15.102820
4413 14.449754
4414 14.765669
4415 14.454588
4416 13.838161
4417 14.919701
4418 14.244950
4419 14.575953
4420 14.180189
4421 12.563448
4422 15.345396
4423 13.390652
4424 14.281147
4425 14.532654
4426 14.085029
4427 14.048360
4428 13.732619
4429 14.300582
4430 14.809602
4431 13.839683
4432 14.915400
4433 14.537332
4434 16.024694
4435 14.731597
4436 14.470166
4437 14.171588
4438 14.881064
4439 14.916224
4440 14.485709
4441 13.597796
4442 13.836658
4443 13.700691
4444 13.640454
4445 12.860000
4446 13.647256
4447 15.110957
4448 14.617655
4449 12.324491
4450 13.953847
4451 14.426130
4452 14.224947
4453 14.387616
4454 14.169740
4455 14.285224
4456 13.962335
4457 15.075690
4458 14.022277
4459 13.029956
4460 13.054256
4461 14.223435
4462 13.130461
4463 13.983771
4464 13.272873
4465 14.357879
4466 14.092846
4467 14.095824
4468 13.440395
4469 13.511731
4470 14.263979
4471 14.617867
4472 14.580395
4473 13.689558
4474 13.806470
4475 15.457155
4476 14.378580
4477 14.241367
4478 15.014770
4479 14.062152
4480 15.635383
4481 16.566891
4482 14.682220
4483 14.608139
4484 14.614723
4485 14.741838
4486 14.141424
4487 15.920719
4488 14.541247
4489 15.345235
4490 14.426883
4491 15.509590
4492 17.351236
4493 16.438833
4494 15.830767
4495 14.384587
4496 15.517765
4497 16.199200
4498 16.551245
4499 14.029710
4500 14.400253
4501 15.205016
4502 15.339125
4503 14.885828
4504 15.337647
4505 15.764846
4506 15.687554
4507 15.727480
4508 15.978401
4509 15.931256
4510 14.727433
4511 14.939864
4512 15.244135
4513 13.766562
4514 15.371247
4515 14.775697
4516 14.162127
4517 15.480615
4518 15.155042
4519 15.017493
4520 15.011533
4521 13.069115
4522 14.587514
4523 13.544515
4524 14.710997
4525 15.600282
4526 15.283887
4527 15.255481
4528 13.586577
4529 14.125378
4530 14.197776
4531 13.940888
4532 14.997504
4533 15.829908
4534 15.490140
4535 14.302032
4536 14.814922
4537 14.623334
4538 15.510242
4539 16.988001
4540 17.031288
4541 16.960340
4542 16.528410
4543 14.672468
4544 14.333824
4545 13.112283
4546 14.311275
4547 13.404270
4548 15.056564
4549 14.957756
4550 14.209960
4551 15.446749
4552 15.704109
4553 15.722196
4554 14.650391
4555 16.180916
4556 13.504175
4557 15.806841
4558 15.830735
4559 16.211535
4560 15.267388
4561 14.929205
4562 16.074450
4563 15.701161
4564 14.760363
4565 15.258233
4566 15.964443
4567 14.533498
4568 15.577882
4569 14.572036
4570 14.251386
4571 15.174756
4572 14.952143
4573 15.100472
4574 14.981773
4575 14.289471
4576 14.368276
4577 14.312778
4578 14.672313
4579 14.184415
4580 15.944441
4581 14.198656
4582 14.774973
4583 15.693298
4584 14.213989
4585 13.911308
4586 14.747151
4587 14.508208
4588 15.213797
4589 14.812226
4590 12.841135
4591 13.648688
4592 14.075604
4593 15.217546
4594 16.064280
4595 16.487362
4596 14.452619
4597 14.760008
4598 15.411375
4599 15.708340
4600 16.200035
4601 13.993880
4602 14.871703
4603 13.798631
4604 13.007824
4605 15.876401
4606 14.525823
4607 13.667653
4608 13.797778
4609 14.254041
4610 14.607190
4611 14.058899
4612 14.889578
4613 14.677139
4614 14.649554
4615 14.482660
4616 14.738762
4617 15.576109
4618 13.868497
4619 15.203091
4620 14.966234
4621 14.215115
4622 14.096337
4623 14.131229
4624 13.124707
4625 13.574768
4626 14.003040
4627 13.251215
4628 14.775174
4629 14.016781
4630 14.639379
4631 14.325594
4632 13.475223
4633 13.990662
4634 13.261518
4635 13.005913
4636 12.839232
4637 13.342219
4638 15.129976
4639 12.910126
4640 13.435946
4641 14.443206
4642 14.590042
4643 13.987468
4644 12.806419
4645 15.198490
4646 15.167673
4647 13.590994
4648 13.912542
4649 13.559981
4650 14.529941
4651 13.481924
4652 14.037554
4653 14.287199
4654 14.305211
4655 13.543668
4656 12.835538
4657 14.402622
4658 14.159764
4659 15.718744
4660 14.017474
4661 14.004502
4662 14.340517
4663 14.627173
4664 13.229296
4665 13.611953
4666 12.533960
4667 12.427446
4668 12.409484
4669 12.443310
4670 12.545032
4671 13.722841
4672 12.899756
4673 12.393174
4674 12.038028
4675 11.682214
4676 12.654959
4677 11.744335
4678 12.052251
4679 11.674940
4680 12.062277
4681 11.766817
4682 12.208126
4683 13.049083
4684 12.770236
4685 14.121569
4686 12.410158
4687 12.808349
4688 13.280958
4689 15.009308
4690 14.027641
4691 13.970364
4692 13.568192
4693 12.118290
4694 11.962423
4695 15.326314
4696 13.590687
4697 14.724776
4698 13.200988
4699 12.976447
4700 13.468710
4701 13.324535
4702 14.673781
4703 15.578262
4704 13.345159
4705 12.973456
4706 13.859457
4707 14.026268
4708 15.002645
4709 14.321802
4710 15.683084
4711 15.198169
4712 13.623717
4713 14.126882
4714 14.592150
4715 14.080684
4716 15.202664
4717 13.307577
4718 12.790037
4719 13.414248
4720 14.877449
4721 14.333616
4722 15.081206
4723 14.624994
4724 15.059690
4725 15.436136
4726 15.042454
4727 14.357492
4728 14.891822
4729 14.593673
4730 14.349772
4731 14.366913
4732 14.848659
4733 13.605068
4734 14.975652
4735 15.007094
4736 15.045110
4737 15.020272
4738 14.779492
4739 14.561655
4740 13.880043
4741 13.533406
4742 14.178973
4743 14.889705
4744 15.302054
4745 16.208498
4746 14.362819
4747 15.634036
4748 15.337231
4749 15.103629
4750 14.322720
4751 14.418839
4752 13.927670
4753 13.368111
4754 13.955695
4755 13.806538
4756 14.159822
4757 13.511693
4758 12.999110
4759 14.080225
4760 13.888974
4761 14.041579
4762 14.298545
4763 14.977157
4764 14.312216
4765 14.568247
4766 16.207561
4767 14.812622
4768 14.749766
4769 13.983212
4770 13.755387
4771 14.473596
4772 14.203595
4773 13.908488
4774 13.960703
4775 15.102954
4776 14.425765
4777 14.870032
4778 15.191618
4779 15.852331
4780 14.745757
4781 14.634023
4782 14.440948
4783 16.107800
4784 14.785281
4785 12.168884
4786 13.631617
4787 13.796565
4788 14.641688
4789 16.054417
4790 14.448839
4791 12.875929
4792 13.919790
4793 13.436233
4794 14.344069
4795 14.812332
4796 15.779931
4797 15.712967
4798 14.672253
4799 14.890103
4800 14.304829
4801 13.914067
4802 14.910223
4803 14.672521
4804 14.269628
4805 14.536450
4806 15.238677
4807 15.130540
4808 15.601171
4809 14.515652
4810 15.979644
4811 16.333822
4812 14.090066
4813 14.737000
4814 15.551991
4815 15.284378
4816 13.976050
4817 15.183997
4818 15.007873
4819 14.601000
4820 14.757122
4821 15.479744
4822 14.149018
4823 15.261826
4824 14.761551
4825 15.474227
4826 13.516519
4827 14.018383
4828 14.261271
4829 16.160864
4830 14.070628
4831 13.804094
4832 14.444572
4833 15.232095
4834 16.792334
4835 15.527302
4836 15.145914
4837 16.262066
4838 14.532016
4839 16.119802
4840 16.061600
4841 16.075991
4842 16.374094
4843 15.154839
4844 16.373835
4845 14.568424
4846 13.951689
4847 16.655903
4848 15.291950
4849 16.858585
4850 15.232755
4851 14.717426
4852 15.784665
4853 15.932400
4854 15.904990
4855 15.776216
4856 14.946135
4857 14.220770
4858 14.774839
4859 15.069446
4860 14.468382
4861 15.423086
4862 13.923806
4863 15.093491
4864 14.174208
4865 14.074434
4866 14.038836
4867 15.178944
4868 14.590709
4869 14.956357
4870 14.394213
4871 14.787806
4872 13.655753
4873 14.123594
4874 14.797652
4875 14.457141
4876 14.290171
4877 14.492299
4878 14.399648
4879 13.983150
4880 14.264493
4881 14.388770
4882 14.509955
4883 15.626145
4884 14.958242
4885 15.308578
4886 15.338713
4887 14.424187
4888 15.687539
4889 13.610131
4890 14.265966
4891 13.951823
4892 12.511683
4893 11.308496
4894 12.725692
4895 14.661247
4896 13.023071
4897 15.789350
4898 15.340471
4899 16.901098
4900 15.462065
4901 15.819245
4902 15.474479
4903 14.733586
4904 14.058912
4905 15.411964
4906 16.162935
4907 15.843423
4908 16.169859
4909 14.435886
4910 14.094918
4911 14.866550
4912 13.918159
4913 15.183421
4914 14.274097
4915 14.032228
4916 14.721375
4917 14.198850
4918 15.313541
4919 14.509285
4920 15.315087
4921 14.691458
4922 13.779387
4923 13.479927
4924 14.466009
4925 15.222513
4926 13.619760
4927 16.400532
4928 15.033259
4929 15.044666
4930 13.703856
4931 14.747082
4932 13.610586
4933 14.915933
4934 13.593103
4935 14.298828
4936 13.244567
4937 14.376621
4938 13.243907
4939 14.958279
4940 14.456147
4941 14.267532
4942 13.303502
4943 14.255091
4944 16.353477
4945 14.218738
4946 14.093633
4947 14.077789
4948 13.687412
4949 13.302130
4950 15.557673
4951 13.445614
4952 13.562867
4953 14.659202
4954 14.614642
4955 14.566596
4956 15.311527
4957 15.852151
4958 15.121325
4959 15.764237
4960 15.126881
4961 15.499330
4962 14.861974
4963 15.422752
4964 14.709213
4965 14.936789
4966 14.708011
4967 15.276216
4968 14.281228
4969 15.203762
4970 14.079437
4971 14.100319
4972 15.152162
4973 14.177532
4974 14.580729
4975 13.816554
4976 15.368935
4977 12.136123
4978 13.862201
4979 12.665277
4980 12.260251
4981 12.813693
4982 13.713130
4983 13.453786
4984 12.140458
4985 12.852487
4986 14.634593
4987 15.480179
4988 13.392124
4989 13.237035
4990 15.289300
4991 14.627337
4992 13.338948
4993 14.581455
4994 13.833780
4995 15.087876
4996 14.691506
4997 14.563307
4998 13.830145
4999 13.647234
5000 14.558178
5001 14.996023

