0 3.097198
1 3.174996
2 3.769741
3 3.177438
4 3.491850
5 3.520514
6 3.576956
7 3.654943
8 3.434735
9 3.452467
10 3.529208
11 3.678842
12 3.716587
13 3.490173
14 3.086052
15 3.341301
16 3.298454
17 3.529335
18 3.170784
19 3.405688
20 3.199141
21 3.699145
22 3.600012
23 3.453257
24 3.479499
25 3.323764
26 3.508574
27 3.204244
28 3.044519
29 3.631825
30 3.321510
31 3.085591
32 3.664929
33 3.533008
34 3.567181
35 3.260317
36 3.252604
37 3.485194
38 3.474782
39 3.617419
40 3.249277
41 3.509498
42 3.223833
43 3.664383
44 3.543076
45 3.417423
46 3.292267
47 3.515085
48 3.334099
49 3.961997
50 3.833715
51 4.980574
52 4.633506
53 5.217289
54 4.330520
55 4.868443
56 3.893404
57 3.462632
58 5.092841
59 8.286733
60 6.843833
61 8.265144
62 8.511622
63 7.558030
64 5.642034
65 5.685949
66 5.550586
67 5.574399
68 5.749630
69 5.756791
70 5.111128
71 4.811413
72 5.913698
73 5.680544
74 5.201336
75 5.729585
76 5.814638
77 5.851250
78 6.011415
79 7.104128
80 9.212647
81 8.349404
82 8.407079
83 8.224265
84 7.834958
85 8.365679
86 8.298035
87 8.235800
88 10.189224
89 11.142614
90 10.026572
91 11.673140
92 10.638610
93 11.419547
94 10.556251
95 11.049747
96 10.660218
97 10.032774
98 11.440296
99 9.535886
100 9.719649
101 5.350872
102 5.823099
103 5.044698
104 5.257019
105 4.986761
106 5.160543
107 3.930802
108 3.821794
109 3.914856
110 5.530549
111 6.269238
112 3.496171
113 3.220269
114 3.091748
115 3.094656
116 3.146743
117 3.334820
118 3.106781
119 8.733049
120 5.378409
121 5.217566
122 5.301139
123 6.784313
124 5.336495
125 5.221169
126 5.151260
127 6.268369
128 9.052987
129 10.476842
130 8.753340
131 7.841128
132 5.349585
133 5.212567
134 6.064150
135 5.847393
136 5.621075
137 6.574380
138 5.915047
139 5.712706
140 5.305479
141 5.702957
142 5.949002
143 6.914521
144 10.451772
145 10.080920
146 8.308486
147 10.478880
148 10.525368
149 9.272080
150 9.506826
151 8.667812
152 9.152772
153 9.405091
154 9.371065
155 8.860863
156 8.815374
157 8.891415
158 9.198487
159 8.467966
160 6.240621
161 5.328462
162 5.036325
163 6.772099
164 8.025342
165 6.974585
166 7.319054
167 6.113276
168 7.119805
169 5.672767
170 8.867214
171 9.365412
172 9.662785
173 7.248417
174 7.572036
175 7.874144
176 7.434493
177 8.526161
178 9.571367
179 8.478168
180 8.990719
181 8.866891
182 7.351525
183 8.968772
184 6.833512
185 6.616541
186 8.875852
187 8.667106
188 9.620442
189 9.232799
190 9.619156
191 9.138586
192 9.157309
193 9.344011
194 9.355526
195 9.145366
196 9.152485
197 8.774041
198 9.003881
199 8.946272
200 8.430647
201 8.988891
202 9.153786
203 10.830258
204 8.843515
205 10.003605
206 9.885445
207 10.032614
208 9.577235
209 9.594197
210 9.457665
211 9.925489
212 10.061307
213 10.927118
214 10.489672
215 9.933822
216 9.369792
217 11.320641
218 9.190628
219 9.820189
220 8.766911
221 9.447173
222 9.005361
223 10.074389
224 8.838427
225 9.715745
226 11.423646
227 9.412727
228 9.786530
229 11.410008
230 11.838561
231 12.330315
232 11.605857
233 11.674351
234 11.939652
235 12.319387
236 11.989096
237 12.898997
238 11.910179
239 12.863291
240 13.557113
241 12.027879
242 13.077235
243 13.345788
244 12.082999
245 10.352176
246 11.978690
247 13.901374
248 13.493890
249 13.154448
250 13.966520
251 12.665499
252 12.352899
253 12.535297
254 11.057638
255 12.486359
256 12.833248
257 12.684361
258 13.346949
259 12.207618
260 12.959309
261 11.563537
262 13.084879
263 12.699059
264 11.168827
265 11.718967
266 10.507073
267 11.238329
268 13.704829
269 13.967783
270 12.549301
271 11.746468
272 11.118552
273 11.754205
274 11.336420
275 13.448597
276 11.625808
277 12.528792
278 12.921723
279 9.286769
280 10.001146
281 11.435256
282 11.780987
283 11.940538
284 13.771977
285 8.923791
286 10.289319
287 9.824242
288 11.974395
289 11.803094
290 12.230601
291 9.064246
292 8.675768
293 9.591270
294 7.896788
295 11.395124
296 12.300040
297 9.281367
298 9.484366
299 9.233214
300 8.854459
301 8.901002
302 5.390222
303 11.411341
304 10.593041
305 8.624206
306 8.866391
307 9.130002
308 8.705897
309 8.647440
310 8.552663
311 8.053707
312 8.613375
313 7.139215
314 7.766276
315 8.978055
316 6.879891
317 5.750808
318 6.016918
319 5.855468
320 4.256686
321 5.636012
322 5.820260
323 5.238492
324 5.209131
325 4.928222
326 4.299067
327 6.275682
328 3.799548
329 5.433058
330 5.687717
331 5.592474
332 5.621706
333 7.558312
334 7.751911
335 7.680655
336 7.576544
337 8.041852
338 7.405761
339 7.959643
340 8.023584
341 9.756248
342 9.111342
343 8.626842
344 7.652506
345 7.348773
346 8.660980
347 10.263150
348 8.699934
349 8.794608
350 8.770007
351 9.453199
352 9.010112
353 7.489307
354 9.162772
355 10.616526
356 8.197408
357 9.098194
358 8.305346
359 9.097243
360 9.305770
361 8.179352
362 7.701136
363 7.246431
364 7.852141
365 6.429002
366 6.132487
367 5.361399
368 5.710271
369 5.200103
370 5.204746
371 5.149215
372 4.543252
373 3.626637
374 3.771734
375 3.333873
376 3.399544
377 3.812153
378 3.785419
379 3.482955
380 3.434733
381 3.360921
382 3.536381
383 3.699270
384 3.597194
385 4.399381
386 5.505222
387 5.516029
388 4.180443
389 4.711609
390 4.807927
391 4.721670
392 5.210937
393 5.609966
394 5.085313
395 5.487856
396 7.358843
397 8.421556
398 8.162502
399 7.979285
400 8.126950
401 8.402224
402 8.846674
403 8.917283
404 8.913658
405 7.219289
406 7.598950
407 9.445816
408 6.826207
409 8.425421
410 7.927098
411 8.221488
412 8.623736
413 7.483541
414 5.407155
415 6.126568
416 4.960735
417 4.985138
418 5.726022
419 5.281713
420 5.571149
421 5.159409
422 4.803949
423 5.277884
424 5.494602
425 5.745450
426 5.062341
427 4.502357
428 4.094694
429 4.501956
430 5.095460
431 5.256421
432 4.060457
433 5.381107
434 5.072150
435 4.014113
436 3.367777
437 5.902314
438 5.734859
439 7.259188
440 7.753844
441 5.547118
442 5.957477
443 4.354931
444 4.989353
445 4.776042
446 5.092166
447 7.192592
448 4.317867
449 5.071898
450 4.683262
451 4.226591
452 4.705592
453 3.726262
454 4.044616
455 4.775362
456 4.818582
457 3.658431
458 3.295815
459 3.531088
460 3.607743
461 3.520270
462 3.478690
463 3.323672
464 3.399999
465 3.636341
466 3.285922
467 3.472993
468 3.970003
469 3.393303
470 3.378915
471 3.453550
472 3.213811
473 2.998950
474 4.682290
475 4.508948
476 3.565749
477 4.586516
478 4.858593
479 3.425564
480 4.955318
481 3.721955
482 5.000943
483 4.602978
484 4.674580
485 5.021046
486 4.741677
487 5.552856
488 4.994189
489 6.030044
490 5.330300
491 5.138257
492 5.138980
493 4.856465
494 3.393831
495 4.950728
496 5.764195
497 9.920570
498 5.576271
499 4.910534
500 5.169024
501 7.458636
502 6.222281
503 5.728076
504 6.944222
505 5.263033
506 5.735117
507 5.389401
508 6.269308
509 4.872567
510 5.300153
511 7.643781
512 7.603874
513 5.639505
514 4.378091
515 4.567418
516 5.103885
517 5.149687
518 4.821880
519 4.927522
520 4.897406
521 4.810177
522 3.685603
523 5.321690
524 3.601083
525 3.150363
526 3.618317
527 3.436582
528 3.230805
529 4.322438
530 3.531399
531 3.493054
532 3.449951
533 3.628582
534 4.518283
535 4.528256
536 4.774706
537 4.523344
538 4.637133
539 4.828682
540 4.903855
541 3.855505
542 4.596968
543 4.973784
544 5.044961
545 4.563379
546 4.999260
547 4.740158
548 4.363150
549 3.885871
550 4.922880
551 5.026659
552 5.255870
553 4.514369
554 4.906996
555 4.765824
556 4.595877
557 4.308424
558 4.827584
559 3.625592
560 4.217581
561 4.611203
562 4.765987
563 4.935768
564 4.952718
565 5.014919
566 3.443533
567 3.273973
568 3.858561
569 4.610630
570 4.433838
571 4.735504
572 4.075022
573 4.158756
574 3.602023
575 4.518463
576 5.127363
577 4.405574
578 3.387347
579 3.544345
580 5.021000
581 4.027037
582 3.419310
583 3.185512
584 3.394364
585 3.639603
586 3.415160
587 3.179281
588 3.619766
589 3.203374
590 3.763577
591 3.407898
592 3.447156
593 3.372061
594 3.399014
595 5.025747
596 3.737886
597 3.645819
598 3.690338
599 3.346294
600 3.374257
601 3.260215
602 4.547641
603 3.538843
604 3.497359
605 3.343802
606 3.464406
607 3.246753
608 3.484343
609 3.552608
610 3.212180
611 3.516422
612 3.486631
613 3.223474
614 3.245828
615 3.166212
616 3.258970
617 3.106843
618 3.432610
619 3.217077
620 3.327279
621 3.246044
622 3.400366
623 3.229758
624 3.443457
625 3.273380
626 3.430229
627 3.236140
628 3.373841
629 3.328913
630 4.158380
631 3.426570
632 3.184337
633 3.863288
634 3.457557
635 3.654943
636 3.283611
637 3.593850
638 3.422405
639 3.626432
640 3.780015
641 3.169729
642 3.435538
643 3.524787
644 3.538162
645 3.555014
646 3.464952
647 3.997575
648 3.492019
649 3.208892
650 3.433742
651 3.392730
652 3.224682
653 3.273451
654 3.065077
655 3.423538
656 3.278367
657 3.709382
658 3.482791
659 3.048692
660 4.171399
661 3.571696
662 3.213252
663 3.211947
664 4.140930
665 4.448575
666 3.740288
667 4.554561
668 3.492407
669 3.581371
670 3.212647
671 3.156675
672 3.450649
673 3.705887
674 3.651231
675 3.996073
676 3.682014
677 4.573412
678 3.421419
679 3.561041
680 3.258429
681 3.156401
682 3.161537
683 3.351846
684 3.420689
685 3.240633
686 3.289151
687 3.588048
688 3.670500
689 3.342264
690 3.126751
691 3.249875
692 3.529487
693 3.318749
694 3.817906
695 3.966382
696 3.531121
697 3.558800
698 3.416448
699 3.198892
700 3.148880
701 3.751918
702 3.553207
703 3.385627
704 3.166149
705 3.110407
706 3.386456
707 3.492805
708 3.423537
709 3.389084
710 3.219614
711 3.295816
712 3.444619
713 3.514176
714 3.344027
715 3.336781
716 3.396895
717 3.736921
718 3.309880
719 3.402193
720 3.088428
721 3.155324
722 3.525141
723 3.466987
724 3.396826
725 3.565667
726 3.451391
727 3.378833
728 3.463074
729 3.663472
730 3.331106
731 3.252830
732 3.125815
733 3.176817
734 3.493796
735 3.570839
736 3.286260
737 3.891630
738 3.553520
739 3.328321
740 3.479510
741 3.220507
742 3.345054
743 3.685987
744 3.211407
745 3.570658
746 3.542032
747 3.403721
748 3.984193
749 3.264264
750 3.269218
751 3.243715
752 3.278729
753 3.246613
754 3.527679
755 3.654286
756 3.420718
757 3.244891
758 3.303207
759 3.187021
760 3.578186
761 3.341224
762 3.255857
763 3.250242
764 3.426649
765 3.297047
766 3.801330
767 3.197385
768 3.209188
769 3.353966
770 3.394192
771 3.190940
772 3.388966
773 3.197406
774 3.224279
775 3.297089
776 3.960747
777 3.337813
778 3.541612
779 3.347565
780 3.414212
781 3.467844
782 3.175214
783 3.167474
784 3.411175
785 3.138532
786 3.216922
787 3.409590
788 3.219363
789 3.350734
790 3.524289
791 3.257143
792 3.340795
793 3.599232
794 3.245197
795 3.123730
796 3.475533
797 3.228005
798 3.370371
799 3.264146
800 3.153383
801 3.324733
802 3.205964
803 3.308324
804 3.595609
805 3.505448
806 3.403502
807 3.409020
808 3.352087
809 3.276260
810 3.219658
811 3.464694
812 3.262219
813 3.191651
814 3.097248
815 3.303365
816 3.222344
817 3.237621
818 3.212164
819 3.813512
820 3.905943
821 3.151959
822 3.084334
823 3.194786
824 3.337604
825 3.257944
826 3.231247
827 3.555556
828 3.480894
829 3.439727
830 3.438751
831 3.278557
832 3.281663
833 3.209703
834 3.514055
835 3.406225
836 3.506078
837 3.502373
838 3.456023
839 3.809160
840 3.314830
841 3.176980
842 3.643365
843 3.291977
844 3.374552
845 3.211242
846 3.404779
847 3.442616
848 3.382732
849 3.575362
850 3.227854
851 3.163051
852 3.410365
853 3.304982
854 3.370698
855 3.291341
856 3.283995
857 3.477958
858 3.130399
859 3.335434
860 3.326788
861 3.296365
862 3.311604
863 3.159083
864 3.559705
865 3.364656
866 3.386358
867 3.462178
868 3.319128
869 3.159571
870 3.533722
871 3.375398
872 3.167984
873 3.314419
874 3.268100
875 3.376168
876 3.129615
877 3.249385
878 3.372436
879 3.217850
880 3.318627
881 3.352868
882 3.461693
883 3.251230
884 3.373793
885 3.071986
886 3.127696
887 3.031040
888 3.153967
889 3.149493
890 3.370256
891 3.173811
892 3.130427
893 3.200346
894 3.427078
895 3.274357
896 3.498998
897 3.106045
898 3.272388
899 3.291493
900 3.088254
901 3.638863
902 3.271104
903 3.169005
904 3.161868
905 3.522869
906 3.363299
907 3.373385
908 3.335417
909 3.299259
910 3.298018
911 3.264080
912 3.247325
913 3.552763
914 3.342904
915 3.120846
916 3.208322
917 3.091441
918 3.012060
919 3.476621
920 3.444680
921 3.689365
922 3.394865
923 3.586221
924 3.801170
925 3.773737
926 3.142707
927 3.619065
928 3.431679
929 3.445112
930 3.774243
931 3.166232
932 3.445724
933 3.394716
934 3.272342
935 3.171826
936 3.314517
937 3.342661
938 5.546750
939 4.601287
940 4.946495
941 4.724677
942 4.703487
943 4.612092
944 3.810071
945 4.644362
946 4.400288
947 5.389735
948 5.305485
949 4.202418
950 4.890096
951 4.791074
952 3.424997
953 3.507890
954 3.748666
955 3.731743
956 3.781918
957 3.363184
958 3.297049
959 3.449479
960 3.482509
961 3.436798
962 3.220081
963 3.259111
964 3.202313
965 3.220031
966 3.303534
967 3.399893
968 3.538409
969 3.193262
970 3.324529
971 3.568036
972 3.302137
973 3.750991
974 3.271485
975 3.300380
976 3.219523
977 3.314481
978 3.354247
979 3.324665
980 3.430485
981 3.460187
982 3.416853
983 3.359735
984 3.179827
985 3.238350
986 3.301911
987 3.351017
988 3.539693
989 3.319909
990 3.234859
991 3.456271
992 3.285013
993 3.210265
994 3.748987
995 3.206867
996 3.671850
997 3.292753
998 3.459970
999 3.264381
1000 3.362163
1001 3.511182
1002 3.533010
1003 3.421607
1004 3.748341
1005 3.280699
1006 3.388952
1007 3.410144
1008 3.456308
1009 3.088724
1010 3.177563
1011 3.211928
1012 3.054257
1013 3.306451
1014 3.195560
1015 3.185141
1016 3.417717
1017 3.361357
1018 3.345848
1019 3.374505
1020 3.460363
1021 3.477427
1022 3.249937
1023 3.524339
1024 3.317272
1025 3.642694
1026 3.369076
1027 3.204886
1028 3.425403
1029 3.188375
1030 3.424751
1031 3.179278
1032 3.789144
1033 3.230156
1034 3.472523
1035 3.336594
1036 3.316174
1037 3.575442
1038 3.279632
1039 3.536141
1040 3.423351
1041 3.634237
1042 3.268087
1043 3.393596
1044 3.245137
1045 3.190643
1046 3.405334
1047 3.800037
1048 3.367432
1049 3.464709
1050 3.759854
1051 3.479400
1052 3.072474
1053 3.338934
1054 3.253441
1055 3.464983
1056 3.340553
1057 3.075469
1058 3.496753
1059 3.604747
1060 3.727170
1061 3.657912
1062 3.439798
1063 3.472938
1064 3.279465
1065 3.780871
1066 3.644464
1067 3.553434
1068 3.277529
1069 3.485760
1070 3.403881
1071 3.207786
1072 3.377942
1073 3.299591
1074 3.248583
1075 3.457717
1076 3.299666
1077 3.319666
1078 3.314540
1079 3.847530
1080 3.436639
1081 3.289027
1082 3.375555
1083 3.084886
1084 3.157751
1085 3.251233
1086 3.356109
1087 3.131803
1088 3.259105
1089 3.640724
1090 3.286170
1091 3.200155
1092 3.250863
1093 3.479551
1094 3.382983
1095 3.262421
1096 3.542830
1097 3.342710
1098 3.606824
1099 3.113743
1100 3.358880
1101 3.307975
1102 3.594385
1103 3.140476
1104 3.287319
1105 3.670073
1106 3.330009
1107 3.738716
1108 3.472383
1109 3.288558
1110 3.459059
1111 3.406084
1112 3.064077
1113 3.371614
1114 3.339142
1115 3.750946
1116 3.416781
1117 3.510418
1118 3.551762
1119 3.181221
1120 3.383134
1121 3.356502
1122 3.496770
1123 3.435301
1124 3.300692
1125 3.481842
1126 3.325013
1127 3.312117
1128 3.392012
1129 3.260518
1130 3.437092
1131 3.517619
1132 3.296846
1133 3.090177
1134 3.214419
1135 3.416987
1136 3.344275
1137 3.426380
1138 3.509273
1139 3.700337
1140 3.746693
1141 3.656711
1142 3.576172
1143 3.084248
1144 3.611814
1145 3.609830
1146 3.439854
1147 3.317307
1148 3.108602
1149 3.226908
1150 3.454424
1151 4.243330
1152 3.621687
1153 3.367804
1154 3.716036
1155 4.142826
1156 3.549476
1157 3.228034
1158 3.424192
1159 3.443500
1160 3.132379
1161 3.305828
1162 3.646341
1163 3.160838
1164 3.438849
1165 3.527675
1166 3.277036
1167 3.259001
1168 3.778847
1169 3.267901
1170 3.277411
1171 3.243361
1172 3.264871
1173 3.326109
1174 3.539278
1175 3.508817
1176 3.187573
1177 3.251246
1178 3.601084
1179 3.369245
1180 3.646292
1181 3.338992
1182 3.453752
1183 3.539621
1184 3.331951
1185 6.134967
1186 7.576767
1187 6.335340
1188 5.662024
1189 5.948861
1190 5.466113
1191 5.922819
1192 5.837680
1193 5.657546
1194 5.079103
1195 6.002759
1196 6.213901
1197 5.742408
1198 4.310094
1199 4.845703
1200 7.579725
1201 8.777140
1202 7.229660
1203 7.194011
1204 5.447667
1205 3.503553
1206 3.725387
1207 3.373131
1208 3.603457
1209 3.355922
1210 3.693793
1211 3.227674
1212 3.427857
1213 3.248214
1214 3.415566
1215 3.364537
1216 3.537077
1217 3.323776
1218 3.535552
1219 3.663812
1220 3.198344
1221 3.212145
1222 3.402614
1223 3.285321
1224 3.482152
1225 3.181118
1226 3.447560
1227 5.306127
1228 3.487145
1229 3.593409
1230 4.157657
1231 4.653664
1232 3.403851
1233 3.627644
1234 3.627744
1235 5.728881
1236 3.207367
1237 3.778959
1238 3.244020
1239 3.830332
1240 3.478693
1241 3.393127
1242 3.293342
1243 3.337497
1244 3.217483
1245 3.242989
1246 3.226433
1247 3.475211
1248 3.410115
1249 3.249302
1250 3.328319
1251 3.198764
1252 3.211245
1253 3.168929
1254 3.352343
1255 3.199893
1256 3.051084
1257 3.243469
1258 3.545319
1259 3.543940
1260 3.351131
1261 3.354160
1262 3.742257
1263 3.303694
1264 3.366023
1265 3.624954
1266 3.378905
1267 3.323176
1268 3.568638
1269 3.480073
1270 3.429889
1271 3.287947
1272 3.349394
1273 3.408429
1274 3.361861
1275 3.580852
1276 3.690757
1277 3.632405
1278 3.820012
1279 3.648617
1280 3.550024
1281 3.283444
1282 3.428963
1283 3.287642
1284 3.611867
1285 3.387759
1286 3.230010
1287 3.297468
1288 3.222716
1289 3.055912
1290 3.533245
1291 3.559033
1292 3.286748
1293 3.142575
1294 3.580869
1295 3.710268
1296 3.676272
1297 3.163382
1298 3.218279
1299 3.254008
1300 3.547165
1301 3.267570
1302 3.135110
1303 3.165055
1304 3.079563
1305 3.112607
1306 3.189182
1307 3.287998
1308 3.496598
1309 3.469221
1310 3.368118
1311 3.587466
1312 3.345595
1313 3.352257
1314 3.194297
1315 3.495298
1316 3.201049
1317 3.210251
1318 3.372144
1319 3.755252
1320 3.285087
1321 3.370416
1322 3.170021
1323 3.644750
1324 3.238332
1325 3.290602
1326 3.401004
1327 3.531588
1328 3.419433
1329 3.133512
1330 3.409456
1331 3.142390
1332 3.014514
1333 3.394732
1334 3.356220
1335 3.334141
1336 3.181728
1337 3.516520
1338 3.366499
1339 3.362708
1340 3.460070
1341 3.089271
1342 3.387241
1343 3.293263
1344 3.188784
1345 3.197969
1346 3.432328
1347 3.616699
1348 3.330467
1349 3.388494
1350 3.219475
1351 3.464805
1352 3.327976
1353 3.883272
1354 4.146965
1355 3.616477
1356 3.606594
1357 3.660984
1358 3.378885
1359 3.297103
1360 3.505541
1361 3.423140
1362 3.568051
1363 3.526330
1364 3.507225
1365 3.299670
1366 3.777648
1367 3.334401
1368 3.613349
1369 3.293400
1370 3.142752
1371 3.263146
1372 3.399222
1373 3.770000
1374 3.325190
1375 3.279419
1376 3.294560
1377 3.444241
1378 4.266222
1379 4.407368
1380 3.718789
1381 3.823716
1382 3.815668
1383 3.365620
1384 3.074687
1385 3.235587
1386 3.101245
1387 3.226297
1388 3.315447
1389 3.427682
1390 3.315949
1391 4.156006
1392 3.789778
1393 3.648699
1394 3.249198
1395 3.486730
1396 3.463715
1397 3.401720
1398 3.453517
1399 3.407783
1400 3.044687
1401 3.587462
1402 3.579470
1403 3.255598
1404 3.415771
1405 3.221965
1406 3.289315
1407 3.404557
1408 3.454286
1409 3.153193
1410 3.637585
1411 3.560908
1412 3.109568
1413 3.435248
1414 3.524063
1415 3.240593
1416 3.415041
1417 3.407066
1418 3.153823
1419 3.251953
1420 3.426555
1421 3.342409
1422 3.238053
1423 4.638168
1424 3.412097
1425 3.368718
1426 3.238417
1427 3.245714
1428 3.285806
1429 3.285923
1430 3.278869
1431 3.488808
1432 3.482586
1433 3.646437
1434 3.421126
1435 3.228143
1436 3.502316
1437 3.192207
1438 3.371813
1439 3.438530
1440 3.150698
1441 3.314275
1442 3.147078
1443 3.312809
1444 3.559442
1445 3.733121
1446 3.641577
1447 3.181338
1448 3.427568
1449 3.242526
1450 3.334230
1451 3.365824
1452 3.244519
1453 3.316109
1454 3.256211
1455 3.287868
1456 3.261181
1457 3.407372
1458 3.280335
1459 3.214670
1460 3.407946
1461 3.242927
1462 3.360448
1463 3.509133
1464 3.301809
1465 3.704352
1466 3.331218
1467 3.096969
1468 3.207193
1469 3.183031
1470 3.436052
1471 3.203216
1472 3.945669
1473 3.667004
1474 3.243900
1475 3.283827
1476 3.276427
1477 3.321525
1478 3.433858
1479 3.237427
1480 3.381392
1481 3.242854
1482 3.168975
1483 3.196316
1484 3.445302
1485 3.117961
1486 3.479810
1487 3.428848
1488 3.664340
1489 3.487491
1490 3.419371
1491 3.275360
1492 3.233820
1493 3.286948
1494 4.232894
1495 3.350554
1496 3.424661
1497 3.507291
1498 3.221138
1499 3.299061
1500 3.802967
1501 3.184668
1502 3.518518
1503 3.194335
1504 3.233604
1505 3.211761
1506 3.246624
1507 3.548899
1508 3.251847
1509 4.293286
1510 3.180411
1511 3.570209
1512 3.364951
1513 3.326646
1514 3.555552
1515 3.141134
1516 4.047051
1517 3.630380
1518 3.350241
1519 4.086819
1520 3.727587
1521 3.403206
1522 3.877993
1523 3.863818
1524 4.999129
1525 3.655925
1526 3.575036
1527 3.287721
1528 3.486574
1529 3.545053
1530 3.596292
1531 3.217002
1532 3.744356
1533 3.601359
1534 3.383416
1535 3.423493
1536 3.570035
1537 3.295053
1538 3.347151
1539 3.420895
1540 3.741938
1541 3.280380
1542 3.177832
1543 3.413225
1544 4.162224
1545 4.604324
1546 4.214179
1547 3.873886
1548 3.633085
1549 4.194305
1550 4.044229
1551 3.631103
1552 4.152181
1553 4.532252
1554 3.627422
1555 5.267955
1556 4.675855
1557 3.426062
1558 3.710810
1559 3.400913
1560 3.614427
1561 3.138310
1562 3.398620
1563 3.482558
1564 3.547120
1565 3.354953
1566 3.343852
1567 3.451273
1568 3.260704
1569 3.167616
1570 3.602855
1571 3.341276
1572 3.496418
1573 3.285615
1574 3.567608
1575 3.529670
1576 3.222197
1577 3.485471
1578 3.358069
1579 3.481421
1580 3.378891
1581 3.286156
1582 3.270417
1583 3.734771
1584 3.326681
1585 3.324728
1586 3.695752
1587 3.472234
1588 3.561435
1589 3.366744
1590 3.254318
1591 3.427393
1592 3.253631
1593 3.373916
1594 3.347984
1595 3.349657
1596 3.279712
1597 3.174413
1598 3.290178
1599 3.671159
1600 3.366154
1601 3.182283
1602 3.369986
1603 3.059840
1604 3.381572
1605 3.450699
1606 3.821073
1607 3.529673
1608 3.327758
1609 3.816099
1610 3.560154
1611 3.287188
1612 3.344610
1613 3.195374
1614 3.420727
1615 3.849679
1616 3.413003
1617 3.143308
1618 3.495041
1619 4.638967
1620 3.026964
1621 3.183532
1622 3.527975
1623 3.555503
1624 3.046617
1625 3.438225
1626 3.202187
1627 3.537191
1628 3.603593
1629 3.434021
1630 3.176868
1631 3.345744
1632 3.149312
1633 3.959719
1634 3.396546
1635 3.170963
1636 3.287828
1637 3.404145
1638 3.760010
1639 3.905097
1640 3.346788
1641 3.587668
1642 3.084407
1643 3.232165
1644 3.250662
1645 3.214052
1646 3.361621
1647 3.288554
1648 3.238317
1649 3.472765
1650 3.240953
1651 3.169935
1652 3.348760
1653 3.427154
1654 3.539561
1655 3.371723
1656 3.319529
1657 3.246691
1658 3.508620
1659 3.426273
1660 3.072101
1661 3.408519
1662 3.195704
1663 3.365443
1664 3.499501
1665 3.146240
1666 3.350792
1667 3.442857
1668 3.008087
1669 3.482711
1670 3.298087
1671 3.490526
1672 3.525239
1673 3.385002
1674 3.327834
1675 3.508761
1676 3.599489
1677 3.229880
1678 3.314969
1679 3.220635
1680 3.685252
1681 3.120638
1682 3.389126
1683 3.318751
1684 3.221973
1685 3.436990
1686 3.541043
1687 3.438647
1688 3.245443
1689 3.355609
1690 3.302679
1691 3.269402
1692 3.354100
1693 3.296453
1694 3.775518
1695 3.597085
1696 3.383978
1697 3.219779
1698 3.336376
1699 3.239969
1700 3.115988
1701 3.430033
1702 3.458019
1703 3.201347
1704 3.278732
1705 3.114948
1706 3.437822
1707 3.461485
1708 3.174866
1709 3.421048
1710 3.532834
1711 3.395081
1712 3.215554
1713 3.403309
1714 3.320619
1715 3.150173
1716 3.057811
1717 4.089206
1718 3.623120
1719 3.459623
1720 3.694997
1721 3.453376
1722 3.459553
1723 3.553843
1724 3.614156
1725 3.439738
1726 3.469109
1727 3.958353
1728 3.677512
1729 3.317528
1730 3.569164
1731 3.606811
1732 3.293192
1733 3.653083
1734 3.587879
1735 3.211992
1736 3.188145
1737 3.379282
1738 3.114516
1739 3.561362
1740 3.650340
1741 5.013433
1742 3.246856
1743 3.966839
1744 3.703051
1745 4.510970
1746 5.055867
1747 5.536437
1748 5.113795
1749 4.979247
1750 5.492152
1751 4.458935
1752 5.372865
1753 4.849195
1754 4.497698
1755 3.574433
1756 3.733323
1757 6.138969
1758 5.454584
1759 5.328285
1760 5.214447
1761 4.926970
1762 3.360268
1763 3.250398
1764 3.226727
1765 3.304711
1766 3.764412
1767 4.113815
1768 4.473313
1769 3.247859
1770 3.595577
1771 3.534472
1772 3.624401
1773 4.278544
1774 4.253808
1775 3.530355
1776 3.370948
1777 3.350043
1778 4.335967
1779 4.046654
1780 3.593676
1781 3.263783
1782 3.257009
1783 3.372147
1784 3.240220
1785 3.473011
1786 3.440067
1787 3.423574
1788 3.780540
1789 3.411246
1790 3.473644
1791 3.317318
1792 3.584257
1793 3.109085
1794 3.460263
1795 3.433028
1796 3.331878
1797 3.403187
1798 3.290608
1799 3.781893
1800 3.132185
1801 3.399792
1802 3.372919
1803 3.592099
1804 3.249461
1805 3.350792
1806 3.259526
1807 3.282878
1808 3.449681
1809 3.257994
1810 3.285333
1811 3.517967
1812 3.228158
1813 3.354251
1814 3.301440
1815 3.551916
1816 3.168375
1817 3.384315
1818 3.596192
1819 3.479457
1820 3.350713
1821 3.505495
1822 3.255107
1823 3.299347
1824 3.419063
1825 3.380766
1826 3.296799
1827 3.265040
1828 3.130116
1829 3.346281
1830 3.485067
1831 3.343487
1832 3.669194
1833 3.177342
1834 3.179135
1835 3.292450
1836 3.363111
1837 3.117962
1838 3.307279
1839 3.228791
1840 3.546351
1841 3.270305
1842 3.580702
1843 3.301246
1844 3.380504
1845 3.342308
1846 3.374384
1847 3.159211
1848 3.570221
1849 3.497173
1850 4.264929
1851 4.704781
1852 3.648247
1853 3.744863
1854 3.505488
1855 3.503483
1856 3.304590
1857 3.600362
1858 3.261132
1859 3.352218
1860 3.305642
1861 3.307342
1862 3.362945
1863 3.207522
1864 3.301681
1865 3.476058
1866 3.161639
1867 3.138077
1868 3.240213
1869 3.139954
1870 3.399304
1871 3.268044
1872 3.151668
1873 3.166794
1874 3.379185
1875 3.274768
1876 3.720151
1877 3.223881
1878 3.322769
1879 3.358722
1880 3.117079
1881 3.157045
1882 3.234288
1883 3.346849
1884 3.197451
1885 3.500084
1886 3.295665
1887 3.409549
1888 3.296317
1889 3.374684
1890 3.295887
1891 3.284966
1892 3.350433
1893 3.374686
1894 3.493793
1895 3.303408
1896 3.257435
1897 3.281856
1898 3.692585
1899 3.288539
1900 3.385427
1901 3.116568
1902 3.204807
1903 3.487205
1904 3.181067
1905 3.475256
1906 3.237856
1907 3.415994
1908 3.251897
1909 3.142642
1910 3.196651
1911 3.319920
1912 3.363897
1913 3.374548
1914 3.450421
1915 3.238473
1916 3.486129
1917 3.569499
1918 3.299242
1919 3.528140
1920 3.299756
1921 3.370885
1922 3.432360
1923 3.305596
1924 3.286855
1925 3.356278
1926 3.352746
1927 3.550733
1928 3.309274
1929 3.570166
1930 3.474779
1931 3.297318
1932 3.354313
1933 3.191271
1934 3.598693
1935 3.347025
1936 3.371975
1937 3.076527
1938 3.137528
1939 3.277515
1940 3.160049
1941 3.467983
1942 3.179563
1943 3.070997
1944 3.174102
1945 3.310222
1946 3.547253
1947 3.242997
1948 3.217020
1949 3.509612
1950 3.127123
1951 3.293525
1952 3.588733
1953 3.192036
1954 3.351309
1955 3.056155
1956 3.079386
1957 3.277118
1958 3.116825
1959 3.125668
1960 3.170964
1961 3.091327
1962 3.229707
1963 3.232753
1964 3.452722
1965 3.240448
1966 3.499088
1967 3.156295
1968 3.381029
1969 3.279648
1970 3.366155
1971 3.270323
1972 3.197468
1973 3.302562
1974 3.204542
1975 3.323431
1976 3.156740
1977 3.090891
1978 3.312958
1979 3.202636
1980 3.111478
1981 3.162357
1982 3.198063
1983 3.063916
1984 3.336302
1985 3.150129
1986 3.360564
1987 3.251629
1988 3.302028
1989 3.144594
1990 3.228263
1991 3.505839
1992 3.183650
1993 3.141356
1994 3.603289
1995 3.122720
1996 3.204951
1997 3.505881
1998 3.190858
1999 3.275581
2000 3.290427
2001 3.411687
2002 3.266514
2003 3.416796
2004 3.241740
2005 3.369530
2006 3.244092
2007 3.142639
2008 3.330546
2009 3.409344
2010 3.518451
2011 3.177369
2012 3.372154
2013 3.272203
2014 3.181710
2015 3.344604
2016 3.281861
2017 3.181223
2018 3.301635
2019 3.223509
2020 3.311960
2021 3.306525
2022 3.416226
2023 3.339792
2024 3.474397
2025 3.253012
2026 3.146332
2027 3.135699
2028 3.560685
2029 3.290608
2030 3.525972
2031 3.564450
2032 3.395025
2033 3.342727
2034 3.430145
2035 3.626431
2036 3.629174
2037 3.323415
2038 3.423830
2039 3.247910
2040 3.266836
2041 3.487967
2042 3.451174
2043 3.160033
2044 3.432242
2045 3.217916
2046 3.660962
2047 3.635189
2048 3.263814
2049 3.308791
2050 3.377648
2051 3.215725
2052 3.292979
2053 3.634147
2054 3.250799
2055 3.252087
2056 3.521945
2057 3.367281
2058 3.216271
2059 3.511539
2060 3.279648
2061 3.609333
2062 3.230989
2063 3.383138
2064 3.238846
2065 3.347374
2066 3.361638
2067 3.356024
2068 3.220344
2069 3.151525
2070 3.460898
2071 3.200873
2072 3.113502
2073 3.375830
2074 3.066083
2075 3.105170
2076 3.279207
2077 3.265296
2078 3.006748
2079 3.218666
2080 3.243546
2081 3.340510
2082 3.243834
2083 3.332540
2084 3.300563
2085 3.069720
2086 3.138994
2087 3.109306
2088 3.191208
2089 3.112943
2090 3.287643
2091 3.329939
2092 3.248323
2093 3.312401
2094 3.445156
2095 3.123364
2096 3.164269
2097 3.205093
2098 3.545714
2099 3.027917
2100 3.116374
2101 3.169381
2102 3.334594
2103 3.849689
2104 3.317657
2105 3.735692
2106 3.376518
2107 3.232998
2108 3.593245
2109 3.292264
2110 3.143276
2111 3.247295
2112 3.486273
2113 3.483676
2114 3.161045
2115 3.109484
2116 3.129702
2117 3.054193
2118 3.200656
2119 3.351197
2120 3.518423
2121 3.309097
2122 3.410193
2123 3.552309
2124 3.109002
2125 3.537255
2126 3.174179
2127 3.556150
2128 3.419435
2129 3.508958
2130 3.140877
2131 3.158319
2132 3.249909
2133 3.568392
2134 3.194514
2135 3.422778
2136 3.370893
2137 3.610170
2138 3.157688
2139 3.178818
2140 3.121925
2141 3.119131
2142 3.264199
2143 3.356337
2144 3.427580
2145 3.289528
2146 3.471370
2147 4.372307
2148 3.463780
2149 3.153312
2150 3.456484
2151 3.788960
2152 3.269574
2153 3.589804
2154 3.574647
2155 3.366748
2156 3.191067
2157 3.330220
2158 3.059150
2159 3.257927
2160 3.546604
2161 3.248786
2162 3.154725
2163 3.363495
2164 3.632478
2165 4.039119
2166 3.310639
2167 3.810265
2168 4.152554
2169 4.475323
2170 3.337260
2171 3.796377
2172 3.355978
2173 3.651932
2174 3.752465
2175 3.997425
2176 4.159578
2177 3.592968
2178 4.400557
2179 4.358363
2180 3.453258
2181 3.121761
2182 3.007144
2183 3.094317
2184 3.597239
2185 3.159271
2186 3.768145
2187 3.387199
2188 3.490363
2189 3.798648
2190 3.390704
2191 3.138041
2192 3.212679
2193 3.442109
2194 3.755424
2195 3.703701
2196 4.059576
2197 3.601911
2198 3.860754
2199 3.468501
2200 3.806430
2201 5.825960
2202 5.642798
2203 6.295307
2204 5.631144
2205 6.087245
2206 5.870781
2207 6.107141
2208 7.068144
2209 5.898179
2210 6.608546
2211 3.777848
2212 5.897264
2213 6.169413
2214 5.595831
2215 6.895779
2216 6.362494
2217 6.019381
2218 6.517868
2219 5.319120
2220 5.643316
2221 5.965313
2222 6.676770
2223 6.274375
2224 6.144289
2225 5.941834
2226 5.497813
2227 6.196731
2228 5.105395
2229 3.459627
2230 3.464769
2231 3.339250
2232 3.380695
2233 3.084447
2234 3.364135
2235 3.325310
2236 3.425599
2237 3.296419
2238 3.050737
2239 3.527975
2240 4.239131
2241 4.047968
2242 3.449362
2243 3.284538
2244 3.237205
2245 3.567227
2246 3.330619
2247 3.577275
2248 3.375455
2249 3.204327
2250 3.254354
2251 3.499387
2252 3.544179
2253 4.113267
2254 3.579804
2255 3.321355
2256 3.009398
2257 3.099859
2258 3.475084
2259 3.353447
2260 3.225975
2261 3.136031
2262 3.397384
2263 3.257807
2264 3.457124
2265 3.212379
2266 3.004880
2267 3.464475
2268 3.248265
2269 3.500257
2270 3.283257
2271 3.391755
2272 3.395896
2273 3.144407
2274 3.174869
2275 3.421710
2276 3.177329
2277 3.199841
2278 3.346597
2279 3.288696
2280 3.283186
2281 3.789681
2282 3.224877
2283 3.525735
2284 3.270998
2285 3.425318
2286 3.416215
2287 3.444736
2288 3.645559
2289 3.367936
2290 3.653174
2291 3.591114
2292 3.450493
2293 3.439098
2294 3.333836
2295 3.431573
2296 3.552885
2297 3.407008
2298 3.355449
2299 3.415420
2300 3.658814
2301 3.365609
2302 3.389011
2303 3.272736
2304 3.382500
2305 3.188326
2306 3.623177
2307 3.405145
2308 3.474177
2309 3.520309
2310 3.451218
2311 3.452336
2312 3.457284
2313 3.358956
2314 3.465518
2315 3.500971
2316 3.693969
2317 3.193542
2318 3.236146
2319 3.426560
2320 3.453986
2321 3.328954
2322 3.331501
2323 3.322741
2324 3.183254
2325 3.556006
2326 3.372967
2327 3.286167
2328 3.393729
2329 3.361875
2330 3.141545
2331 3.272216
2332 3.573529
2333 3.323277
2334 3.410380
2335 3.145045
2336 3.236579
2337 3.415525
2338 3.285652
2339 3.321051
2340 3.353697
2341 3.705281
2342 3.258005
2343 3.334737
2344 3.264030
2345 3.225970
2346 3.510965
2347 3.382082
2348 3.223924
2349 3.604234
2350 3.348850
2351 3.157881
2352 3.534866
2353 3.816098
2354 3.598274
2355 3.474767
2356 3.278811
2357 3.430150
2358 3.249433
2359 3.312327
2360 3.221474
2361 3.377689
2362 3.403010
2363 3.399180
2364 3.077436
2365 3.387110
2366 3.279114
2367 3.268285
2368 3.423538
2369 3.517474
2370 3.546225
2371 3.050398
2372 3.559861
2373 3.692746
2374 3.575139
2375 4.042645
2376 3.506865
2377 3.590668
2378 3.261994
2379 3.376284
2380 3.386284
2381 3.377705
2382 3.270076
2383 3.107574
2384 3.445896
2385 3.300681
2386 3.351599
2387 3.330703
2388 3.711863
2389 3.410233
2390 3.339071
2391 3.067668
2392 3.607333
2393 3.931477
2394 3.753792
2395 5.666909
2396 5.288583
2397 4.708070
2398 5.207483
2399 3.461133
2400 3.311585
2401 4.018536
2402 4.003503
2403 3.531684
2404 3.338891
2405 3.452270
2406 3.495282
2407 3.262424
2408 4.163585
2409 3.698298
2410 3.254977
2411 3.689903
2412 3.473985
2413 5.226737
2414 3.295347
2415 3.555164
2416 3.348798
2417 3.193886
2418 3.339984
2419 3.141034
2420 3.421856
2421 3.431749
2422 3.272215
2423 3.481408
2424 3.278799
2425 3.624723
2426 3.212744
2427 3.199159
2428 3.511211
2429 3.460360
2430 3.428149
2431 3.604842
2432 3.772913
2433 3.515034
2434 3.094543
2435 3.439682
2436 3.273851
2437 3.211198
2438 3.155962
2439 3.202391
2440 3.215741
2441 3.249633
2442 3.172912
2443 3.173783
2444 3.271326
2445 3.285968
2446 3.149741
2447 3.393654
2448 3.160855
2449 3.295390
2450 3.545786
2451 3.522396
2452 3.405366
2453 3.395777
2454 3.607342
2455 3.499215
2456 3.666018
2457 3.495213
2458 3.575654
2459 3.257513
2460 3.559133
2461 3.537949
2462 3.664567
2463 3.173470
2464 3.609513
2465 3.620346
2466 3.588849
2467 3.242300
2468 3.097432
2469 2.995432
2470 3.104398
2471 3.316340
2472 3.111659
2473 3.557144
2474 3.458280
2475 3.300485
2476 3.394426
2477 3.587619
2478 3.569315
2479 3.340616
2480 3.627752
2481 3.815359
2482 3.329220
2483 4.461637
2484 3.285255
2485 3.385110
2486 3.538106
2487 3.730748
2488 3.690749
2489 3.591697
2490 3.706333
2491 4.526767
2492 4.824542
2493 3.721481
2494 3.560509
2495 3.894958
2496 3.555807
2497 3.729690
2498 3.887078
2499 4.066311
2500 3.585330
2501 3.395336
2502 3.593966
2503 3.904328
2504 4.028373
2505 3.847725
2506 3.440535
2507 3.265959
2508 3.537699
2509 3.518653
2510 3.181122
2511 5.080897
2512 5.196939
2513 5.856263
2514 4.235211
2515 5.409381
2516 6.167998
2517 5.907108
2518 5.813416
2519 6.221590
2520 5.410526
2521 6.608657
2522 6.394266
2523 5.289126
2524 5.256440
2525 5.576249
2526 5.650010
2527 6.004252
2528 7.607326
2529 7.711469
2530 7.139557
2531 8.484701
2532 8.723084
2533 6.925591
2534 8.262594
2535 7.756007
2536 7.912052
2537 6.424512
2538 7.480171
2539 6.706634
2540 6.504806
2541 5.570288
2542 7.968251
2543 5.739157
2544 3.960686
2545 6.487134
2546 5.169690
2547 5.842210
2548 6.505492
2549 6.781478
2550 6.167894
2551 5.806681
2552 6.299001
2553 5.337544
2554 7.171671
2555 5.746082
2556 6.038319
2557 5.965074
2558 5.801043
2559 6.077063
2560 6.296077
2561 6.429269
2562 5.969552
2563 6.110240
2564 5.741619
2565 5.832417
2566 5.942191
2567 6.213284
2568 4.811073
2569 6.565831
2570 6.216348
2571 5.501126
2572 3.432112
2573 3.402503
2574 3.130831
2575 3.334623
2576 3.410411
2577 3.398188
2578 3.502243
2579 3.949593
2580 3.356622
2581 4.198168
2582 3.667071
2583 3.307383
2584 3.443813
2585 3.891599
2586 3.453983
2587 3.227829
2588 3.583868
2589 4.566694
2590 4.429155
2591 3.163240
2592 3.512853
2593 3.213115
2594 3.430407
2595 3.359253
2596 3.315588
2597 3.751508
2598 3.532906
2599 3.882395
2600 3.357753
2601 3.231160
2602 3.180611
2603 3.669892
2604 3.259646
2605 3.520186
2606 3.194529
2607 3.240096
2608 3.277280
2609 3.271296
2610 3.447392
2611 3.192319
2612 3.288190
2613 3.134613
2614 3.241738
2615 3.198294
2616 3.222608
2617 3.576997
2618 3.368131
2619 3.452378
2620 3.301893
2621 3.053796
2622 3.235829
2623 3.278732
2624 3.285928
2625 3.480886
2626 3.349465
2627 3.228091
2628 3.397470
2629 3.523440
2630 3.369826
2631 3.365903
2632 3.176637
2633 3.308141
2634 3.541556
2635 3.184921
2636 3.214468
2637 3.314044
2638 3.115522
2639 3.405541
2640 3.637871
2641 3.514013
2642 3.300305
2643 3.173040
2644 3.429828
2645 3.469151
2646 4.467853
2647 4.038981
2648 4.400854
2649 3.325340
2650 3.726915
2651 3.150797
2652 3.494370
2653 3.246875
2654 3.471846
2655 3.502068
2656 3.161534
2657 3.390223
2658 3.533807
2659 3.572071
2660 3.088271
2661 3.089901
2662 3.457019
2663 3.273134
2664 3.390262
2665 3.236137
2666 3.172127
2667 3.377487
2668 3.148093
2669 3.410122
2670 3.241390
2671 3.420717
2672 3.455156
2673 4.113942
2674 3.159951
2675 4.137503
2676 3.656505
2677 5.609867
2678 5.347260
2679 5.355193
2680 5.390759
2681 5.673185
2682 5.824247
2683 5.620514
2684 6.872914
2685 6.067557
2686 7.494464
2687 5.616779
2688 5.679164
2689 5.909975
2690 6.281386
2691 4.767859
2692 5.398077
2693 5.301574
2694 3.475986
2695 3.666630
2696 3.299119
2697 3.352821
2698 4.024039
2699 3.536299
2700 3.146459
2701 3.587282
2702 3.347252
2703 3.734873
2704 4.099000
2705 3.487476
2706 3.715303
2707 3.634332
2708 3.529161
2709 3.560744
2710 3.526992
2711 3.476404
2712 3.648371
2713 3.406714
2714 3.902409
2715 3.414179
2716 3.331199
2717 3.251058
2718 3.423225
2719 3.324939
2720 3.719207
2721 3.987391
2722 3.457188
2723 3.378431
2724 3.317478
2725 3.300031
2726 3.384863
2727 3.297893
2728 3.477658
2729 3.504097
2730 4.411735
2731 3.321357
2732 3.363001
2733 3.168866
2734 3.625701
2735 3.273739
2736 3.388655
2737 3.341880
2738 3.437860
2739 3.398882
2740 3.601748
2741 3.136972
2742 3.265900
2743 3.463595
2744 3.409473
2745 3.666468
2746 4.156260
2747 3.569537
2748 3.782313
2749 3.529133
2750 3.642486
2751 4.124850
2752 3.441815
2753 3.818611
2754 3.613428
2755 3.849695
2756 3.429930
2757 3.286054
2758 3.433278
2759 3.820852
2760 3.470288
2761 4.046310
2762 3.724905
2763 4.165239
2764 3.994958
2765 3.973487
2766 3.302806
2767 3.560072
2768 3.332778
2769 3.219862
2770 3.454855
2771 3.694660
2772 4.166895
2773 3.615715
2774 3.570294
2775 3.293764
2776 3.368525
2777 3.485258
2778 3.431471
2779 4.487680
2780 4.038692
2781 3.812230
2782 3.416037
2783 3.289777
2784 3.331558
2785 3.709367
2786 3.833602
2787 3.169450
2788 3.485243
2789 3.608404
2790 3.546393
2791 3.511998
2792 3.421375
2793 3.788784
2794 3.671688
2795 3.642459
2796 3.380203
2797 3.564054
2798 3.351151
2799 3.797103
2800 3.252843
2801 3.461877
2802 3.568978
2803 3.453765
2804 3.696164
2805 3.658457
2806 3.672737
2807 3.689191
2808 3.544523
2809 3.396308
2810 3.285697
2811 3.830381
2812 3.568558
2813 3.596749
2814 3.348520
2815 3.751093
2816 3.354445
2817 3.613636
2818 3.394422
2819 3.914003
2820 3.796067
2821 3.749478
2822 3.429140
2823 3.510582
2824 3.528866
2825 3.585219
2826 3.431328
2827 3.290014
2828 3.688189
2829 3.758948
2830 3.374205
2831 3.145601
2832 3.366690
2833 3.683435
2834 3.616880
2835 3.483359
2836 3.641238
2837 3.517301
2838 3.200639
2839 3.758126
2840 3.139857
2841 3.627865
2842 3.795234
2843 3.196168
2844 3.767085
2845 3.768584
2846 3.479626
2847 3.497485
2848 3.384766
2849 3.336064
2850 3.256589
2851 3.645819
2852 3.524683
2853 3.606034
2854 3.536792
2855 3.617321
2856 3.513659
2857 3.642784
2858 3.647504
2859 3.543702
2860 3.401100
2861 3.638220
2862 3.600567
2863 3.170566
2864 3.442005
2865 3.923850
2866 3.439623
2867 3.655689
2868 3.733708
2869 3.620503
2870 3.566074
2871 3.900028
2872 3.584160
2873 3.775105
2874 3.597243
2875 3.452661
2876 3.395774
2877 3.558847
2878 3.294067
2879 3.520010
2880 3.585219
2881 3.632339
2882 3.218662
2883 3.740052
2884 3.249329
2885 3.634697
2886 3.390115
2887 3.236939
2888 3.614344
2889 3.197137
2890 3.467646
2891 3.233713
2892 3.359065
2893 3.612617
2894 3.269346
2895 3.234612
2896 3.337800
2897 3.153494
2898 3.427668
2899 3.316748
2900 3.237287
2901 3.097838
2902 3.338756
2903 3.399673
2904 3.188653
2905 3.078263
2906 3.169320
2907 3.274969
2908 3.270928
2909 3.405480
2910 3.277361
2911 3.273117
2912 3.637659
2913 3.608690
2914 3.881316
2915 3.598291
2916 3.786466
2917 4.865084
2918 3.279405
2919 3.324610
2920 3.293345
2921 3.480821
2922 3.176816
2923 3.286502
2924 3.477267
2925 3.196295
2926 3.215730
2927 3.286731
2928 3.086379
2929 3.319588
2930 3.382322
2931 3.749044
2932 3.626693
2933 3.115941
2934 3.566302
2935 3.208751
2936 3.307405
2937 3.168692
2938 3.227335
2939 3.307245
2940 3.071598
2941 3.086130
2942 3.335897
2943 3.563057
2944 3.309112
2945 3.487497
2946 3.937275
2947 3.434039
2948 4.078348
2949 3.618129
2950 3.326332
2951 3.471871
2952 3.411673
2953 3.170274
2954 3.456502
2955 4.234725
2956 3.427535
2957 3.724915
2958 3.370414
2959 3.421010
2960 3.743336
2961 3.146985
2962 3.126802
2963 3.215165
2964 3.108284
2965 3.139512
2966 3.581143
2967 3.624154
2968 3.099420
2969 3.573791
2970 3.362781
2971 3.301668
2972 3.282880
2973 3.494363
2974 3.627303
2975 3.795712
2976 3.453436
2977 3.876726
2978 3.500129
2979 3.750601
2980 3.551788
2981 3.648151
2982 3.565433
2983 3.262191
2984 4.088583
2985 3.461124
2986 4.255453
2987 4.364414
2988 4.994096
2989 3.027243
2990 3.521850
2991 3.250817
2992 3.040163
2993 3.085757
2994 3.235721
2995 3.462448
2996 3.374327
2997 3.295770
2998 3.049538
2999 3.524695
3000 2.975514
3001 3.273852
3002 3.144421
3003 3.293237
3004 3.205462
3005 3.307356
3006 3.849281
3007 3.647860
3008 3.109164
3009 3.081847
3010 3.215140
3011 3.291758
3012 3.180211
3013 3.059903
3014 3.715066
3015 3.766706
3016 3.734350
3017 3.507221
3018 3.918017
3019 3.275870
3020 3.796237
3021 3.691299
3022 3.615922
3023 3.910047
3024 3.648249
3025 3.514739
3026 3.603357
3027 3.275381
3028 3.065634
3029 3.381793
3030 3.606008
3031 3.659248
3032 3.406672
3033 3.262159
3034 3.291396
3035 3.175355
3036 3.417629
3037 3.198643
3038 3.300453
3039 3.308685
3040 3.203449
3041 3.350418
3042 3.503441
3043 3.243840
3044 3.197580
3045 3.210853
3046 3.199330
3047 3.164768
3048 3.316459
3049 3.344862
3050 3.358941
3051 3.165831
3052 3.280338
3053 3.236374
3054 3.255163
3055 3.513236
3056 3.305038
3057 3.921288
3058 3.695252
3059 3.824357
3060 3.934029
3061 3.943851
3062 4.032402
3063 3.847125
3064 3.889007
3065 3.636976
3066 3.535692
3067 3.894211
3068 3.655423
3069 3.826994
3070 4.131112
3071 4.089865
3072 3.919721
3073 3.777378
3074 4.677490
3075 4.891769
3076 5.481786
3077 6.208719
3078 8.372306
3079 7.257412
3080 10.098618
3081 5.330462
3082 5.474904
3083 3.925128
3084 7.562121
3085 9.890294
3086 7.607537
3087 9.629170
3088 9.832214
3089 8.602873
3090 8.025598
3091 8.302305
3092 8.286712
3093 7.785149
3094 6.734642
3095 6.493299
3096 6.763535
3097 7.748558
3098 6.094241
3099 5.889267
3100 6.071739
3101 5.587284
3102 6.067565
3103 6.108592
3104 6.112831
3105 5.685868
3106 6.119231
3107 6.370954
3108 6.470081
3109 8.665320
3110 7.332157
3111 7.215606
3112 7.600902
3113 8.251335
3114 8.087798
3115 6.779626
3116 6.084251
3117 6.650078
3118 6.459559
3119 7.037817
3120 6.447632
3121 7.798783
3122 6.117003
3123 7.914257
3124 7.119622
3125 6.010349
3126 5.918582
3127 6.954210
3128 7.001182
3129 6.855597
3130 9.336441
3131 7.544348
3132 8.279835
3133 7.647522
3134 6.856364
3135 4.721502
3136 5.798846
3137 5.528183
3138 5.900159
3139 7.319374
3140 8.549461
3141 8.339686
3142 7.928837
3143 8.345066
3144 8.531924
3145 8.435486
3146 8.716495
3147 9.370533
3148 9.662329
3149 8.845057
3150 8.854528
3151 8.773509
3152 9.821309
3153 10.039068
3154 9.580651
3155 7.517319
3156 8.894481
3157 10.121429
3158 9.373081
3159 8.517667
3160 8.421319
3161 9.453170
3162 8.383818
3163 9.448410
3164 9.279552
3165 8.990063
3166 8.958692
3167 8.921093
3168 11.299531
3169 9.998326
3170 9.222344
3171 7.656868
3172 8.452441
3173 8.860046
3174 8.539947
3175 8.664297
3176 8.758147
3177 7.385771
3178 9.917405
3179 8.937475
3180 8.121984
3181 8.851361
3182 7.867438
3183 8.066507
3184 8.150146
3185 9.249615
3186 7.149977
3187 8.795679
3188 8.434437
3189 6.983451
3190 8.761569
3191 8.492028
3192 9.569920
3193 8.941800
3194 10.011565
3195 8.699084
3196 7.207009
3197 7.569422
3198 6.630901
3199 8.024831
3200 7.523498
3201 8.078153
3202 9.136194
3203 9.826055
3204 9.462482
3205 7.783126
3206 9.219767
3207 9.701308
3208 8.743534
3209 8.806590
3210 8.145146
3211 9.132735
3212 8.442545
3213 8.647235
3214 8.157262
3215 7.786816
3216 7.854609
3217 7.088008
3218 10.580201
3219 7.810363
3220 8.368209
3221 8.480814
3222 6.809505
3223 6.932841
3224 7.331890
3225 9.321158
3226 9.386691
3227 7.300032
3228 7.363248
3229 8.773847
3230 7.930284
3231 9.138361
3232 8.629606
3233 7.845906
3234 8.648321
3235 9.512422
3236 8.921762
3237 9.755824
3238 9.567162
3239 9.531639
3240 9.196587
3241 9.815951
3242 9.258894
3243 9.380177
3244 8.406282
3245 9.202451
3246 9.695606
3247 8.498957
3248 9.628798
3249 9.644241
3250 8.159679
3251 9.002194
3252 9.653070
3253 9.188936
3254 8.290801
3255 8.962793
3256 9.205683
3257 7.616019
3258 8.503230
3259 8.730147
3260 8.381828
3261 8.936522
3262 8.256608
3263 9.026720
3264 9.634109
3265 8.469180
3266 8.666032
3267 7.532266
3268 9.117567
3269 8.837289
3270 9.307236
3271 7.921647
3272 8.830866
3273 9.320615
3274 9.515846
3275 7.879732
3276 9.202576
3277 8.705374
3278 7.627983
3279 7.952374
3280 6.623277
3281 8.477818
3282 7.159736
3283 9.027633
3284 10.685987
3285 9.476086
3286 8.922535
3287 9.398737
3288 7.552807
3289 8.750394
3290 7.614694
3291 5.880417
3292 6.064394
3293 5.692417
3294 6.713271
3295 6.170923
3296 5.951619
3297 6.024050
3298 6.149524
3299 5.994478
3300 6.188281
3301 6.070756
3302 5.976268
3303 5.888940
3304 6.486545
3305 6.242767
3306 5.957016
3307 6.125929
3308 5.671347
3309 5.970033
3310 5.875280
3311 5.630813
3312 6.435802
3313 6.364608
3314 5.678845
3315 5.849742
3316 7.252767
3317 6.070902
3318 6.091504
3319 6.293402
3320 6.784943
3321 5.872873
3322 5.834768
3323 5.942365
3324 5.628115
3325 5.914621
3326 5.729198
3327 7.127250
3328 6.949424
3329 5.873548
3330 6.265061
3331 5.792358
3332 5.775930
3333 5.868288
3334 5.806710
3335 5.776379
3336 5.867351
3337 6.137085
3338 5.995893
3339 6.097691
3340 5.861718
3341 5.685535
3342 6.525555
3343 5.714551
3344 6.108108
3345 6.139691
3346 6.184344
3347 6.268485
3348 6.277885
3349 5.890856
3350 6.497152
3351 6.388025
3352 6.138778
3353 7.877295
3354 6.818960
3355 6.111381
3356 6.790057
3357 7.571516
3358 8.130738
3359 8.978021
3360 9.201138
3361 7.422295
3362 7.555787
3363 7.441125
3364 7.581330
3365 8.735453
3366 8.131844
3367 8.280176
3368 7.831121
3369 8.035252
3370 7.452335
3371 7.658526
3372 8.524380
3373 8.260122
3374 9.178694
3375 8.375410
3376 7.493015
3377 7.761765
3378 9.481761
3379 7.570860
3380 8.621436
3381 8.590112
3382 8.894867
3383 9.071589
3384 8.945380
3385 8.160340
3386 8.227379
3387 7.819883
3388 8.149866
3389 10.098763
3390 11.637368
3391 9.615394
3392 8.993394
3393 8.340034
3394 7.984156
3395 9.954563
3396 7.281435
3397 8.143867
3398 7.433527
3399 7.888527
3400 8.495633
3401 7.186524
3402 8.550046
3403 8.414157
3404 10.540900
3405 8.346413
3406 8.607170
3407 8.366391
3408 9.136019
3409 8.698516
3410 10.487978
3411 9.654004
3412 10.648454
3413 10.566205
3414 9.959543
3415 11.132812
3416 10.269857
3417 9.959705
3418 9.344188
3419 7.642766
3420 8.499543
3421 9.398348
3422 10.156425
3423 10.724084
3424 10.218286
3425 10.192787
3426 9.733259
3427 8.574884
3428 8.758591
3429 10.408512
3430 9.253112
3431 10.573968
3432 11.224124
3433 8.999577
3434 11.080498
3435 10.599233
3436 9.623874
3437 10.011312
3438 8.337351
3439 9.799297
3440 10.173787
3441 8.333361
3442 7.839137
3443 8.989073
3444 8.298150
3445 8.009346
3446 7.103389
3447 7.314794
3448 6.452632
3449 6.167048
3450 4.906168
3451 5.842357
3452 4.806517
3453 3.656201
3454 3.788034
3455 3.864329
3456 3.690432
3457 3.678324
3458 3.507319
3459 3.357664
3460 3.363007
3461 3.183103
3462 3.994513
3463 5.060219
3464 3.393528
3465 3.196830
3466 3.431867
3467 3.288189
3468 3.504900
3469 3.386279
3470 3.277862
3471 3.100147
3472 3.732991
3473 3.445721
3474 3.954606
3475 3.275028
3476 3.372412
3477 3.095057
3478 5.042049
3479 7.001353
3480 4.090556
3481 5.333794
3482 4.798439
3483 4.531544
3484 5.579773
3485 4.067849
3486 5.379995
3487 4.952591
3488 6.259876
3489 6.507576
3490 6.466115
3491 7.010036
3492 5.575212
3493 7.648006
3494 6.194233
3495 4.714490
3496 5.272542
3497 3.938431
3498 7.593375
3499 5.305674
3500 5.817244
3501 5.694971
3502 4.726121
3503 3.589694
3504 3.236389
3505 3.090390
3506 4.136396
3507 3.751448
3508 3.248400
3509 3.355321
3510 4.630531
3511 4.681392
3512 3.767356
3513 4.275864
3514 3.166544
3515 3.816624
3516 3.491837
3517 3.470422
3518 4.220014
3519 5.243324
3520 6.320968
3521 3.910534
3522 3.908580
3523 4.606822
3524 5.553163
3525 5.258423
3526 3.960143
3527 3.496788
3528 5.356437
3529 5.456522
3530 6.904061
3531 6.813033
3532 7.282406
3533 5.649640
3534 4.750473
3535 4.026484
3536 5.327685
3537 5.987284
3538 6.045014
3539 5.202359
3540 6.055156
3541 5.873071
3542 3.805918
3543 6.194682
3544 7.179096
3545 7.421926
3546 7.872345
3547 9.785549
3548 10.712521
3549 9.874845
3550 11.124359
3551 9.561349
3552 9.383920
3553 9.002285
3554 9.534757
3555 10.732047
3556 11.107772
3557 8.842308
3558 7.817800
3559 7.021545
3560 7.199795
3561 8.241195
3562 6.188002
3563 5.831755
3564 5.762291
3565 7.987351
3566 5.313660
3567 6.172856
3568 6.341172
3569 6.179491
3570 5.958153
3571 5.241506
3572 5.216979
3573 3.939458
3574 5.644866
3575 6.724432
3576 8.272001
3577 7.341938
3578 6.665456
3579 6.297844
3580 5.700119
3581 6.194198
3582 5.769828
3583 6.364762
3584 5.967903
3585 5.710392
3586 5.713663
3587 5.234691
3588 5.720652
3589 5.654356
3590 5.722685
3591 5.940423
3592 6.306615
3593 5.938297
3594 7.822836
3595 6.462620
3596 7.288471
3597 7.651602
3598 7.078883
3599 5.096941
3600 5.680858
3601 6.806884
3602 5.874259
3603 6.039168
3604 6.474209
3605 5.825881
3606 5.871097
3607 5.740123
3608 5.551450
3609 5.669161
3610 5.742791
3611 5.009566
3612 4.967976
3613 5.583779
3614 5.701870
3615 5.406484
3616 6.293560
3617 6.111676
3618 7.352342
3619 6.650783
3620 7.818071
3621 7.203100
3622 7.393481
3623 7.721064
3624 7.725036
3625 7.903017
3626 7.554957
3627 7.761976
3628 8.288553
3629 8.187931
3630 9.392930
3631 7.851151
3632 8.727706
3633 7.891216
3634 8.177274
3635 7.868592
3636 7.552343
3637 6.388542
3638 7.134969
3639 8.315983
3640 8.030762
3641 6.671509
3642 5.099752
3643 7.807307
3644 5.861988
3645 6.741418
3646 6.128735
3647 5.737293
3648 7.715240
3649 8.950234
3650 8.623881
3651 8.128775
3652 8.758091
3653 8.700213
3654 9.277105
3655 6.755459
3656 6.388350
3657 9.147288
3658 7.926288
3659 6.453162
3660 7.519773
3661 7.068941
3662 7.215778
3663 8.014261
3664 8.193423
3665 7.594339
3666 6.654095
3667 5.725987
3668 8.630595
3669 9.537665
3670 7.743188
3671 7.661104
3672 6.100916
3673 7.054778
3674 5.636563
3675 5.710038
3676 9.097059
3677 5.497171
3678 5.917277
3679 7.325745
3680 7.420385
3681 7.184048
3682 8.319278
3683 5.764910
3684 7.111049
3685 7.941570
3686 7.209530
3687 7.287272
3688 7.446848
3689 7.670187
3690 6.510386
3691 9.195548
3692 7.148961
3693 7.816938
3694 6.281002
3695 5.299688
3696 7.783580
3697 7.792979
3698 7.955311
3699 6.666155
3700 8.051460
3701 7.210890
3702 6.286861
3703 6.365790
3704 6.467465
3705 7.271871
3706 7.406245
3707 7.670109
3708 7.957876
3709 8.196988
3710 6.517313
3711 5.941213
3712 5.916529
3713 6.008293
3714 5.380147
3715 8.135124
3716 7.916683
3717 8.479394
3718 11.462043
3719 9.167096
3720 9.650599
3721 7.982533
3722 7.979978
3723 8.481332
3724 8.240541
3725 8.935249
3726 9.220082
3727 7.676754
3728 7.681780
3729 7.969198
3730 7.210067
3731 6.937701
3732 7.364304
3733 7.002376
3734 6.846443
3735 7.723649
3736 8.432755
3737 6.213303
3738 8.850238
3739 7.612187
3740 8.012396
3741 7.879753
3742 8.037201
3743 7.957828
3744 6.934363
3745 8.101078
3746 7.520265
3747 8.302512
3748 6.967565
3749 7.605067
3750 7.593966
3751 7.644876
3752 8.072752
3753 6.255189
3754 6.153192
3755 6.738587
3756 6.363286
3757 6.803654
3758 6.157041
3759 7.580836
3760 7.613558
3761 6.425085
3762 5.698332
3763 5.852639
3764 6.497278
3765 7.101590
3766 7.410328
3767 8.830304
3768 7.374667
3769 5.922169
3770 6.352301
3771 5.798637
3772 6.373240
3773 6.302448
3774 6.314260
3775 6.599810
3776 5.340844
3777 4.547859
3778 6.755361
3779 8.525113
3780 6.041894
3781 8.816971
3782 6.138128
3783 6.166363
3784 5.412972
3785 6.489474
3786 5.977089
3787 6.132620
3788 5.617526
3789 6.294558
3790 5.722010
3791 5.981421
3792 5.267981
3793 6.215254
3794 5.227092
3795 5.417099
3796 6.266360
3797 5.711621
3798 6.255507
3799 7.005098
3800 7.811188
3801 9.693237
3802 12.122681
3803 10.595534
3804 10.998451
3805 9.862037
3806 10.526210
3807 9.603435
3808 8.189069
3809 9.230475
3810 8.776546
3811 6.537869
3812 5.291100
3813 9.393986
3814 10.724287
3815 8.896702
3816 9.470002
3817 7.928164
3818 9.693088
3819 7.018961
3820 9.206229
3821 6.323883
3822 6.239513
3823 7.571124
3824 8.100307
3825 5.885217
3826 7.285738
3827 5.846251
3828 6.121808
3829 7.238684
3830 8.213372
3831 7.165066
3832 9.536363
3833 7.643312
3834 7.967596
3835 9.300696
3836 9.411706
3837 9.901772
3838 8.318351
3839 7.781066
3840 8.957016
3841 9.114611
3842 8.063290
3843 8.667412
3844 7.125461
3845 6.021706
3846 7.587068
3847 6.824323
3848 5.850693
3849 6.216023
3850 7.942152
3851 8.154360
3852 7.795132
3853 7.787101
3854 9.062509
3855 7.114244
3856 8.430570
3857 8.389335
3858 7.200113
3859 7.367908
3860 9.503688
3861 7.575366
3862 7.642747
3863 7.689878
3864 6.108432
3865 7.657311
3866 7.595425
3867 7.794167
3868 7.539772
3869 7.605338
3870 7.709300
3871 8.025340
3872 7.526352
3873 8.227807
3874 7.654543
3875 10.311980
3876 10.250692
3877 8.354294
3878 12.553367
3879 11.990769
3880 10.918365
3881 12.867481
3882 11.153235
3883 11.447724
3884 10.783176
3885 11.764145
3886 10.799127
3887 10.239367
3888 10.971402
3889 11.699052
3890 11.782069
3891 12.807848
3892 10.273931
3893 10.682661
3894 10.274048
3895 9.387974
3896 10.771094
3897 9.508214
3898 10.152466
3899 9.928414
3900 11.015963
3901 11.900095
3902 9.942487
3903 8.526814
3904 8.294168
3905 10.461556
3906 9.070244
3907 7.899754
3908 7.664551
3909 8.858292
3910 9.086245
3911 8.646393
3912 9.757483
3913 8.058970
3914 8.816867
3915 8.910923
3916 8.824574
3917 9.199786
3918 7.524095
3919 6.555626
3920 5.112152
3921 8.665685
3922 7.335929
3923 7.562097
3924 6.697800
3925 6.165784
3926 6.406199
3927 6.094144
3928 6.098958
3929 8.530370
3930 8.646627
3931 6.536914
3932 8.712296
3933 9.346559
3934 8.213070
3935 8.425540
3936 7.493499
3937 8.163512
3938 9.612039
3939 8.968393
3940 8.779273
3941 8.195374
3942 9.343910
3943 6.738314
3944 9.774385
3945 7.419829
3946 8.889735
3947 7.233301
3948 8.292681
3949 8.447137
3950 7.105022
3951 9.179440
3952 8.192619
3953 8.772881
3954 9.004301
3955 9.591647
3956 7.194781
3957 7.813078
3958 8.345158
3959 7.783065
3960 7.739214
3961 7.786231
3962 8.930241
3963 9.090487
3964 9.137372
3965 9.283927
3966 7.656227
3967 8.843127
3968 8.847690
3969 8.054374
3970 7.021945
3971 7.692370
3972 7.774664
3973 8.043220
3974 7.304526
3975 7.513060
3976 7.720600
3977 8.121730
3978 7.506519
3979 9.210398
3980 8.636695
3981 9.066339
3982 8.218276
3983 8.316219
3984 8.002207
3985 8.925895
3986 7.292531
3987 5.684092
3988 7.722238
3989 7.389562
3990 6.160601
3991 7.790218
3992 7.916267
3993 6.672349
3994 7.558679
3995 8.705618
3996 7.536614
3997 8.886204
3998 7.936259
3999 7.381829
4000 8.288843
4001 7.697183
4002 3.707374
4003 4.200513
4004 5.378012
4005 5.811393
4006 5.488842
4007 6.321884
4008 5.583629
4009 5.296469
4010 7.694479
4011 7.070671
4012 7.323660
4013 6.844339
4014 6.038891
4015 6.051578
4016 6.202105
4017 7.566109
4018 7.983922
4019 7.499586
4020 8.025551
4021 8.045126
4022 9.126888
4023 7.866537
4024 8.553973
4025 9.070354
4026 6.722864
4027 10.372660
4028 8.160035
4029 8.712579
4030 7.477168
4031 8.619191
4032 7.450439
4033 6.422111
4034 6.917247
4035 6.160978
4036 6.909485
4037 7.000893
4038 6.509881
4039 6.614215
4040 6.224736
4041 6.039320
4042 5.666801
4043 6.488351
4044 9.105133
4045 10.702212
4046 9.188285
4047 8.637370
4048 8.156555
4049 7.371471
4050 8.175221
4051 9.134102
4052 9.824970
4053 8.644460
4054 10.577549
4055 9.511121
4056 9.996023
4057 8.744947
4058 8.357035
4059 8.834136
4060 8.944036
4061 7.394004
4062 8.368180
4063 8.206455
4064 8.701547
4065 8.736900
4066 8.094746
4067 8.922253
4068 8.451089
4069 8.245626
4070 9.189003
4071 7.917447
4072 6.876701
4073 8.549170
4074 8.994169
4075 7.488147
4076 7.577306
4077 8.538040
4078 5.667397
4079 7.496763
4080 8.569673
4081 5.527032
4082 6.656643
4083 7.356878
4084 6.110502
4085 5.701843
4086 5.758983
4087 5.940600
4088 7.119170
4089 8.871302
4090 9.208754
4091 7.247270
4092 8.579356
4093 8.267736
4094 8.818429
4095 9.377150
4096 8.998677
4097 9.162081
4098 6.851148
4099 8.524859
4100 8.167432
4101 8.448917
4102 8.616360
4103 7.518738
4104 8.533638
4105 8.547050
4106 8.252903
4107 9.401350
4108 8.441809
4109 9.047169
4110 9.353511
4111 5.675919
4112 6.973963
4113 7.650746
4114 7.315501
4115 6.795708
4116 8.455105
4117 8.822439
4118 7.940334
4119 9.222249
4120 9.916901
4121 10.518265
4122 8.393051
4123 5.448238
4124 8.241679
4125 8.519631
4126 9.511671
4127 6.822363
4128 6.495667
4129 9.693557
4130 8.136889
4131 7.976602
4132 10.347689
4133 10.471755
4134 8.716084
4135 10.187023
4136 10.831778
4137 10.732431
4138 8.016923
4139 8.591458
4140 8.738260
4141 8.430008
4142 8.124197
4143 9.927320
4144 9.501508
4145 8.152862
4146 7.974186
4147 7.781225
4148 9.333757
4149 8.397174
4150 8.011792
4151 8.493497
4152 7.766044
4153 7.833501
4154 7.432267
4155 7.996425
4156 7.611071
4157 6.473230
4158 4.725391
4159 4.993876
4160 5.213531
4161 7.099591
4162 6.929694
4163 7.120182
4164 7.857880
4165 7.359509
4166 9.119946
4167 8.757402
4168 8.902030
4169 8.127761
4170 6.473626
4171 7.051426
4172 7.908008
4173 7.911664
4174 6.090338
4175 5.241499
4176 5.613628
4177 7.033892
4178 5.829428
4179 7.075156
4180 5.980654
4181 6.940244
4182 8.253902
4183 8.187430
4184 7.829593
4185 8.662761
4186 9.014790
4187 7.417289
4188 8.827147
4189 8.127048
4190 8.209895
4191 7.648383
4192 6.902600
4193 8.181379
4194 8.138033
4195 9.362969
4196 8.283834
4197 8.789907
4198 7.141809
4199 6.295778
4200 7.588045
4201 7.797348
4202 7.385349
4203 7.400270
4204 8.023151
4205 6.008769
4206 8.326446
4207 7.519245
4208 9.270996
4209 8.152202
4210 8.213427
4211 7.806318
4212 8.035680
4213 8.388555
4214 6.826231
4215 5.936372
4216 6.286862
4217 6.229364
4218 5.821781
4219 7.048886
4220 8.762663
4221 8.490162
4222 8.314597
4223 10.085988
4224 7.787771
4225 8.798290
4226 8.327238
4227 7.891385
4228 5.357779
4229 7.352467
4230 8.029231
4231 7.996654
4232 8.256517
4233 8.110449
4234 6.264378
4235 8.508261
4236 7.511437
4237 9.098746
4238 7.057551
4239 9.231852
4240 9.707163
4241 8.075129
4242 8.931036
4243 7.919022
4244 7.816537
4245 8.128394
4246 6.363884
4247 8.781843
4248 8.357210
4249 7.172068
4250 7.842171
4251 7.652740
4252 7.042676
4253 8.353160
4254 7.632315
4255 7.357830
4256 8.166570
4257 6.596014
4258 6.579805
4259 5.988138
4260 7.654967
4261 8.410763
4262 8.273142
4263 6.239218
4264 6.067570
4265 6.083370
4266 5.960010
4267 5.717566
4268 7.858588
4269 8.759029
4270 7.742157
4271 6.193937
4272 10.463959
4273 8.777929
4274 8.313478
4275 7.632018
4276 8.401589
4277 6.647912
4278 9.284513
4279 7.688034
4280 6.107848
4281 8.682412
4282 6.975343
4283 9.186570
4284 7.670761
4285 8.414150
4286 6.641627
4287 9.320052
4288 8.321931
4289 9.104690
4290 9.902219
4291 7.797117
4292 8.339025
4293 8.385071
4294 9.173077
4295 11.465151
4296 11.157832
4297 13.154613
4298 14.991346
4299 11.211970
4300 10.028306
4301 10.803375
4302 10.235577
4303 11.111633
4304 11.441678
4305 12.153267
4306 10.933778
4307 11.284878
4308 11.571916
4309 9.371109
4310 9.973836
4311 7.432401
4312 8.138434
4313 8.607040
4314 7.682696
4315 7.787526
4316 9.886246
4317 9.866152
4318 10.790247
4319 9.616749
4320 9.277086
4321 8.936875
4322 10.017355
4323 8.398458
4324 9.078743
4325 10.673234
4326 12.031130
4327 10.437973
4328 12.492704
4329 11.233705
4330 11.033854
4331 10.620931
4332 11.331504
4333 11.127443
4334 9.462865
4335 8.578007
4336 8.278947
4337 8.779550
4338 8.763794
4339 9.538327
4340 9.540391
4341 10.789490
4342 10.345501
4343 11.300017
4344 10.401656
4345 10.024202
4346 10.454914
4347 10.990899
4348 9.867013
4349 10.768754
4350 10.430907
4351 8.036256
4352 8.281571
4353 7.486540
4354 9.511645
4355 9.582357
4356 8.777528
4357 8.397043
4358 8.438939
4359 9.863486
4360 8.008653
4361 7.562522
4362 9.168573
4363 8.493260
4364 9.450422
4365 8.213222
4366 10.944654
4367 11.305702
4368 9.636377
4369 9.388422
4370 8.344039
4371 10.477603
4372 8.693521
4373 7.735138
4374 8.475177
4375 9.305522
4376 8.223367
4377 7.859347
4378 7.722781
4379 7.868733
4380 7.676162
4381 6.046497
4382 6.352737
4383 5.989573
4384 8.775450
4385 11.365858
4386 8.777207
4387 7.964434
4388 8.063466
4389 8.262385
4390 6.807672
4391 8.798982
4392 8.081786
4393 8.013253
4394 8.393860
4395 8.102324
4396 7.870128
4397 9.227963
4398 9.108864
4399 8.715597
4400 9.781948
4401 10.510285
4402 10.319525
4403 11.909571
4404 9.690914
4405 9.515898
4406 9.390174
4407 8.706488
4408 8.579575
4409 9.055525
4410 8.865258
4411 10.396315
4412 9.721019
4413 8.881503
4414 9.958119
4415 9.652003
4416 10.169095
4417 9.977600
4418 9.606124
4419 8.712067
4420 8.529655
4421 8.488324
4422 9.025813
4423 9.371581
4424 10.501748
4425 9.201660
4426 8.638899
4427 7.936784
4428 8.182356
4429 8.965809
4430 8.949160
4431 7.945746
4432 8.152122
4433 8.935327
4434 9.626481
4435 8.576642
4436 8.264366
4437 8.256893
4438 8.750256
4439 8.237779
4440 8.513538
4441 8.749681
4442 9.652824
4443 9.846023
4444 8.589915
4445 8.993111
4446 8.721587
4447 8.979921
4448 9.185610
4449 8.897614
4450 9.002687
4451 7.672660
4452 8.272611
4453 9.401251
4454 9.967637
4455 10.261820
4456 9.502060
4457 9.404798
4458 9.491708
4459 8.494172
4460 8.313679
4461 9.456261
4462 8.625466
4463 8.791657
4464 8.429771
4465 7.809857
4466 8.213284
4467 9.960269
4468 9.185909
4469 11.793774
4470 7.916780
4471 8.061447
4472 9.133638
4473 7.280569
4474 9.106384
4475 9.242285
4476 8.305501
4477 9.417080
4478 10.294629
4479 10.746995
4480 12.218064
4481 11.167621
4482 10.650261
4483 10.757442
4484 11.263899
4485 12.895368
4486 8.622463
4487 8.771573
4488 8.691082
4489 10.270163
4490 10.400620
4491 11.356678
4492 9.072462
4493 10.966500
4494 9.046566
4495 6.329848
4496 6.518812
4497 9.437984
4498 6.963230
4499 5.781248
4500 10.461291
4501 7.898783
4502 7.143648
4503 5.956738
4504 6.979980
4505 5.966382
4506 3.900845
4507 5.890619
4508 8.380875
4509 8.559399
4510 8.110184
4511 8.345034
4512 8.198058
4513 10.340624
4514 8.275025
4515 7.678701
4516 9.833742
4517 8.420854
4518 8.881857
4519 8.941998
4520 6.378550
4521 7.984750
4522 8.422626
4523 8.766403
4524 8.410026
4525 8.073172
4526 7.619883
4527 9.386227
4528 9.603712
4529 8.935507
4530 7.722046
4531 7.650191
4532 9.133064
4533 8.215361
4534 8.433180
4535 9.364941
4536 8.978569
4537 8.757770
4538 9.464750
4539 8.926169
4540 7.157832
4541 7.901625
4542 8.117636
4543 8.202061
4544 8.593321
4545 8.537238
4546 8.695847
4547 10.041188
4548 8.227362
4549 8.177024
4550 7.850921
4551 8.575276
4552 9.713757
4553 7.821952
4554 8.197604
4555 7.714664
4556 5.510153
4557 8.518204
4558 6.337383
4559 7.800421
4560 7.364468
4561 7.750065
4562 8.158955
4563 7.562809
4564 5.850007
4565 6.364595
4566 5.492476
4567 5.793281
4568 5.899228
4569 6.281854
4570 5.776523
4571 6.311535
4572 7.048265
4573 5.496631
4574 7.043821
4575 5.866066
4576 5.850068
4577 5.666757
4578 7.890624
4579 6.291820
4580 7.310628
4581 6.709542
4582 8.515244
4583 8.487578
4584 8.675330
4585 8.080291
4586 8.889064
4587 7.893904
4588 8.654577
4589 8.719232
4590 10.198060
4591 7.841431
4592 9.102632
4593 8.233187
4594 8.270748
4595 8.423862
4596 9.747250
4597 8.901243
4598 6.739271
4599 6.663522
4600 9.522236
4601 9.228591
4602 8.518818
4603 10.425014
4604 10.629492
4605 10.283195
4606 12.685749
4607 10.502464
4608 7.315503
4609 8.717118
4610 8.874881
4611 7.748848
4612 7.643355
4613 6.808943
4614 6.917135
4615 7.235225
4616 9.539611
4617 7.462087
4618 9.426167
4619 10.071422
4620 9.403415
4621 9.759475
4622 6.857478
4623 9.644135
4624 7.890213
4625 8.581340
4626 7.228814
4627 8.801163
4628 7.797313
4629 11.225102
4630 8.872053
4631 10.578440
4632 8.828412
4633 8.521631
4634 8.977111
4635 9.110431
4636 9.138971
4637 9.672099
4638 9.291386
4639 7.973168
4640 8.451653
4641 9.544289
4642 8.045263
4643 6.864529
4644 11.164647
4645 10.173763
4646 9.905624
4647 5.136482
4648 7.232276
4649 7.561841
4650 6.089276
4651 7.773526
4652 7.542426
4653 6.605213
4654 6.804264
4655 8.704031
4656 8.900806
4657 5.386367
4658 3.622444
4659 5.223152
4660 6.494928
4661 6.235343
4662 8.610330
4663 9.728371
4664 9.825531
4665 12.594784
4666 10.096659
4667 8.848849
4668 9.583580
4669 9.883181
4670 9.354326
4671 10.544045
4672 6.439193
4673 7.758481
4674 7.415282
4675 6.901621
4676 9.066710
4677 9.023472
4678 9.012291
4679 9.075836
4680 8.158312
4681 9.028969
4682 8.809003
4683 8.210081
4684 8.727513
4685 9.642867
4686 9.461252
4687 8.619684
4688 7.121280
4689 7.473956
4690 7.783635
4691 8.080157
4692 9.883095
4693 9.852976
4694 9.182370
4695 8.501967
4696 7.698607
4697 8.463227
4698 7.880325
4699 7.719241
4700 7.471618
4701 8.903882
4702 8.094258
4703 9.080103
4704 7.425006
4705 8.696838
4706 7.988220
4707 8.011299
4708 8.714459
4709 11.088762
4710 10.238011
4711 12.226816
4712 12.494308
4713 11.997563
4714 13.227802
4715 12.695515
4716 11.830894
4717 12.752101
4718 11.883272
4719 11.572631
4720 12.255194
4721 12.442883
4722 13.778840
4723 14.783152
4724 14.824269
4725 16.053249
4726 15.494733
4727 14.711740
4728 15.643589
4729 14.066379
4730 14.672440
4731 14.308331
4732 12.885099
4733 13.920784
4734 12.431841
4735 13.153529
4736 13.757302
4737 13.276582
4738 13.488726
4739 14.611398
4740 12.854987
4741 13.398244
4742 12.169442
4743 12.470150
4744 12.117284
4745 11.318928
4746 11.824869
4747 12.303944
4748 11.183366
4749 13.551597
4750 11.136023
4751 13.072173
4752 12.562191
4753 12.001888
4754 12.133528
4755 12.656358
4756 11.840784
4757 12.443915
4758 12.132949
4759 13.386809
4760 12.784075
4761 12.779646
4762 12.174042
4763 13.603740
4764 12.087351
4765 12.758471
4766 12.894547
4767 12.889477
4768 12.822461
4769 9.247976
4770 9.465099
4771 7.927548
4772 11.824170
4773 11.337580
4774 10.846782
4775 10.617423
4776 11.166055
4777 12.661550
4778 12.061201
4779 13.108048
4780 11.933776
4781 12.637907
4782 12.716543
4783 10.923963
4784 10.392654
4785 11.739911
4786 12.330691
4787 12.067429
4788 12.355412
4789 11.559382
4790 11.894881
4791 10.571718
4792 9.885715
4793 11.285139
4794 10.133206
4795 11.465108
4796 10.676590
4797 9.432892
4798 9.671140
4799 9.304667
4800 11.703904
4801 12.885506
4802 10.321968
4803 12.016446
4804 10.290881
4805 11.382257
4806 10.695659
4807 9.292939
4808 9.897174
4809 9.863429
4810 8.643669
4811 9.562722
4812 8.936384
4813 10.572742
4814 11.265701
4815 11.774940
4816 10.087598
4817 9.635629
4818 10.349714
4819 11.877957
4820 11.445349
4821 11.392617
4822 10.367343
4823 11.341278
4824 11.919220
4825 11.131694
4826 11.327952
4827 11.926305
4828 10.546932
4829 11.989900
4830 9.556408
4831 6.714207
4832 8.921979
4833 8.799465
4834 13.076903
4835 11.937509
4836 11.483838
4837 11.006351
4838 12.108120
4839 8.748184
4840 12.384641
4841 11.626648
4842 10.143426
4843 12.042912
4844 12.077568
4845 12.695501
4846 11.558932
4847 12.357434
4848 10.474662
4849 12.104066
4850 10.469149
4851 9.228056
4852 11.005874
4853 8.141015
4854 9.450799
4855 9.205942
4856 11.326015
4857 10.228611
4858 10.501756
4859 11.780394
4860 12.029482
4861 11.399528
4862 12.026079
4863 11.205011
4864 11.540908
4865 11.560328
4866 12.055639
4867 12.508312
4868 11.476249
4869 12.012273
4870 11.594072
4871 12.052206
4872 11.222134
4873 11.459657
4874 9.442719
4875 11.618830
4876 11.060871
4877 12.629241
4878 11.870781
4879 10.905867
4880 12.055686
4881 10.471177
4882 11.486191
4883 12.292870
4884 12.431209
4885 12.467958
4886 13.420403
4887 11.640404
4888 13.165290
4889 12.050801
4890 13.278399
4891 11.900133
4892 14.627246
4893 13.158422
4894 13.219330
4895 11.498867
4896 11.213819
4897 12.041439
4898 10.786950
4899 11.504631
4900 12.194851
4901 10.738883
4902 10.136180
4903 11.552219
4904 9.913697
4905 8.176346
4906 7.927730
4907 7.587743
4908 9.155732
4909 9.214148
4910 9.640113
4911 9.335382
4912 8.569971
4913 9.074701
4914 8.657054
4915 8.596780
4916 7.161380
4917 7.477151
4918 8.880299
4919 9.683814
4920 8.414299
4921 8.558158
4922 8.798776
4923 8.521458
4924 8.460148
4925 9.188356
4926 8.858042
4927 7.765673
4928 7.697403
4929 9.685360
4930 9.179486
4931 8.384851
4932 7.965381
4933 8.206944
4934 8.100490
4935 8.681507
4936 9.243919
4937 8.691648
4938 9.290433
4939 8.279286
4940 8.284648
4941 8.387503
4942 8.377460
4943 8.167015
4944 8.005611
4945 8.094590
4946 8.509324
4947 8.556782
4948 7.660088
4949 8.076690
4950 7.735334
4951 8.426613
4952 7.993908
4953 8.301816
4954 6.985303
4955 8.473011
4956 8.512877
4957 9.486623
4958 8.383574
4959 9.714935
4960 7.652574
4961 9.127287
4962 7.860457
4963 8.676456
4964 7.756074
4965 7.916279
4966 7.760683
4967 9.187783
4968 8.802938
4969 7.953894
4970 8.477121
4971 7.940330
4972 6.795357
4973 7.695835
4974 5.342525
4975 7.366252
4976 7.338467
4977 5.525119
4978 6.295684
4979 8.761310
4980 10.533555
4981 8.317363
4982 8.500195
4983 8.761199
4984 9.369175
4985 6.866425
4986 8.620492
4987 8.413091
4988 8.853247
4989 7.708193
4990 7.616838
4991 7.866065
4992 8.045280
4993 8.193597
4994 7.616518
4995 8.260725
4996 7.987580
4997 7.187565
4998 8.587199
4999 7.732241
5000 8.561007
5001 3.474095

