
0 3.858847
1 3.773090
2 3.756418
3 3.483877
4 4.594442
5 3.744782
6 3.619959
7 3.733911
8 3.603596
9 3.823101
10 3.686978
11 3.858613
12 3.531770
13 3.927468
14 3.684140
15 3.367508
16 3.834449
17 4.066621
18 3.991956
19 3.812663
20 3.538165
21 3.790105
22 3.775472
23 3.850116
24 3.295617
25 3.704847
26 3.311043
27 3.501444
28 3.647959
29 3.484180
30 3.735799
31 3.801972
32 3.593453
33 3.826396
34 3.530071
35 3.792729
36 3.082500
37 3.593896
38 3.103159
39 3.186359
40 3.723330
41 3.531515
42 3.810145
43 3.850310
44 3.644694
45 3.878827
46 3.353342
47 3.807811
48 3.620965
49 3.393070
50 3.484751
51 3.768936
52 3.800657
53 3.696417
54 3.496541
55 3.463670
56 3.956640
57 3.290123
58 3.774508
59 3.419619
60 3.306447
61 3.574884
62 3.419374
63 3.522811
64 3.611551
65 4.082218
66 5.606326
67 3.706856
68 3.540369
69 3.412959
70 3.377706
71 3.636839
72 3.701025
73 3.806520
74 4.424861
75 4.497920
76 3.681388
77 6.011564
78 3.624777
79 3.791001
80 3.781772
81 3.650506
82 3.687644
83 3.774266
84 3.980376
85 3.528710
86 3.778278
87 6.257994
88 5.859634
89 6.896862
90 6.276966
91 6.207617
92 6.733010
93 7.453824
94 7.844451
95 6.334208
96 6.700275
97 7.348699
98 6.321306
99 7.234287
100 4.998180
101 7.486316
102 8.047472
103 6.224886
104 5.338193
105 6.594127
106 7.132362
107 7.099823
108 9.533208
109 9.149209
110 9.552328
111 10.315551
112 8.889031
113 10.246142
114 9.163592
115 9.751893
116 9.952342
117 9.790869
118 9.358693
119 9.790232
120 9.688391
121 6.172860
122 8.683411
123 7.496471
124 7.169248
125 8.282549
126 8.593336
127 7.588589
128 7.978436
129 7.687861
130 8.771323
131 7.837270
132 7.658635
133 6.108634
134 8.689367
135 7.157769
136 6.977305
137 5.741897
138 5.827497
139 3.753546
140 3.736868
141 3.877381
142 3.638691
143 3.674493
144 3.838987
145 3.934184
146 3.752993
147 3.696459
148 3.473508
149 6.535482
150 6.219308
151 7.278909
152 5.863659
153 6.501351
154 6.653571
155 6.136683
156 6.910355
157 7.104047
158 6.213557
159 6.453532
160 6.015604
161 6.498576
162 5.073718
163 3.726782
164 5.416621
165 5.601400
166 3.504869
167 6.558864
168 7.320832
169 7.686566
170 8.698952
171 8.094579
172 9.289614
173 6.630920
174 7.655829
175 7.681004
176 6.304117
177 5.928356
178 5.648839
179 6.680644
180 6.563238
181 8.224501
182 5.474861
183 4.314263
184 6.233473
185 6.818334
186 6.648271
187 6.026657
188 7.446483
189 6.384137
190 7.625550
191 6.929782
192 6.277641
193 5.401603
194 6.258138
195 6.843991
196 7.381964
197 7.793934
198 10.235313
199 6.959502
200 5.798975
201 8.635984
202 8.814363
203 8.122009
204 6.061402
205 7.464314
206 7.365141
207 5.821941
208 7.331808
209 8.368238
210 8.877230
211 7.445436
212 7.375243
213 8.146839
214 5.434712
215 7.691307
216 6.669671
217 3.620938
218 3.681561
219 3.813725
220 3.586211
221 3.858395
222 3.713475
223 5.659976
224 5.807530
225 3.920380
226 3.729945
227 3.773248
228 3.777591
229 3.558331
230 3.537965
231 3.758193
232 4.046738
233 3.789103
234 3.731675
235 3.828562
236 4.029453
237 3.927190
238 3.626266
239 4.089046
240 3.779840
241 3.837151
242 3.846792
243 3.870569
244 3.640397
245 6.715908
246 7.920571
247 6.557263
248 6.935749
249 4.801050
250 7.012760
251 7.904337
252 9.948201
253 9.925824
254 9.578967
255 9.201874
256 8.774196
257 11.474990
258 10.193817
259 10.302258
260 10.376171
261 10.099488
262 10.692607
263 10.371932
264 9.400276
265 10.259970
266 9.086860
267 9.269099
268 9.130242
269 8.740732
270 8.938484
271 9.784739
272 10.529584
273 10.532600
274 8.256696
275 8.874352
276 10.556717
277 9.425207
278 8.433133
279 6.849722
280 5.931375
281 6.116640
282 6.099951
283 8.441931
284 8.543261
285 7.530685
286 7.356990
287 6.148284
288 6.135715
289 6.376128
290 6.233274
291 6.106859
292 7.237999
293 7.731139
294 5.875815
295 6.241962
296 7.229847
297 6.434043
298 8.080364
299 8.131076
300 7.957751
301 8.392998
302 7.068655
303 7.223912
304 5.233028
305 6.277691
306 6.373611
307 7.270226
308 5.770720
309 6.623073
310 6.405444
311 5.432108
312 6.068725
313 8.181742
314 7.510779
315 7.936059
316 8.857498
317 10.121036
318 8.577320
319 8.910636
320 9.789529
321 8.624084
322 10.190909
323 7.623503
324 9.428514
325 8.829095
326 7.519211
327 6.118446
328 5.397685
329 6.513677
330 9.926702
331 8.974332
332 9.412640
333 8.210858
334 8.163334
335 6.146382
336 8.357496
337 8.310317
338 5.368631
339 6.174462
340 6.313312
341 9.095856
342 10.492497
343 8.310154
344 8.591918
345 7.743190
346 7.666161
347 6.806512
348 6.896026
349 6.463027
350 6.851058
351 7.775985
352 7.540030
353 6.993147
354 6.892789
355 6.373078
356 6.174376
357 6.563644
358 6.082344
359 6.984746
360 6.834362
361 7.599137
362 4.962551
363 5.851820
364 6.582545
365 4.901299
366 6.963009
367 6.007239
368 5.375553
369 3.680680
370 5.337498
371 6.159173
372 5.456714
373 5.865501
374 5.959665
375 6.802359
376 6.451254
377 6.469287
378 8.916864
379 9.694873
380 8.496171
381 9.187278
382 7.955112
383 9.302935
384 7.767536
385 7.742743
386 7.813154
387 7.306633
388 8.653913
389 7.857150
390 7.357922
391 7.075614
392 8.156723
393 8.285416
394 7.329128
395 6.810014
396 8.145240
397 8.102420
398 5.481359
399 8.318932
400 8.029313
401 6.986537
402 7.600192
403 7.163079
404 9.392390
405 7.387923
406 6.926507
407 8.684619
408 8.268289
409 8.422286
410 8.784361
411 7.350563
412 8.482142
413 5.469168
414 6.192164
415 6.386620
416 7.138985
417 8.006560
418 9.347973
419 8.947637
420 10.370450
421 8.760764
422 8.564940
423 8.377930
424 8.350622
425 9.369898
426 9.050072
427 9.562394
428 8.991825
429 8.086840
430 7.761534
431 8.517126
432 7.456067
433 10.276871
434 8.904924
435 8.821843
436 7.494510
437 8.535069
438 8.675552
439 7.790327
440 8.997437
441 8.876336
442 6.848342
443 6.581573
444 5.869021
445 7.212080
446 6.485753
447 5.662704
448 7.166373
449 6.635676
450 7.702482
451 5.914711
452 4.945443
453 5.881981
454 7.941449
455 7.432853
456 6.554152
457 6.380299
458 5.886033
459 6.237114
460 6.229967
461 6.453589
462 6.348090
463 7.706316
464 9.926587
465 9.020926
466 7.969749
467 8.608774
468 7.342896
469 7.701806
470 6.381395
471 5.813476
472 6.279792
473 7.761733
474 6.619735
475 6.357467
476 9.077169
477 9.042305
478 7.780110
479 8.103745
480 6.634140
481 6.800514
482 7.386163
483 5.931250
484 6.551680
485 6.790294
486 8.365501
487 6.827665
488 6.600955
489 6.429891
490 5.481843
491 7.078601
492 6.977069
493 5.671999
494 6.465465
495 7.011931
496 5.926188
497 7.599805
498 6.248344
499 5.471354
500 5.075361
501 6.515341
502 6.853275
503 5.607906
504 6.247385
505 6.617990
506 6.768479
507 6.246872
508 5.713221
509 7.061452
510 5.979658
511 5.740149
512 6.760252
513 6.869788
514 5.915929
515 5.777594
516 6.409883
517 6.317173
518 8.944373
519 8.612415
520 8.372198
521 6.994884
522 7.940008
523 7.414729
524 8.986264
525 9.008142
526 8.775636
527 10.010382
528 8.773609
529 8.215777
530 8.771119
531 7.053937
532 7.973388
533 8.415231
534 7.705246
535 8.204729
536 7.021213
537 7.220778
538 6.938450
539 7.028257
540 8.637070
541 7.211720
542 6.807954
543 6.575515
544 7.516068
545 5.444458
546 7.014050
547 5.765941
548 7.332354
549 6.726283
550 6.499922
551 6.761958
552 5.352390
553 7.820249
554 5.521856
555 6.506430
556 6.292437
557 7.588854
558 5.948470
559 7.126303
560 8.132835
561 6.625368
562 7.470938
563 7.086080
564 6.469453
565 3.645080
566 5.794970
567 6.234526
568 6.167190
569 7.242252
570 7.478378
571 5.865979
572 6.259432
573 7.384939
574 5.562456
575 7.396743
576 8.466248
577 6.330671
578 5.903573
579 7.787446
580 9.630412
581 5.913398
582 5.858438
583 3.441235
584 6.836380
585 5.747810
586 5.508284
587 6.372133
588 5.610659
589 5.483593
590 5.915175
591 6.050655
592 5.862542
593 5.916773
594 6.950698
595 7.592615
596 6.774571
597 6.494499
598 5.227138
599 7.494753
600 6.464936
601 7.302665
602 5.647105
603 5.564818
604 5.896583
605 5.306496
606 5.471097
607 3.776665
608 5.306693
609 6.109287
610 6.014582
611 7.404906
612 7.134466
613 6.460883
614 5.704709
615 7.782905
616 8.788685
617 9.391798
618 8.868511
619 8.762980
620 9.062644
621 8.412148
622 8.897264
623 8.247054
624 8.708323
625 8.357912
626 9.355742
627 9.318523
628 9.577396
629 7.793363
630 9.640142
631 6.765309
632 7.155291
633 5.858677
634 5.647530
635 6.226013
636 5.543654
637 6.152823
638 5.406097
639 5.959243
640 5.573114
641 5.609539
642 5.959288
643 8.796647
644 7.778496
645 8.898395
646 8.995436
647 5.610045
648 5.741029
649 7.970881
650 8.793118
651 9.922761
652 9.652648
653 10.201059
654 7.970884
655 6.051398
656 6.354007
657 5.968368
658 6.055691
659 8.020315
660 8.904221
661 9.503836
662 9.003871
663 9.903955
664 9.427942
665 9.800616
666 9.581523
667 9.941208
668 10.379831
669 9.956053
670 8.922994
671 9.638721
672 7.221883
673 8.330078
674 6.000576
675 7.707250
676 8.302294
677 7.033249
678 7.915761
679 7.598375
680 9.048811
681 9.291339
682 9.536252
683 9.613920
684 9.187243
685 9.192306
686 8.839561
687 9.446591
688 9.647539
689 9.136520
690 8.860399
691 9.485392
692 8.782773
693 7.050229
694 6.104759
695 6.440537
696 5.955109
697 6.349260
698 5.395589
699 7.887237
700 6.042417
701 7.958983
702 4.830344
703 6.945569
704 8.711108
705 7.695839
706 5.096213
707 6.544693
708 5.423080
709 5.913577
710 6.510922
711 10.081007
712 11.067090
713 8.927385
714 9.898391
715 7.319979
716 10.211380
717 8.645644
718 7.665123
719 9.047850
720 9.171751
721 7.971626
722 7.800546
723 8.901161
724 8.970430
725 8.505547
726 7.593070
727 6.753318
728 7.077085
729 5.819022
730 5.781697
731 8.878279
732 9.201637
733 8.286483
734 7.950974
735 10.282651
736 8.323060
737 6.583276
738 7.210755
739 10.634270
740 8.409106
741 10.253452
742 9.617766
743 11.523720
744 10.428777
745 9.379431
746 8.535069
747 9.637501
748 10.600407
749 9.470844
750 9.939472
751 10.454178
752 9.995264
753 10.472368
754 10.204602
755 10.019650
756 8.856471
757 10.676452
758 10.226259
759 8.152069
760 7.190946
761 8.143600
762 9.739313
763 8.720201
764 10.171926
765 6.371962
766 10.158901
767 10.374865
768 5.885177
769 6.905134
770 6.237861
771 6.407533
772 5.716163
773 5.650321
774 6.476124
775 6.140553
776 7.329054
777 6.354369
778 7.353722
779 9.094055
780 7.641900
781 7.878023
782 6.892332
783 7.283428
784 7.977001
785 9.962635
786 10.238102
787 7.156747
788 9.046425
789 8.900996
790 8.067328
791 7.972065
792 9.423960
793 7.221751
794 7.309864
795 8.052634
796 9.045474
797 6.273826
798 5.986025
799 5.855937
800 5.337011
801 5.757898
802 4.546559
803 5.284978
804 6.085950
805 3.792003
806 3.725064
807 3.597569
808 3.420438
809 3.643486
810 6.038618
811 5.639378
812 5.457160
813 6.815673
814 6.850474
815 6.867096
816 7.808548
817 6.701023
818 7.381822
819 7.069752
820 6.105537
821 8.076703
822 8.623415
823 8.280351
824 6.766469
825 9.138775
826 8.720354
827 8.706491
828 8.976994
829 8.071344
830 8.589350
831 8.678329
832 6.593248
833 7.267359
834 5.258422
835 7.628980
836 7.438913
837 6.078831
838 7.239178
839 7.047338
840 6.621690
841 6.635285
842 5.805465
843 6.193312
844 7.346652
845 6.592512
846 6.302364
847 6.483602
848 5.685605
849 7.368726
850 5.814137
851 5.399464
852 6.599698
853 6.700532
854 5.907832
855 7.312237
856 7.389078
857 5.403203
858 7.898562
859 7.194679
860 5.537384
861 6.605348
862 6.022807
863 5.807805
864 7.072352
865 7.548260
866 7.674232
867 7.062812
868 5.290946
869 7.385130
870 8.327359
871 5.463872
872 5.007654
873 6.324594
874 3.737460
875 3.515537
876 4.059275
877 3.837629
878 3.725307
879 3.385292
880 3.514856
881 3.883583
882 7.605378
883 6.039612
884 3.546338
885 3.523477
886 3.660111
887 3.616239
888 3.876364
889 3.693966
890 3.743752
891 3.821935
892 3.935530
893 3.679198
894 3.812268
895 3.873063
896 3.570237
897 3.817159
898 3.646555
899 3.820445
900 3.404320
901 3.545559
902 3.229012
903 3.619073
904 3.929134
905 3.622955
906 3.660503
907 3.850015
908 3.550013
909 3.641059
910 3.981835
911 3.403379
912 3.579359
913 3.744342
914 3.490747
915 3.398955
916 3.742313
917 3.183156
918 3.368386
919 3.070407
920 3.715306
921 3.117851
922 3.417338
923 5.175810
924 3.221011
925 3.599684
926 7.134668
927 5.214298
928 7.388625
929 5.733361
930 6.358174
931 11.132480
932 10.083481
933 6.333315
934 7.393787
935 7.236036
936 6.890696
937 6.451766
938 7.891654
939 6.498037
940 6.929109
941 7.314664
942 5.616762
943 6.945826
944 5.763638
945 7.550186
946 5.868167
947 6.758122
948 7.387779
949 6.658752
950 5.571049
951 5.885861
952 7.010927
953 6.261804
954 5.810774
955 6.253205
956 4.836542
957 7.009580
958 6.449854
959 6.564487
960 5.194642
961 7.114548
962 7.448799
963 6.714879
964 6.969432
965 7.133955
966 6.443261
967 7.754594
968 6.326208
969 6.939669
970 7.160369
971 6.861732
972 6.853709
973 10.143814
974 10.692060
975 7.242105
976 6.875101
977 6.922262
978 6.750747
979 6.861462
980 7.270176
981 6.785342
982 7.202429
983 7.232108
984 7.952617
985 6.179530
986 6.341716
987 5.964185
988 10.108024
989 7.513815
990 5.964281
991 7.957235
992 7.068635
993 6.237894
994 6.265059
995 6.754447
996 7.145169
997 7.616652
998 7.690027
999 7.737534
1000 7.394486
1001 7.015264
1002 9.765122
1003 9.541493
1004 9.996005
1005 10.181576
1006 9.922753
1007 9.458386
1008 8.460241
1009 7.962852
1010 8.694011
1011 8.628498
1012 8.153319
1013 8.334465
1014 8.808905
1015 10.619686
1016 9.436874
1017 9.447331
1018 8.881430
1019 10.143692
1020 10.835710
1021 9.618724
1022 10.695800
1023 9.039991
1024 9.228721
1025 8.818345
1026 8.264296
1027 8.966100
1028 8.599686
1029 9.054537
1030 6.148016
1031 6.289190
1032 5.414258
1033 9.431745
1034 9.633150
1035 9.745739
1036 7.352831
1037 6.655081
1038 9.145889
1039 6.616440
1040 7.074949
1041 7.154132
1042 6.904846
1043 7.551512
1044 7.001900
1045 7.209403
1046 7.358191
1047 6.653368
1048 7.486588
1049 6.408282
1050 7.160949
1051 6.822999
1052 7.293738
1053 6.945696
1054 6.708956
1055 7.052674
1056 7.822386
1057 7.370250
1058 6.946867
1059 8.665430
1060 7.443124
1061 7.559559
1062 8.517475
1063 7.847937
1064 7.203409
1065 6.696520
1066 7.666673
1067 6.380519
1068 7.691470
1069 9.574680
1070 6.281321
1071 7.899397
1072 5.939259
1073 6.290421
1074 8.020689
1075 7.044161
1076 7.176526
1077 6.511178
1078 9.409920
1079 7.205700
1080 7.306936
1081 7.051977
1082 6.045381
1083 6.738617
1084 6.108092
1085 6.303275
1086 6.336119
1087 7.920436
1088 6.024899
1089 5.557023
1090 6.199526
1091 6.861453
1092 5.932292
1093 6.515804
1094 7.037310
1095 6.155556
1096 7.452277
1097 6.956673
1098 6.536943
1099 5.019350
1100 5.618227
1101 5.929744
1102 5.860034
1103 5.424198
1104 5.980743
1105 5.992235
1106 6.380825
1107 6.330693
1108 7.377605
1109 6.458182
1110 7.485528
1111 6.571634
1112 5.647675
1113 5.485142
1114 6.852160
1115 5.649928
1116 5.791627
1117 8.071340
1118 5.964510
1119 7.406084
1120 7.671623
1121 9.914140
1122 10.537026
1123 8.834468
1124 8.845706
1125 8.856518
1126 7.897980
1127 6.199429
1128 5.511929
1129 5.060700
1130 4.638629
1131 5.909875
1132 7.588418
1133 6.226949
1134 6.669229
1135 3.899821
1136 3.367090
1137 3.197952
1138 3.698285
1139 3.453257
1140 3.250127
1141 7.329128
1142 6.625180
1143 8.381160
1144 5.900169
1145 8.739074
1146 7.731967
1147 9.178677
1148 8.393366
1149 6.601500
1150 6.492642
1151 8.043270
1152 9.496162
1153 6.969893
1154 7.910587
1155 5.757448
1156 9.083226
1157 6.557952
1158 7.094285
1159 5.786702
1160 5.278162
1161 5.851616
1162 7.237990
1163 7.203948
1164 5.877704
1165 7.853922
1166 8.774656
1167 7.631860
1168 5.499625
1169 8.361226
1170 8.032957
1171 7.207427
1172 6.955877
1173 8.135564
1174 8.082921
1175 8.304390
1176 7.988900
1177 8.895808
1178 9.080225
1179 6.599349
1180 7.196783
1181 7.091218
1182 9.078029
1183 9.149656
1184 9.556275
1185 9.886602
1186 8.446904
1187 8.291134
1188 7.851294
1189 8.307233
1190 8.396058
1191 7.894319
1192 7.351089
1193 6.788153
1194 9.486777
1195 8.383318
1196 8.289879
1197 6.014457
1198 8.458492
1199 7.591975
1200 5.723224
1201 4.885326
1202 5.587280
1203 7.309871
1204 7.720396
1205 6.652639
1206 7.915288
1207 6.634711
1208 7.919919
1209 7.681267
1210 8.567152
1211 8.853303
1212 8.101865
1213 7.816688
1214 8.589261
1215 9.662480
1216 8.445105
1217 8.702992
1218 8.354126
1219 7.892344
1220 7.215185
1221 6.174681
1222 7.183612
1223 6.538401
1224 6.436172
1225 7.217022
1226 6.545113
1227 6.759037
1228 8.031571
1229 7.492437
1230 8.916110
1231 8.428221
1232 10.654512
1233 9.207411
1234 8.377006
1235 7.352700
1236 8.426797
1237 9.359370
1238 7.514825
1239 8.186660
1240 8.098365
1241 7.305675
1242 9.302608
1243 8.110154
1244 8.675517
1245 6.122328
1246 6.318899
1247 6.418288
1248 5.927522
1249 5.137529
1250 5.870927
1251 6.121193
1252 8.687842
1253 8.963336
1254 9.381023
1255 10.268952
1256 8.394765
1257 10.145133
1258 5.332486
1259 5.051862
1260 6.762115
1261 8.301831
1262 10.030929
1263 10.937066
1264 7.748399
1265 7.967043
1266 8.738793
1267 8.216754
1268 6.800837
1269 7.471353
1270 5.509537
1271 5.921562
1272 6.768020
1273 9.059146
1274 7.466841
1275 7.160016
1276 7.390495
1277 9.733826
1278 9.605083
1279 7.567490
1280 6.615382
1281 5.053326
1282 5.400852
1283 5.667319
1284 5.822764
1285 5.294119
1286 8.526082
1287 5.859726
1288 5.523277
1289 5.033030
1290 5.466445
1291 5.763515
1292 5.733036
1293 6.277771
1294 5.144793
1295 6.004183
1296 6.391508
1297 5.622455
1298 5.594392
1299 4.958156
1300 5.630036
1301 3.332806
1302 3.586057
1303 4.014951
1304 3.219273
1305 3.256883
1306 3.312658
1307 3.583714
1308 3.539650
1309 3.160537
1310 3.407887
1311 3.888896
1312 3.281859
1313 3.736602
1314 3.455590
1315 3.617140
1316 5.586718
1317 3.382974
1318 3.620553
1319 3.849325
1320 5.491545
1321 5.578512
1322 4.606702
1323 3.654217
1324 3.131212
1325 3.156787
1326 5.621113
1327 7.769356
1328 8.025267
1329 7.634533
1330 5.080551
1331 5.474971
1332 5.818212
1333 5.421679
1334 5.407820
1335 5.816141
1336 5.570009
1337 5.602981
1338 5.078790
1339 6.900993
1340 5.127660
1341 6.019452
1342 5.550153
1343 5.476013
1344 5.524617
1345 5.500564
1346 5.815297
1347 6.530971
1348 7.966609
1349 5.800392
1350 6.700346
1351 5.002501
1352 4.823029
1353 3.841847
1354 5.236890
1355 6.706551
1356 5.691381
1357 5.591933
1358 5.169729
1359 5.637678
1360 6.943493
1361 5.735623
1362 7.325505
1363 6.758056
1364 6.126157
1365 8.695224
1366 6.419393
1367 7.117091
1368 7.009287
1369 7.240456
1370 6.672879
1371 5.827262
1372 7.311342
1373 8.498495
1374 5.841009
1375 7.707783
1376 9.370836
1377 10.341925
1378 9.439990
1379 9.945616
1380 10.658993
1381 9.836129
1382 7.574462
1383 8.234405
1384 7.994328
1385 7.573771
1386 10.212181
1387 10.138534
1388 7.863339
1389 8.955188
1390 8.749406
1391 7.305950
1392 9.009252
1393 8.458497
1394 9.331050
1395 8.418694
1396 8.379934
1397 6.744968
1398 9.327508
1399 9.180680
1400 8.422998
1401 8.257341
1402 8.571610
1403 8.596755
1404 9.378597
1405 8.646027
1406 8.805571
1407 8.242991
1408 10.051313
1409 9.708971
1410 8.703476
1411 10.030499
1412 9.005088
1413 9.837462
1414 9.316727
1415 8.575700
1416 9.052834
1417 9.941675
1418 9.741859
1419 10.403487
1420 9.844949
1421 11.029497
1422 11.413175
1423 10.017482
1424 10.064051
1425 11.030129
1426 7.549126
1427 6.730299
1428 7.187169
1429 7.376925
1430 7.675539
1431 6.875857
1432 8.658880
1433 8.944736
1434 8.209678
1435 7.922292
1436 7.895026
1437 9.594046
1438 8.630307
1439 9.008957
1440 8.929686
1441 8.842413
1442 9.490653
1443 8.881680
1444 9.641500
1445 9.143206
1446 8.979054
1447 8.882978
1448 9.445221
1449 8.280344
1450 8.668043
1451 7.677532
1452 8.387902
1453 8.214925
1454 8.630152
1455 9.092031
1456 8.748916
1457 7.922840
1458 6.326851
1459 7.996381
1460 6.320958
1461 9.658562
1462 7.674151
1463 7.105695
1464 7.461060
1465 6.588786
1466 8.228711
1467 9.162500
1468 9.641433
1469 8.426758
1470 10.048174
1471 10.117513
1472 9.584555
1473 9.376241
1474 9.169309
1475 10.664690
1476 7.839612
1477 10.423755
1478 7.425665
1479 8.346051
1480 8.529877
1481 7.463552
1482 7.701260
1483 8.325580
1484 9.246826
1485 9.513195
1486 9.827483
1487 8.354610
1488 6.595165
1489 7.520784
1490 6.809958
1491 9.326979
1492 6.367817
1493 8.987163
1494 8.515523
1495 8.358768
1496 7.663190
1497 6.948454
1498 7.149666
1499 9.641166
1500 10.209372
1501 8.091237
1502 8.811272
1503 5.954134
1504 7.569105
1505 8.482707
1506 6.435594
1507 6.567776
1508 6.082968
1509 6.268174
1510 4.723729
1511 7.066103
1512 6.996284
1513 6.784084
1514 5.719284
1515 6.124786
1516 5.880723
1517 6.158841
1518 8.700410
1519 6.368093
1520 7.400635
1521 7.862933
1522 7.994722
1523 5.200163
1524 6.663199
1525 7.556680
1526 6.075220
1527 7.610165
1528 7.649996
1529 6.269297
1530 7.109138
1531 6.800102
1532 6.163491
1533 6.001500
1534 3.881417
1535 3.786423
1536 3.730015
1537 3.617096
1538 3.764291
1539 3.790000
1540 3.618964
1541 3.658481
1542 4.086528
1543 3.769695
1544 3.750748
1545 3.606743
1546 3.492121
1547 3.330425
1548 3.547027
1549 3.556921
1550 3.632710
1551 3.157880
1552 3.533340
1553 3.439142
1554 3.621341
1555 3.450999
1556 3.800181
1557 3.952517
1558 3.339581
1559 3.507435
1560 3.330855
1561 3.249510
1562 3.497840
1563 3.516021
1564 3.609375
1565 3.546299
1566 3.614681
1567 3.239520
1568 3.260890
1569 3.249184
1570 3.151985
1571 3.183050
1572 3.048590
1573 3.564183
1574 3.663894
1575 3.435476
1576 3.088530
1577 3.425754
1578 3.414822
1579 5.771697
1580 7.487813
1581 5.684574
1582 6.457886
1583 8.443914
1584 6.143948
1585 5.831578
1586 5.566363
1587 5.389789
1588 4.766005
1589 5.297141
1590 5.889727
1591 5.620517
1592 5.842534
1593 5.309267
1594 5.649186
1595 5.529794
1596 5.549272
1597 5.417231
1598 5.911420
1599 4.622046
1600 5.562741
1601 5.450700
1602 5.511187
1603 6.056245
1604 3.647274
1605 3.377972
1606 5.820147
1607 5.707022
1608 6.206005
1609 6.582568
1610 5.407876
1611 7.621241
1612 5.899102
1613 7.140428
1614 6.266021
1615 5.924390
1616 5.416059
1617 5.489999
1618 6.127202
1619 4.846453
1620 5.623249
1621 5.659771
1622 5.728086
1623 6.666979
1624 6.744264
1625 6.615520
1626 5.321833
1627 5.658676
1628 5.358593
1629 5.194314
1630 5.640869
1631 5.480394
1632 5.690597
1633 5.610926
1634 7.079493
1635 9.133447
1636 5.689342
1637 5.685079
1638 5.519186
1639 5.681481
1640 5.336871
1641 5.669304
1642 6.008286
1643 5.918623
1644 3.150178
1645 3.860789
1646 3.752575
1647 3.816203
1648 3.404025
1649 3.533962
1650 3.359538
1651 3.562708
1652 3.842891
1653 3.186298
1654 3.288189
1655 3.229241
1656 3.418551
1657 3.739063
1658 3.471671
1659 3.213551
1660 3.475813
1661 3.074751
1662 3.456561
1663 3.409661
1664 3.189780
1665 3.319246
1666 3.504585
1667 3.843982
1668 4.041312
1669 3.106590
1670 3.077482
1671 3.210624
1672 3.472262
1673 3.581200
1674 3.141178
1675 3.669237
1676 3.252168
1677 3.345086
1678 3.339894
1679 3.429926
1680 3.516957
1681 3.348093
1682 3.496886
1683 3.716680
1684 3.375174
1685 3.532945
1686 3.310561
1687 3.129106
1688 3.431632
1689 3.540748
1690 3.623300
1691 3.650494
1692 3.153744
1693 3.412653
1694 3.497771
1695 3.288298
1696 3.245013
1697 3.249816
1698 3.277896
1699 3.788048
1700 3.487247
1701 3.209193
1702 3.442341
1703 3.486231
1704 3.602056
1705 3.640235
1706 3.461747
1707 3.639149
1708 3.583197
1709 3.639862
1710 3.228082
1711 3.484250
1712 3.459608
1713 3.697376
1714 3.608062
1715 3.561798
1716 3.404174
1717 3.476119
1718 3.718722
1719 3.379821
1720 3.109743
1721 3.376478
1722 3.748146
1723 3.643378
1724 3.872492
1725 3.926131
1726 5.646381
1727 6.299955
1728 5.587013
1729 6.422811
1730 7.021667
1731 6.845627
1732 8.490251
1733 8.707887
1734 6.283097
1735 6.846838
1736 5.627798
1737 7.502165
1738 8.117939
1739 8.122598
1740 8.874306
1741 8.392107
1742 8.591956
1743 8.702765
1744 9.636165
1745 9.157566
1746 8.868924
1747 10.575503
1748 9.318851
1749 10.527456
1750 10.506043
1751 11.373239
1752 9.741885
1753 6.909251
1754 8.976556
1755 8.179282
1756 9.201159
1757 7.705121
1758 7.543270
1759 6.467968
1760 8.391954
1761 6.494837
1762 7.969666
1763 8.166848
1764 7.900750
1765 7.749877
1766 9.056753
1767 8.285292
1768 8.446449
1769 8.887662
1770 8.170300
1771 7.555858
1772 9.128610
1773 9.091980
1774 8.164073
1775 8.784607
1776 9.770707
1777 10.192836
1778 7.455986
1779 6.997208
1780 8.151228
1781 8.712584
1782 8.295791
1783 8.763982
1784 7.742873
1785 9.539398
1786 8.651532
1787 8.567484
1788 8.722867
1789 8.998000
1790 8.391031
1791 8.992647
1792 9.001217
1793 8.844313
1794 7.688702
1795 5.817776
1796 9.019081
1797 7.220395
1798 7.057837
1799 7.668938
1800 7.017300
1801 8.642598
1802 8.188393
1803 7.510426
1804 8.518880
1805 6.801729
1806 6.282562
1807 5.815476
1808 6.358553
1809 5.608049
1810 5.263723
1811 5.383588
1812 5.662375
1813 5.398945
1814 5.831886
1815 5.528201
1816 5.478577
1817 5.612861
1818 5.632576
1819 5.597948
1820 7.167768
1821 8.057660
1822 7.560583
1823 7.825972
1824 6.779709
1825 7.250297
1826 3.943667
1827 3.609892
1828 4.789289
1829 6.778046
1830 6.029445
1831 8.158096
1832 7.387507
1833 5.542861
1834 8.809831
1835 6.648535
1836 5.153972
1837 5.587450
1838 7.851133
1839 5.631714
1840 5.652405
1841 6.395319
1842 8.020581
1843 6.294894
1844 6.660108
1845 5.271328
1846 7.632699
1847 6.499069
1848 7.720421
1849 7.620586
1850 9.340499
1851 8.675101
1852 7.881339
1853 8.829304
1854 8.804291
1855 7.653561
1856 8.146546
1857 7.624709
1858 7.433337
1859 6.135104
1860 7.304616
1861 7.927441
1862 6.872983
1863 7.186752
1864 8.042896
1865 8.871352
1866 7.233113
1867 9.437167
1868 8.664208
1869 6.331422
1870 9.794616
1871 10.182114
1872 8.116854
1873 5.552919
1874 6.432496
1875 7.212947
1876 7.160231
1877 8.107163
1878 6.588726
1879 6.515749
1880 7.433586
1881 6.865429
1882 5.776956
1883 6.139609
1884 7.671674
1885 8.455795
1886 8.185287
1887 6.608057
1888 7.375168
1889 6.368266
1890 5.714620
1891 6.090288
1892 6.824318
1893 6.035017
1894 7.400129
1895 5.874188
1896 6.767163
1897 6.628378
1898 6.181948
1899 5.958438
1900 5.209090
1901 5.543331
1902 5.671834
1903 5.630497
1904 5.741168
1905 5.537924
1906 6.054832
1907 6.054179
1908 5.868433
1909 5.582530
1910 6.395326
1911 7.409236
1912 7.667348
1913 5.724761
1914 3.555923
1915 7.030205
1916 7.379573
1917 7.010264
1918 5.325310
1919 6.070998
1920 5.924416
1921 5.606462
1922 6.313748
1923 6.182373
1924 6.570384
1925 5.924266
1926 6.002784
1927 6.701126
1928 6.232905
1929 6.027022
1930 5.384049
1931 5.689414
1932 5.659073
1933 5.839941
1934 6.135131
1935 6.270014
1936 6.029569
1937 4.843822
1938 9.173859
1939 8.153172
1940 6.218923
1941 5.816099
1942 7.345723
1943 6.661299
1944 8.134697
1945 7.698298
1946 8.127422
1947 7.508246
1948 8.404463
1949 6.177152
1950 5.209779
1951 5.189036
1952 7.449530
1953 3.934056
1954 5.545718
1955 3.270304
1956 3.598407
1957 3.842017
1958 3.776426
1959 3.661981
1960 3.581804
1961 3.971423
1962 3.850676
1963 5.166750
1964 6.581374
1965 6.316616
1966 7.589453
1967 5.972846
1968 7.207580
1969 7.031848
1970 5.667954
1971 6.004504
1972 8.136253
1973 9.419283
1974 6.611121
1975 5.527178
1976 5.843424
1977 7.874650
1978 9.135676
1979 8.941646
1980 8.955679
1981 10.080328
1982 8.045440
1983 9.208924
1984 8.149321
1985 8.211516
1986 7.931377
1987 8.088722
1988 8.510951
1989 8.235618
1990 8.904977
1991 9.886805
1992 6.916423
1993 5.933052
1994 7.557437
1995 7.645110
1996 6.993853
1997 8.663104
1998 9.041288
1999 10.111884
2000 8.156056
2001 8.260710
2002 9.790063
2003 5.846307
2004 5.566813
2005 5.526698
2006 6.514301
2007 4.887249
2008 4.940588
2009 5.396906
2010 4.917918
2011 6.870087
2012 6.740905
2013 6.245870
2014 7.302166
2015 8.924577
2016 8.698413
2017 10.137263
2018 10.010847
2019 9.499125
2020 8.677445
2021 9.188792
2022 9.127475
2023 9.763862
2024 8.159739
2025 9.513446
2026 9.682531
2027 9.703532
2028 9.239230
2029 7.156298
2030 9.621534
2031 9.840194
2032 7.613395
2033 9.579620
2034 9.044888
2035 8.486346
2036 9.280016
2037 8.071444
2038 5.944763
2039 10.549340
2040 9.217535
2041 9.560410
2042 10.545510
2043 9.427800
2044 10.116450
2045 10.300685
2046 9.460028
2047 7.596276
2048 7.084590
2049 9.618874
2050 9.065942
2051 8.961432
2052 9.017643
2053 7.537918
2054 6.930412
2055 7.107889
2056 7.755014
2057 7.073251
2058 6.209243
2059 6.299573
2060 6.650031
2061 8.127910
2062 7.810767
2063 9.076199
2064 7.837819
2065 9.545560
2066 7.762564
2067 8.646028
2068 9.653585
2069 9.350739
2070 8.240588
2071 7.684464
2072 7.432221
2073 8.912748
2074 7.612320
2075 8.702311
2076 10.125464
2077 7.955353
2078 7.177701
2079 6.626986
2080 9.881327
2081 8.748636
2082 8.779510
2083 9.879141
2084 9.700462
2085 9.255582
2086 9.010740
2087 8.700788
2088 10.255409
2089 8.135194
2090 7.106294
2091 9.164570
2092 9.398268
2093 7.223601
2094 7.359955
2095 8.097168
2096 5.562834
2097 5.814136
2098 6.212777
2099 6.291589
2100 6.842260
2101 7.623732
2102 6.718886
2103 6.596490
2104 6.110338
2105 6.318120
2106 7.756121
2107 7.906129
2108 6.099738
2109 7.444790
2110 6.149977
2111 7.286872
2112 8.565078
2113 4.587343
2114 5.460413
2115 6.491657
2116 6.542177
2117 6.627464
2118 5.960984
2119 5.875557
2120 7.208095
2121 5.686827
2122 4.570165
2123 5.604874
2124 5.550732
2125 6.868623
2126 6.777759
2127 5.968872
2128 6.789155
2129 7.241448
2130 5.528703
2131 6.811379
2132 7.749967
2133 6.487611
2134 6.939992
2135 7.239478
2136 7.593155
2137 9.336127
2138 10.518645
2139 10.245511
2140 9.410133
2141 9.167181
2142 8.891326
2143 9.719025
2144 9.865295
2145 10.035565
2146 10.275214
2147 10.064178
2148 8.361369
2149 6.645682
2150 6.662875
2151 6.082253
2152 8.410434
2153 8.511133
2154 7.244734
2155 6.447742
2156 6.529919
2157 6.899461
2158 8.053082
2159 6.402853
2160 8.008178
2161 6.502751
2162 6.400921
2163 5.813245
2164 8.752073
2165 9.029404
2166 6.093126
2167 6.645307
2168 6.680105
2169 8.620518
2170 7.473063
2171 7.651484
2172 7.475541
2173 7.839684
2174 6.534654
2175 6.706112
2176 7.304443
2177 6.836512
2178 5.534301
2179 6.552030
2180 7.072629
2181 7.232151
2182 7.369849
2183 6.733158
2184 7.151455
2185 6.277160
2186 5.391743
2187 5.675811
2188 5.845758
2189 5.967671
2190 6.927609
2191 5.751643
2192 6.840327
2193 5.351228
2194 4.767087
2195 5.155640
2196 5.483293
2197 4.505130
2198 4.825238
2199 6.599380
2200 7.306830
2201 6.530215
2202 4.846224
2203 5.546266
2204 5.492123
2205 6.769742
2206 6.157549
2207 6.271363
2208 6.719588
2209 5.989707
2210 7.642833
2211 7.378516
2212 6.329209
2213 7.522679
2214 8.379745
2215 6.283319
2216 7.151672
2217 6.252847
2218 5.705837
2219 5.012273
2220 6.488914
2221 3.360043
2222 3.685022
2223 3.276354
2224 3.457861
2225 3.464696
2226 3.591572
2227 3.299126
2228 3.045668
2229 3.279403
2230 3.221319
2231 3.114191
2232 3.067407
2233 3.689228
2234 3.006476
2235 3.250432
2236 3.176588
2237 3.468786
2238 3.208831
2239 3.376122
2240 3.350479
2241 3.785618
2242 3.562079
2243 3.802498
2244 3.885293
2245 3.082857
2246 3.256804
2247 3.465750
2248 5.254075
2249 6.196491
2250 6.170421
2251 5.348299
2252 5.046530
2253 8.366344
2254 9.980594
2255 6.407270
2256 8.147411
2257 8.329905
2258 9.060183
2259 9.296323
2260 8.617015
2261 9.070733
2262 9.951578
2263 9.147615
2264 8.890924
2265 8.361201
2266 6.088818
2267 6.067167
2268 5.748059
2269 6.326839
2270 6.754765
2271 6.091206
2272 6.278511
2273 6.178981
2274 5.551694
2275 5.202250
2276 9.346582
2277 8.153749
2278 8.148479
2279 7.832198
2280 9.168745
2281 8.832893
2282 10.447866
2283 9.633878
2284 10.755158
2285 5.295760
2286 5.707940
2287 4.999710
2288 5.887291
2289 6.392535
2290 4.989199
2291 6.194615
2292 6.172301
2293 6.593892
2294 6.447643
2295 7.800168
2296 5.652399
2297 4.979366
2298 5.237031
2299 5.791338
2300 6.624094
2301 5.341844
2302 7.905475
2303 3.889588
2304 3.681860
2305 3.810133
2306 3.832611
2307 3.843501
2308 3.355516
2309 3.590726
2310 3.853532
2311 3.277636
2312 3.119118
2313 3.701796
2314 3.895446
2315 3.423652
2316 3.527733
2317 3.912660
2318 3.888931
2319 3.673704
2320 3.393300
2321 3.675678
2322 3.729087
2323 3.777685
2324 3.639039
2325 3.408007
2326 3.915765
2327 3.467073
2328 3.690540
2329 4.054763
2330 3.851362
2331 3.490460
2332 3.733646
2333 3.916644
2334 5.640586
2335 8.308918
2336 6.857601
2337 7.254669
2338 7.602232
2339 6.840186
2340 8.972989
2341 8.907825
2342 8.436046
2343 7.943312
2344 6.746645
2345 6.063951
2346 7.722558
2347 7.934420
2348 6.254740
2349 8.322681
2350 5.250010
2351 7.329435
2352 6.909094
2353 5.397573
2354 5.845076
2355 5.436820
2356 5.669366
2357 7.069100
2358 4.388771
2359 5.891935
2360 8.116735
2361 6.785877
2362 5.179933
2363 5.534258
2364 5.382832
2365 5.381718
2366 5.754652
2367 3.406977
2368 3.333901
2369 3.325838
2370 4.731532
2371 6.926137
2372 5.524999
2373 3.765381
2374 3.790632
2375 6.504993
2376 5.873509
2377 7.262705
2378 7.934269
2379 5.579481
2380 6.186203
2381 7.553548
2382 8.664075
2383 8.666691
2384 7.178933
2385 9.164845
2386 9.025681
2387 7.724091
2388 7.706581
2389 5.781453
2390 6.046231
2391 5.475967
2392 6.826092
2393 5.810801
2394 5.875577
2395 7.218905
2396 7.389466
2397 8.320463
2398 9.690000
2399 8.949504
2400 7.449853
2401 6.544839
2402 5.024928
2403 5.796178
2404 7.310439
2405 5.298801
2406 6.180072
2407 5.450329
2408 3.707425
2409 5.290095
2410 3.652467
2411 3.690355
2412 3.747986
2413 3.891864
2414 3.730281
2415 3.373263
2416 3.210078
2417 3.736159
2418 3.773566
2419 3.627752
2420 3.932198
2421 4.817118
2422 5.458032
2423 5.070487
2424 5.664563
2425 5.210423
2426 5.358024
2427 6.256278
2428 5.421310
2429 5.659766
2430 4.989480
2431 5.762729
2432 3.700517
2433 3.531882
2434 3.203717
2435 3.664549
2436 3.502057
2437 3.816812
2438 3.584549
2439 5.854692
2440 8.740105
2441 8.448515
2442 7.117649
2443 7.400575
2444 6.948481
2445 7.164811
2446 7.644514
2447 7.693373
2448 7.819194
2449 9.295258
2450 7.990406
2451 7.489947
2452 9.267135
2453 9.075428
2454 9.811338
2455 9.039935
2456 9.097309
2457 8.631067
2458 8.921469
2459 9.588749
2460 9.093051
2461 6.049215
2462 5.753833
2463 6.320846
2464 7.971260
2465 9.813308
2466 8.088634
2467 7.412175
2468 6.548413
2469 5.528165
2470 5.612637
2471 5.709011
2472 5.816887
2473 6.094036
2474 5.390926
2475 7.090424
2476 5.327570
2477 6.003693
2478 7.044267
2479 8.715931
2480 7.564351
2481 7.712619
2482 6.332029
2483 5.810155
2484 5.886884
2485 6.583540
2486 9.522717
2487 9.006530
2488 10.024214
2489 9.539900
2490 9.276170
2491 7.391089
2492 7.504306
2493 9.945069
2494 9.539272
2495 7.902729
2496 9.095940
2497 9.367609
2498 6.987166
2499 7.163588
2500 7.047567
2501 9.515702
2502 8.547712
2503 9.584794
2504 7.920959
2505 8.844756
2506 8.407830
2507 6.374998
2508 7.657454
2509 8.368848
2510 6.114158
2511 7.801264
2512 7.625884
2513 5.661315
2514 7.612661
2515 7.587134
2516 5.840900
2517 9.780418
2518 7.573040
2519 9.610798
2520 10.648540
2521 10.622967
2522 9.694129
2523 10.245714
2524 10.917073
2525 10.521589
2526 9.649467
2527 5.528590
2528 8.684752
2529 8.311858
2530 8.561251
2531 6.899079
2532 5.992022
2533 5.442829
2534 5.777526
2535 5.290878
2536 5.483331
2537 5.980710
2538 6.522721
2539 5.403425
2540 5.201865
2541 5.522191
2542 4.713947
2543 5.418283
2544 5.482773
2545 5.529304
2546 5.574064
2547 5.693594
2548 6.780369
2549 5.070041
2550 5.968032
2551 5.714245
2552 6.349496
2553 5.512976
2554 5.210327
2555 5.887317
2556 8.179070
2557 7.878936
2558 5.429080
2559 7.558645
2560 5.208704
2561 5.852186
2562 5.498998
2563 6.064240
2564 5.626295
2565 5.857806
2566 5.401573
2567 5.592399
2568 5.221896
2569 5.931561
2570 5.674736
2571 6.088463
2572 6.030016
2573 6.223030
2574 5.269185
2575 5.921582
2576 5.309916
2577 5.516749
2578 5.439761
2579 5.568717
2580 6.305919
2581 5.382444
2582 7.220333
2583 5.741517
2584 5.401881
2585 6.524491
2586 5.374132
2587 5.977591
2588 7.122600
2589 7.558836
2590 6.015696
2591 6.830996
2592 7.670938
2593 7.173151
2594 7.294670
2595 7.636361
2596 7.715343
2597 9.596094
2598 9.596776
2599 8.820131
2600 9.427846
2601 10.442642
2602 11.315007
2603 9.805256
2604 9.077688
2605 8.835610
2606 9.829928
2607 8.895486
2608 6.486260
2609 6.384247
2610 8.906566
2611 7.618799
2612 8.416534
2613 8.266475
2614 9.870376
2615 9.218115
2616 8.061750
2617 5.801215
2618 6.660227
2619 5.837645
2620 7.995181
2621 7.412967
2622 6.839890
2623 7.409224
2624 6.763498
2625 6.834391
2626 8.125971
2627 7.466064
2628 6.183503
2629 5.376141
2630 5.952060
2631 6.739407
2632 6.258632
2633 6.461889
2634 5.928523
2635 5.979248
2636 8.639218
2637 6.669850
2638 7.274704
2639 7.696888
2640 6.920825
2641 7.100874
2642 5.124870
2643 7.186029
2644 5.883335
2645 5.672399
2646 6.324887
2647 5.522356
2648 2.979211
2649 3.798908
2650 3.648906
2651 3.224064
2652 3.234346
2653 3.232304
2654 3.399547
2655 3.122774
2656 3.280990
2657 3.298078
2658 3.271036
2659 3.376198
2660 3.555800
2661 3.573569
2662 3.265853
2663 3.049533
2664 3.313203
2665 4.204888
2666 3.419197
2667 3.365501
2668 3.171263
2669 3.305586
2670 3.218214
2671 3.215291
2672 3.537370
2673 3.632147
2674 3.298575
2675 3.411479
2676 3.488180
2677 3.427228
2678 3.208451
2679 3.444878
2680 3.246244
2681 3.525833
2682 3.218665
2683 3.502069
2684 3.000480
2685 3.175502
2686 3.406597
2687 3.830325
2688 3.439667
2689 3.633688
2690 3.662486
2691 3.910010
2692 3.687818
2693 3.233402
2694 3.315211
2695 4.070947
2696 3.442136
2697 3.350193
2698 3.421256
2699 3.512348
2700 3.363773
2701 3.653756
2702 3.498597
2703 3.672016
2704 3.207787
2705 3.378953
2706 4.055626
2707 3.268792
2708 4.501401
2709 5.600292
2710 3.804392
2711 3.147411
2712 3.846165
2713 3.367045
2714 3.730377
2715 3.418201
2716 3.255806
2717 3.723627
2718 3.222052
2719 3.255057
2720 3.791322
2721 3.542725
2722 3.633634
2723 3.895611
2724 5.709456
2725 3.512565
2726 3.813897
2727 3.932278
2728 3.605791
2729 3.180599
2730 3.317951
2731 3.061800
2732 3.194512
2733 3.231364
2734 3.036728
2735 3.406230
2736 3.561812
2737 3.214421
2738 3.511198
2739 3.739117
2740 3.672059
2741 5.532397
2742 3.317438
2743 3.203783
2744 3.823690
2745 3.389370
2746 3.354445
2747 3.605688
2748 3.477263
2749 3.206635
2750 3.255794
2751 3.505850
2752 3.320253
2753 3.143086
2754 3.192006
2755 3.175976
2756 3.455042
2757 3.032508
2758 3.084220
2759 3.454578
2760 3.240817
2761 3.126358
2762 3.751160
2763 3.074170
2764 3.106204
2765 3.607301
2766 3.448316
2767 3.364905
2768 3.177340
2769 4.528895
2770 3.196546
2771 3.410601
2772 3.525066
2773 3.286780
2774 3.196779
2775 3.422163
2776 3.196328
2777 3.394024
2778 3.100884
2779 3.339069
2780 3.444532
2781 3.243160
2782 3.243119
2783 3.650436
2784 3.557388
2785 3.634035
2786 3.389938
2787 3.246137
2788 3.664489
2789 3.301774
2790 3.319237
2791 3.866417
2792 3.752183
2793 3.382822
2794 3.757777
2795 3.303712
2796 3.870223
2797 3.679563
2798 3.440147
2799 3.430483
2800 3.356621
2801 3.259571
2802 3.342888
2803 3.545923
2804 3.669730
2805 3.313656
2806 3.403674
2807 3.474907
2808 3.409909
2809 3.039380
2810 3.880064
2811 3.637378
2812 3.688808
2813 3.719611
2814 3.674687
2815 3.272017
2816 3.388617
2817 3.259228
2818 3.501784
2819 3.329670
2820 3.620304
2821 3.284033
2822 3.602527
2823 3.514381
2824 3.207519
2825 3.520723
2826 3.566469
2827 3.514270
2828 3.359358
2829 3.438878
2830 3.648682
2831 3.164968
2832 3.464347
2833 3.603820
2834 3.500757
2835 3.700458
2836 3.279805
2837 3.735931
2838 3.561322
2839 3.491504
2840 3.533086
2841 3.327913
2842 3.340192
2843 3.420618
2844 3.537579
2845 3.301759
2846 3.207195
2847 3.319062
2848 3.815941
2849 3.605359
2850 3.327497
2851 3.913069
2852 3.392547
2853 3.363479
2854 3.626485
2855 3.714468
2856 3.547478
2857 3.703527
2858 3.224485
2859 4.996408
2860 6.819046
2861 5.471647
2862 6.938444
2863 5.741345
2864 3.774876
2865 5.391620
2866 5.585338
2867 5.882218
2868 3.704512
2869 3.635287
2870 3.264565
2871 3.259697
2872 3.836692
2873 3.418334
2874 3.224113
2875 3.973073
2876 3.338534
2877 3.025525
2878 3.625811
2879 3.295847
2880 3.319475
2881 3.573597
2882 3.301453
2883 3.757619
2884 6.604764
2885 5.033378
2886 6.082721
2887 5.982592
2888 5.688330
2889 6.187149
2890 6.677110
2891 7.395871
2892 6.640340
2893 5.460294
2894 7.387620
2895 5.518885
2896 6.103909
2897 6.579918
2898 6.605825
2899 3.266530
2900 3.421124
2901 3.489787
2902 3.022103
2903 3.583098
2904 3.323343
2905 3.441716
2906 2.975315
2907 3.680515
2908 3.271864
2909 3.415419
2910 3.259049
2911 3.547729
2912 3.233122
2913 3.532958
2914 3.215538
2915 3.401558
2916 5.975799
2917 6.649368
2918 7.916047
2919 5.739382
2920 5.387421
2921 5.622357
2922 5.883996
2923 7.024829
2924 6.248377
2925 8.235544
2926 6.116936
2927 8.015516
2928 6.628573
2929 7.055584
2930 7.303897
2931 6.327005
2932 7.078519
2933 7.252278
2934 6.029377
2935 7.187169
2936 5.618057
2937 6.906476
2938 7.339396
2939 6.576885
2940 6.974254
2941 6.098508
2942 6.224831
2943 7.172040
2944 7.077387
2945 7.066825
2946 6.981929
2947 5.864718
2948 6.645881
2949 6.769212
2950 6.532151
2951 6.863156
2952 5.795455
2953 7.212755
2954 5.891595
2955 6.326841
2956 7.351389
2957 6.887105
2958 7.134515
2959 8.256064
2960 9.475744
2961 8.730185
2962 9.289618
2963 7.623243
2964 9.704456
2965 10.433897
2966 8.483552
2967 9.221302
2968 7.630531
2969 9.527860
2970 10.371760
2971 10.145176
2972 10.519644
2973 9.302051
2974 9.266178
2975 10.791118
2976 8.919114
2977 11.308696
2978 10.944458
2979 10.099639
2980 8.664630
2981 8.559885
2982 9.272271
2983 8.918555
2984 8.505587
2985 8.229825
2986 9.877758
2987 9.802678
2988 10.128041
2989 9.815932
2990 10.354560
2991 7.651078
2992 8.292468
2993 8.165515
2994 8.664649
2995 9.125689
2996 10.419332
2997 8.844038
2998 9.490543
2999 6.195460
3000 7.491930
3001 4.959948
3002 5.018775
3003 5.101588
3004 5.097243
3005 5.710997
3006 5.929528
3007 5.778081
3008 8.244090
3009 8.593654
3010 8.283399
3011 6.932460
3012 7.431359
3013 9.391901
3014 7.251379
3015 5.545863
3016 5.415627
3017 6.840600
3018 7.454695
3019 7.523417
3020 5.606085
3021 5.797562
3022 6.128148
3023 5.926771
3024 7.954540
3025 6.030698
3026 5.548369
3027 5.283191
3028 5.680333
3029 6.195880
3030 5.612852
3031 5.627558
3032 5.509274
3033 6.720439
3034 6.864831
3035 8.164137
3036 8.535420
3037 6.997657
3038 8.234743
3039 9.863965
3040 9.478107
3041 8.290626
3042 9.813471
3043 9.794251
3044 9.961253
3045 9.900592
3046 9.344630
3047 9.392663
3048 5.251914
3049 6.125420
3050 8.607885
3051 10.101189
3052 9.306272
3053 9.796678
3054 10.166618
3055 9.371778
3056 7.494551
3057 8.260886
3058 7.505486
3059 9.779337
3060 8.403485
3061 8.648065
3062 9.650518
3063 8.779492
3064 5.889665
3065 6.027147
3066 5.819561
3067 8.175427
3068 7.364605
3069 9.148477
3070 9.663817
3071 10.280906
3072 7.530067
3073 11.265476
3074 9.484772
3075 10.778668
3076 9.557390
3077 6.010565
3078 6.360654
3079 7.362107
3080 7.557421
3081 9.283178
3082 8.691715
3083 8.146667
3084 7.795191
3085 11.292842
3086 9.892755
3087 11.058647
3088 8.750416
3089 10.604757
3090 9.533254
3091 10.776686
3092 10.584924
3093 10.885927
3094 10.310024
3095 11.185903
3096 9.693116
3097 9.374119
3098 11.098509
3099 10.532515
3100 10.941504
3101 10.180835
3102 11.715761
3103 8.160602
3104 8.564124
3105 9.220558
3106 9.949316
3107 10.408467
3108 10.095249
3109 9.205895
3110 10.470186
3111 7.915516
3112 5.575886
3113 5.675164
3114 6.126019
3115 8.154851
3116 7.302169
3117 8.264127
3118 7.344154
3119 5.609867
3120 3.539049
3121 3.615719
3122 3.647931
3123 5.791635
3124 5.517473
3125 6.318276
3126 5.921494
3127 3.729465
3128 4.612377
3129 6.074852
3130 6.242779
3131 5.965593
3132 3.703457
3133 3.751708
3134 5.571686
3135 6.245685
3136 5.825710
3137 6.629188
3138 6.241973
3139 5.779490
3140 5.581368
3141 5.514672
3142 6.681902
3143 5.572484
3144 5.863763
3145 5.867311
3146 7.450994
3147 6.228693
3148 4.731480
3149 6.732171
3150 5.855477
3151 6.141320
3152 6.552431
3153 6.864290
3154 6.486733
3155 4.716131
3156 5.801285
3157 6.105457
3158 6.160861
3159 6.006864
3160 6.418334
3161 5.789524
3162 6.000320
3163 4.890826
3164 5.001389
3165 5.845965
3166 6.706141
3167 7.398655
3168 5.586135
3169 5.640574
3170 8.646971
3171 5.130517
3172 7.301352
3173 6.348945
3174 5.272527
3175 5.341197
3176 9.106880
3177 4.463017
3178 8.308677
3179 6.020284
3180 5.173579
3181 6.197401
3182 5.619350
3183 5.779004
3184 5.715712
3185 6.272867
3186 8.223262
3187 5.945269
3188 6.951583
3189 8.339180
3190 8.404887
3191 7.635829
3192 6.284554
3193 6.334872
3194 7.040099
3195 6.166657
3196 6.312292
3197 6.911196
3198 5.444834
3199 5.722708
3200 6.440996
3201 5.972486
3202 5.599268
3203 9.555165
3204 9.749082
3205 9.470687
3206 8.326709
3207 8.490847
3208 8.403631
3209 7.485840
3210 6.425675
3211 7.874885
3212 7.772605
3213 7.557634
3214 6.214418
3215 7.421227
3216 9.099237
3217 7.082246
3218 8.835974
3219 7.929125
3220 8.220888
3221 9.177397
3222 8.055569
3223 7.580060
3224 8.693653
3225 8.414873
3226 8.504876
3227 8.098063
3228 8.860464
3229 8.683119
3230 8.828104
3231 7.943632
3232 8.202250
3233 7.017200
3234 5.723984
3235 7.100177
3236 5.620790
3237 5.433130
3238 6.062879
3239 6.208260
3240 5.863283
3241 5.850684
3242 7.404005
3243 7.997398
3244 8.016248
3245 8.910544
3246 8.826009
3247 6.232714
3248 6.832065
3249 9.313934
3250 7.742327
3251 7.857856
3252 5.395415
3253 6.495844
3254 7.596643
3255 8.296572
3256 8.035333
3257 7.571374
3258 5.404708
3259 7.939453
3260 6.753621
3261 7.339374
3262 6.444386
3263 5.713791
3264 7.354081
3265 6.974446
3266 5.624551
3267 4.157763
3268 6.940342
3269 6.274304
3270 5.769203
3271 7.036057
3272 6.881686
3273 5.561330
3274 7.317965
3275 8.013435
3276 5.227412
3277 6.611044
3278 7.207510
3279 6.789302
3280 6.595285
3281 6.304247
3282 7.098796
3283 5.969095
3284 7.758571
3285 7.128366
3286 8.212467
3287 6.696581
3288 8.110989
3289 6.723045
3290 9.243878
3291 9.394952
3292 8.975977
3293 8.561898
3294 8.409149
3295 8.885280
3296 7.840006
3297 7.060121
3298 8.107311
3299 8.809301
3300 7.853796
3301 8.099012
3302 8.431068
3303 8.163389
3304 7.586601
3305 6.312409
3306 7.389685
3307 8.432593
3308 8.083676
3309 7.112207
3310 7.756196
3311 9.102691
3312 8.768460
3313 8.147396
3314 9.708810
3315 9.144667
3316 7.395794
3317 7.030457
3318 8.977983
3319 8.361783
3320 8.464787
3321 6.573864
3322 7.476855
3323 8.516984
3324 7.776433
3325 7.319563
3326 6.181109
3327 5.753622
3328 7.399114
3329 10.284498
3330 8.965050
3331 8.344325
3332 8.559726
3333 7.233734
3334 8.340276
3335 8.360963
3336 8.992908
3337 9.736708
3338 9.306736
3339 8.800574
3340 9.506689
3341 10.749462
3342 8.930056
3343 10.198853
3344 7.592404
3345 8.942066
3346 9.873633
3347 7.687952
3348 5.945604
3349 8.372437
3350 9.871202
3351 7.384669
3352 8.261174
3353 7.748943
3354 6.334588
3355 6.837237
3356 7.077669
3357 6.337421
3358 7.471259
3359 11.013437
3360 10.784596
3361 11.183495
3362 9.950077
3363 8.771687
3364 10.229492
3365 9.784938
3366 10.799729
3367 9.719450
3368 9.727477
3369 6.800317
3370 7.310519
3371 5.775855
3372 6.334122
3373 5.402934
3374 5.257880
3375 3.465515
3376 6.177450
3377 6.010416
3378 5.867206
3379 5.744092
3380 3.265302
3381 5.963232
3382 6.371389
3383 7.456347
3384 5.741961
3385 7.616339
3386 9.338762
3387 11.278748
3388 9.785606
3389 10.121549
3390 8.693412
3391 10.026928
3392 9.905247
3393 8.908753
3394 10.180344
3395 9.842795
3396 7.508587
3397 7.217044
3398 7.035831
3399 6.201176
3400 8.983212
3401 9.664083
3402 9.376236
3403 9.719809
3404 9.597900
3405 9.475075
3406 7.016873
3407 7.802543
3408 7.416797
3409 6.963948
3410 5.896254
3411 7.662225
3412 7.825256
3413 7.018412
3414 7.890399
3415 8.960017
3416 6.951985
3417 8.757272
3418 7.615052
3419 7.648798
3420 7.231610
3421 8.666636
3422 6.622454
3423 8.122924
3424 7.245014
3425 8.536826
3426 10.171062
3427 9.735574
3428 7.801014
3429 7.720058
3430 7.855196
3431 8.922521
3432 7.504618
3433 7.104802
3434 5.614882
3435 5.108923
3436 6.908608
3437 6.453090
3438 7.511339
3439 7.254664
3440 5.435319
3441 5.694742
3442 6.746981
3443 5.647042
3444 5.598027
3445 6.357711
3446 7.056837
3447 7.205420
3448 6.536825
3449 5.217768
3450 6.073698
3451 6.015620
3452 6.432549
3453 6.969542
3454 8.476152
3455 5.558750
3456 8.922880
3457 7.962770
3458 6.895367
3459 6.029934
3460 8.122444
3461 6.266467
3462 6.401735
3463 5.698534
3464 5.751635
3465 7.434265
3466 10.931886
3467 8.740949
3468 8.581478
3469 9.379051
3470 8.527752
3471 9.682614
3472 7.570027
3473 8.171175
3474 8.405295
3475 7.721093
3476 6.264607
3477 8.669216
3478 7.486580
3479 7.491369
3480 5.431512
3481 5.122994
3482 7.304000
3483 5.718368
3484 3.689027
3485 3.799446
3486 3.639713
3487 3.535872
3488 3.921200
3489 3.933178
3490 3.593133
3491 3.927274
3492 3.496371
3493 3.766085
3494 3.508529
3495 3.736307
3496 3.906471
3497 3.852545
3498 4.080567
3499 3.229489
3500 3.260943
3501 3.320170
3502 3.151987
3503 3.208114
3504 3.303425
3505 3.411072
3506 3.088912
3507 3.831033
3508 3.542021
3509 3.231305
3510 3.369346
3511 3.075162
3512 3.739908
3513 3.551027
3514 3.327371
3515 3.520315
3516 3.425842
3517 3.645572
3518 3.300439
3519 3.432989
3520 3.752204
3521 3.614749
3522 3.772440
3523 3.262681
3524 3.312836
3525 3.458876
3526 3.364235
3527 3.404540
3528 3.467505
3529 3.473989
3530 3.402621
3531 3.845128
3532 3.293522
3533 3.071805
3534 3.154759
3535 3.427620
3536 3.544303
3537 3.025709
3538 3.775371
3539 3.039164
3540 3.417673
3541 3.044816
3542 3.817410
3543 3.332639
3544 3.130594
3545 3.503331
3546 3.157673
3547 3.712534
3548 3.495685
3549 3.330252
3550 3.280444
3551 3.505025
3552 3.258052
3553 4.306855
3554 7.541500
3555 3.413589
3556 5.139447
3557 5.574747
3558 6.788085
3559 6.152093
3560 5.914797
3561 5.763699
3562 3.156788
3563 3.889367
3564 3.113295
3565 3.958965
3566 3.738595
3567 3.918303
3568 3.723712
3569 3.556979
3570 3.838854
3571 3.855776
3572 3.550279
3573 3.384496
3574 3.736641
3575 3.693456
3576 3.676969
3577 3.808882
3578 3.785181
3579 4.807858
3580 3.466684
3581 3.808332
3582 3.448942
3583 3.642692
3584 3.408006
3585 3.872686
3586 3.264447
3587 3.156360
3588 2.969865
3589 3.551493
3590 3.488223
3591 3.225444
3592 3.556025
3593 3.637830
3594 3.253892
3595 3.059904
3596 3.441178
3597 3.637292
3598 3.650342
3599 3.397057
3600 3.479437
3601 3.622276
3602 3.789694
3603 3.324851
3604 3.467148
3605 3.702404
3606 3.757058
3607 3.461283
3608 3.880799
3609 3.787493
3610 3.627521
3611 3.797024
3612 3.181402
3613 3.520597
3614 5.882541
3615 6.617079
3616 6.090067
3617 10.490275
3618 6.429075
3619 4.704806
3620 6.065799
3621 5.394053
3622 5.695314
3623 5.021774
3624 4.047841
3625 5.406757
3626 5.757385
3627 5.464731
3628 6.536283
3629 5.607520
3630 8.080380
3631 7.878053
3632 7.502575
3633 8.231213
3634 8.398743
3635 5.646537
3636 5.954981
3637 3.779971
3638 5.908392
3639 6.461164
3640 6.074183
3641 7.050018
3642 5.620446
3643 6.766839
3644 5.426733
3645 5.225151
3646 5.855410
3647 3.758018
3648 5.774810
3649 5.369376
3650 5.344578
3651 5.834056
3652 6.653577
3653 5.121338
3654 6.758781
3655 6.166847
3656 6.329882
3657 6.861298
3658 7.735545
3659 7.347175
3660 5.344762
3661 3.747599
3662 3.390855
3663 5.486903
3664 5.857900
3665 6.196074
3666 6.217563
3667 5.427238
3668 7.842169
3669 6.350031
3670 5.758037
3671 6.244919
3672 9.249680
3673 8.720809
3674 8.851972
3675 7.578443
3676 9.407475
3677 7.840216
3678 8.959493
3679 10.100273
3680 9.671536
3681 8.837360
3682 9.489707
3683 8.118202
3684 7.609120
3685 8.942259
3686 7.163616
3687 8.156652
3688 5.669622
3689 5.857799
3690 5.909629
3691 6.578618
3692 8.173372
3693 9.058256
3694 7.991822
3695 7.381799
3696 9.057434
3697 7.090410
3698 8.536146
3699 9.251474
3700 9.254412
3701 7.642323
3702 8.969138
3703 7.599125
3704 8.624499
3705 7.063916
3706 7.973964
3707 8.796733
3708 9.999176
3709 10.005048
3710 9.022823
3711 7.581332
3712 8.706183
3713 9.256618
3714 7.130680
3715 6.719033
3716 6.452805
3717 5.536111
3718 8.003506
3719 6.738723
3720 8.971143
3721 8.428321
3722 8.618198
3723 6.556142
3724 6.037497
3725 7.648719
3726 7.323184
3727 7.299130
3728 7.880008
3729 5.738807
3730 7.665991
3731 6.516488
3732 7.181796
3733 7.574682
3734 5.874872
3735 7.058285
3736 8.191905
3737 7.966135
3738 7.748272
3739 9.295048
3740 7.288059
3741 6.834418
3742 6.844291
3743 8.612196
3744 9.283044
3745 7.107392
3746 7.691823
3747 7.808879
3748 6.533774
3749 6.108780
3750 4.942818
3751 6.184213
3752 3.731768
3753 4.559665
3754 3.894125
3755 3.567017
3756 3.612491
3757 5.933076
3758 3.588176
3759 5.803498
3760 5.822938
3761 7.948825
3762 3.733427
3763 3.633372
3764 3.593076
3765 3.735087
3766 3.909423
3767 3.742793
3768 3.891183
3769 3.451882
3770 3.626845
3771 5.779016
3772 5.884574
3773 5.626167
3774 8.136102
3775 5.475296
3776 5.337539
3777 5.440116
3778 3.614980
3779 6.026658
3780 3.725226
3781 3.787571
3782 6.582714
3783 7.426353
3784 6.322690
3785 5.287806
3786 3.654875
3787 3.916797
3788 6.117033
3789 5.572090
3790 5.688417
3791 5.938434
3792 3.614664
3793 6.136175
3794 6.198080
3795 6.105983
3796 6.944660
3797 6.334725
3798 6.325993
3799 6.002010
3800 5.642995
3801 5.992039
3802 5.217021
3803 5.243147
3804 6.523590
3805 6.703239
3806 5.310827
3807 6.518995
3808 7.384910
3809 7.271245
3810 6.135358
3811 5.794212
3812 5.424878
3813 5.521893
3814 4.015730
3815 3.360122
3816 3.159159
3817 3.696079
3818 3.623229
3819 3.834387
3820 3.966082
3821 3.754436
3822 4.049211
3823 3.783096
3824 3.363658
3825 3.372998
3826 3.393610
3827 3.214871
3828 3.261059
3829 3.419198
3830 3.143919
3831 3.556040
3832 3.407380
3833 3.454506
3834 3.372506
3835 3.501389
3836 3.481582
3837 3.404904
3838 3.420732
3839 3.323494
3840 3.337817
3841 3.624445
3842 3.452899
3843 3.356265
3844 3.277026
3845 3.319297
3846 3.570069
3847 3.549594
3848 3.230407
3849 3.237918
3850 3.150838
3851 3.437105
3852 3.265039
3853 3.218865
3854 3.179006
3855 3.218338
3856 3.086112
3857 3.558105
3858 3.443557
3859 3.191454
3860 3.412950
3861 3.833929
3862 3.157938
3863 3.796291
3864 3.463724
3865 3.516650
3866 3.465963
3867 3.132445
3868 3.109535
3869 3.484971
3870 3.271240
3871 3.267937
3872 3.302681
3873 3.308086
3874 3.219364
3875 3.606078
3876 3.101695
3877 3.519562
3878 3.156869
3879 3.190437
3880 3.791162
3881 3.260020
3882 3.280381
3883 3.174053
3884 3.300760
3885 3.150123
3886 3.223133
3887 3.489240
3888 3.633851
3889 3.999874
3890 3.140652
3891 3.200955
3892 3.220530
3893 3.628182
3894 3.583542
3895 3.447812
3896 3.391051
3897 3.143071
3898 3.197216
3899 3.252895
3900 3.553294
3901 3.300030
3902 3.542735
3903 3.185562
3904 3.565656
3905 3.710485
3906 3.606354
3907 3.443211
3908 3.751017
3909 3.336841
3910 3.529364
3911 3.355965
3912 3.695214
3913 3.440090
3914 3.401454
3915 3.604250
3916 3.485486
3917 3.850588
3918 3.544488
3919 3.550703
3920 3.593145
3921 3.431165
3922 3.366587
3923 3.027755
3924 3.363258
3925 3.868991
3926 3.262912
3927 3.556488
3928 3.477940
3929 3.390853
3930 3.414569
3931 3.564772
3932 3.334157
3933 3.492533
3934 3.775107
3935 3.527182
3936 3.566246
3937 3.123160
3938 3.648618
3939 3.504126
3940 3.175075
3941 3.503747
3942 3.568113
3943 3.785619
3944 3.380681
3945 3.678543
3946 3.583994
3947 3.518453
3948 3.947355
3949 3.792176
3950 3.693628
3951 3.667930
3952 3.630126
3953 3.536824
3954 3.672519
3955 3.737395
3956 3.552392
3957 3.449845
3958 3.780925
3959 3.629806
3960 3.555922
3961 3.512051
3962 3.481967
3963 3.833026
3964 3.581870
3965 3.559477
3966 3.398866
3967 3.607990
3968 3.534643
3969 3.494968
3970 3.876814
3971 3.664822
3972 3.709121
3973 3.436247
3974 3.493205
3975 3.517801
3976 3.249571
3977 3.175878
3978 3.658470
3979 3.718144
3980 3.348077
3981 3.621228
3982 3.483949
3983 3.283917
3984 3.698675
3985 3.843297
3986 3.143834
3987 3.615134
3988 3.656299
3989 3.205137
3990 3.436877
3991 3.401442
3992 3.404851
3993 3.588888
3994 3.096144
3995 3.598078
3996 3.352391
3997 3.527167
3998 3.435654
3999 3.773603
4000 3.519787
4001 3.574161
4002 3.476412
4003 3.203214
4004 3.069609
4005 3.423490
4006 3.579399
4007 3.518138
4008 3.690931
4009 3.568218
4010 3.640549
4011 3.718289
4012 3.312973
4013 3.609117
4014 3.213350
4015 3.524213
4016 3.651424
4017 3.675259
4018 3.573036
4019 3.407771
4020 3.455243
4021 3.981417
4022 3.415074
4023 3.371542
4024 3.312341
4025 3.263325
4026 3.755932
4027 3.090859
4028 3.649068
4029 3.372270
4030 3.785352
4031 3.130167
4032 3.222372
4033 3.204902
4034 3.408158
4035 3.181002
4036 3.704484
4037 3.168140
4038 3.238735
4039 3.154172
4040 3.502071
4041 3.411669
4042 3.516333
4043 5.606758
4044 5.470512
4045 5.317085
4046 5.798930
4047 4.923189
4048 5.695481
4049 5.569794
4050 6.595819
4051 5.775343
4052 7.437318
4053 5.417129
4054 6.794918
4055 5.177065
4056 4.998581
4057 5.520335
4058 5.647558
4059 5.314479
4060 7.723595
4061 7.074702
4062 6.663319
4063 6.755785
4064 8.592755
4065 6.145527
4066 8.059548
4067 6.958828
4068 6.333545
4069 7.162278
4070 6.780104
4071 7.637570
4072 7.298246
4073 7.612837
4074 7.864896
4075 6.540864
4076 7.914330
4077 6.786304
4078 7.010805
4079 7.515997
4080 7.353607
4081 6.071195
4082 5.520553
4083 5.350663
4084 6.507995
4085 5.154659
4086 6.349094
4087 5.457435
4088 5.629529
4089 6.960325
4090 6.492836
4091 5.349178
4092 5.574353
4093 8.262423
4094 9.435863
4095 7.600487
4096 8.067733
4097 10.118433
4098 9.118185
4099 7.677969
4100 5.899577
4101 7.750595
4102 8.677033
4103 8.124253
4104 5.962173
4105 7.598172
4106 8.751218
4107 10.271482
4108 9.699468
4109 8.326620
4110 10.098326
4111 9.874463
4112 10.166030
4113 8.789504
4114 9.505914
4115 7.784720
4116 10.318068
4117 9.022670
4118 6.617939
4119 7.302014
4120 7.748805
4121 8.566406
4122 8.122742
4123 7.230330
4124 7.463251
4125 8.487328
4126 10.173327
4127 9.068308
4128 7.222334
4129 9.302694
4130 8.571221
4131 7.432557
4132 7.411755
4133 6.342184
4134 4.865729
4135 6.477940
4136 5.103272
4137 5.662950
4138 6.095310
4139 5.166226
4140 6.620769
4141 7.616142
4142 10.625752
4143 10.474412
4144 10.688334
4145 9.694174
4146 9.130247
4147 9.280271
4148 5.916975
4149 5.208398
4150 5.102569
4151 6.058218
4152 10.295878
4153 10.378752
4154 8.479364
4155 9.592029
4156 3.693859
4157 3.708653
4158 3.791915
4159 3.480647
4160 3.684170
4161 5.515968
4162 6.759623
4163 6.776052
4164 6.679798
4165 6.722581
4166 8.361040
4167 5.392236
4168 5.186185
4169 8.343250
4170 5.591610
4171 5.684735
4172 8.124124
4173 8.126014
4174 9.261109
4175 9.665615
4176 10.053628
4177 10.244344
4178 9.248534
4179 8.834523
4180 6.408698
4181 7.699110
4182 5.277775
4183 5.878297
4184 5.785232
4185 6.549830
4186 9.595697
4187 9.027208
4188 8.409365
4189 8.979120
4190 9.083822
4191 6.734161
4192 8.821763
4193 9.948312
4194 9.493172
4195 9.863413
4196 9.544691
4197 10.871068
4198 9.715366
4199 10.449641
4200 9.572048
4201 5.735659
4202 8.388772
4203 6.172949
4204 7.085290
4205 5.804842
4206 5.382090
4207 5.551476
4208 5.219386
4209 5.459302
4210 8.304361
4211 9.054260
4212 5.254028
4213 3.611428
4214 3.804024
4215 3.479141
4216 3.758898
4217 3.135620
4218 3.470187
4219 3.521633
4220 3.301366
4221 3.158401
4222 3.643542
4223 3.729316
4224 3.499971
4225 3.281053
4226 3.506465
4227 3.224422
4228 3.438446
4229 3.215354
4230 3.425476
4231 3.771816
4232 3.166493
4233 3.586907
4234 3.254137
4235 3.445823
4236 3.492905
4237 3.249693
4238 3.234577
4239 3.462389
4240 3.659662
4241 3.140525
4242 3.806956
4243 3.420948
4244 3.379529
4245 3.736176
4246 3.737515
4247 3.542442
4248 5.606328
4249 4.943694
4250 5.979539
4251 5.748697
4252 5.987236
4253 6.159682
4254 6.368454
4255 7.547676
4256 8.548748
4257 7.512943
4258 6.866566
4259 6.819106
4260 5.144016
4261 7.259938
4262 7.661443
4263 9.002251
4264 8.260140
4265 8.520218
4266 9.040822
4267 9.428832
4268 8.599896
4269 9.233212
4270 9.583372
4271 8.875041
4272 7.023710
4273 7.856621
4274 8.769476
4275 9.588424
4276 10.166737
4277 9.760006
4278 6.100843
4279 7.841182
4280 7.480435
4281 10.330427
4282 9.203397
4283 9.424699
4284 7.713150
4285 9.055429
4286 6.907592
4287 8.595145
4288 6.092897
4289 7.257618
4290 5.850222
4291 6.173369
4292 6.280778
4293 6.779510
4294 7.131735
4295 9.704274
4296 9.268452
4297 9.506736
4298 9.429122
4299 8.516232
4300 8.598670
4301 8.936856
4302 9.654125
4303 9.985737
4304 10.475665
4305 8.320830
4306 8.763345
4307 5.910515
4308 7.052416
4309 7.556569
4310 6.577887
4311 7.489947
4312 5.990201
4313 6.696043
4314 7.146511
4315 5.782913
4316 5.760493
4317 6.045842
4318 6.121200
4319 6.434394
4320 6.407501
4321 5.590175
4322 5.702753
4323 5.844407
4324 6.277214
4325 6.097304
4326 6.542178
4327 7.841717
4328 8.397476
4329 9.653255
4330 9.324651
4331 6.150951
4332 5.693038
4333 6.105888
4334 9.247751
4335 5.257502
4336 3.507819
4337 5.688769
4338 7.518727
4339 7.536539
4340 4.953413
4341 3.751186
4342 5.590895
4343 6.440028
4344 5.449347
4345 6.633747
4346 6.065196
4347 5.582993
4348 4.119539
4349 3.792021
4350 3.564449
4351 3.739867
4352 3.662035
4353 5.690042
4354 8.930924
4355 8.257883
4356 9.573313
4357 7.322252
4358 7.582703
4359 7.198387
4360 7.646495
4361 7.585052
4362 5.896120
4363 3.631914
4364 3.645066
4365 6.257876
4366 7.468233
4367 9.027276
4368 8.846474
4369 9.099917
4370 5.116767
4371 5.470696
4372 8.323237
4373 6.869659
4374 7.699133
4375 6.957381
4376 8.085209
4377 9.855689
4378 7.699022
4379 8.788372
4380 10.329365
4381 9.879723
4382 8.499946
4383 7.526999
4384 5.669868
4385 7.615605
4386 7.708243
4387 7.260813
4388 9.532904
4389 10.285392
4390 9.520773
4391 9.655630
4392 10.445062
4393 5.293940
4394 6.856013
4395 9.250930
4396 7.559685
4397 5.425405
4398 7.663113
4399 7.508037
4400 7.060735
4401 7.236609
4402 7.360585
4403 7.217331
4404 5.267298
4405 7.987454
4406 6.541910
4407 5.753097
4408 7.856654
4409 7.283810
4410 8.015915
4411 7.878699
4412 6.116825
4413 6.542607
4414 6.358529
4415 5.963017
4416 7.353972
4417 5.605150
4418 8.359159
4419 5.941405
4420 6.300326
4421 5.913334
4422 5.608438
4423 5.995237
4424 6.282483
4425 6.496450
4426 5.872895
4427 6.052811
4428 6.937823
4429 6.410190
4430 6.154202
4431 6.411502
4432 5.320021
4433 5.751051
4434 6.161778
4435 8.341066
4436 6.756999
4437 7.835836
4438 7.892666
4439 8.956444
4440 5.720276
4441 5.575180
4442 6.592310
4443 6.285454
4444 6.541415
4445 6.345055
4446 6.736339
4447 6.146155
4448 4.955370
4449 5.812820
4450 6.539097
4451 5.421609
4452 4.923398
4453 6.627800
4454 6.355495
4455 8.676328
4456 7.196672
4457 5.138775
4458 5.844608
4459 5.784167
4460 6.209458
4461 5.979250
4462 6.022490
4463 6.164099
4464 6.074784
4465 5.903654
4466 5.190743
4467 5.439937
4468 5.964039
4469 8.117363
4470 10.702472
4471 10.364873
4472 7.820679
4473 6.914119
4474 5.186783
4475 5.851875
4476 7.769306
4477 7.306313
4478 5.771552
4479 5.927987
4480 5.735906
4481 5.421898
4482 5.259308
4483 5.653922
4484 5.441004
4485 5.198789
4486 7.583087
4487 9.317758
4488 7.990855
4489 8.183608
4490 8.297674
4491 7.692867
4492 6.486650
4493 3.824185
4494 3.808427
4495 3.770701
4496 3.950400
4497 3.766551
4498 4.086097
4499 5.507608
4500 5.675710
4501 5.865570
4502 6.452643
4503 5.626555
4504 6.453419
4505 8.196219
4506 6.934069
4507 6.364378
4508 6.037902
4509 6.171442
4510 8.770207
4511 7.907900
4512 8.035851
4513 8.477223
4514 8.153432
4515 9.063030
4516 9.233790
4517 8.064659
4518 10.470883
4519 7.700742
4520 8.741654
4521 7.400419
4522 8.611509
4523 7.333384
4524 7.347368
4525 6.599742
4526 7.289376
4527 6.579400
4528 6.767533
4529 7.276903
4530 5.833360
4531 8.101267
4532 7.157857
4533 8.301451
4534 7.869386
4535 8.495036
4536 8.086438
4537 9.274799
4538 11.144558
4539 10.059016
4540 10.653315
4541 9.094993
4542 9.037819
4543 11.100891
4544 10.551934
4545 11.144463
4546 11.337058
4547 9.824714
4548 11.075007
4549 10.316768
4550 10.246082
4551 9.300114
4552 10.069350
4553 10.018652
4554 10.374765
4555 10.113610
4556 9.313244
4557 10.756919
4558 10.191930
4559 10.295232
4560 7.449482
4561 7.677272
4562 6.442944
4563 6.851378
4564 8.018091
4565 7.650603
4566 5.813141
4567 5.573008
4568 7.297164
4569 6.271867
4570 6.090230
4571 5.810351
4572 6.898435
4573 8.845097
4574 9.058846
4575 8.456743
4576 8.699271
4577 8.785317
4578 8.607020
4579 8.690299
4580 10.034781
4581 7.792337
4582 8.050211
4583 7.442809
4584 7.395547
4585 8.462298
4586 8.132565
4587 8.882005
4588 9.550980
4589 9.922667
4590 9.003698
4591 7.264853
4592 6.806278
4593 6.214219
4594 5.649225
4595 7.584523
4596 5.571815
4597 5.334125
4598 6.457939
4599 6.575761
4600 6.682116
4601 8.236751
4602 5.917981
4603 5.548782
4604 6.739917
4605 5.851153
4606 5.688900
4607 5.026342
4608 6.622462
4609 6.884627
4610 5.961114
4611 6.958305
4612 7.060094
4613 9.302429
4614 9.754063
4615 9.131888
4616 9.306740
4617 9.131758
4618 8.011871
4619 8.262416
4620 9.036061
4621 9.181868
4622 8.618757
4623 8.161165
4624 9.552140
4625 6.412589
4626 9.197749
4627 8.022155
4628 8.023150
4629 9.951755
4630 9.936088
4631 10.513921
4632 9.020383
4633 10.089296
4634 8.892985
4635 10.750796
4636 11.378042
4637 6.691405
4638 7.967748
4639 7.197679
4640 8.984537
4641 8.234676
4642 8.164810
4643 6.281720
4644 8.227320
4645 8.733576
4646 8.658023
4647 7.753879
4648 7.526289
4649 7.705698
4650 8.720746
4651 8.283633
4652 8.096382
4653 8.822932
4654 8.038861
4655 7.990804
4656 8.449022
4657 5.980585
4658 5.880259
4659 6.034856
4660 7.258238
4661 8.092867
4662 8.155307
4663 8.628381
4664 7.642073
4665 6.269489
4666 8.822296
4667 6.973135
4668 7.801910
4669 7.266561
4670 6.285609
4671 8.199056
4672 7.499139
4673 8.657535
4674 7.260055
4675 9.123011
4676 8.006665
4677 9.074171
4678 8.755073
4679 9.347359
4680 8.223478
4681 7.847557
4682 7.772651
4683 7.107783
4684 6.780370
4685 8.005311
4686 8.858860
4687 8.789411
4688 10.033891
4689 7.850968
4690 7.725270
4691 6.966642
4692 8.307185
4693 8.334199
4694 9.725483
4695 8.767097
4696 8.920902
4697 8.528547
4698 7.096331
4699 10.082150
4700 10.433583
4701 9.998851
4702 8.339622
4703 8.992023
4704 8.780970
4705 7.745670
4706 7.438455
4707 5.676346
4708 3.443093
4709 5.376253
4710 5.333001
4711 5.086246
4712 5.662060
4713 5.127521
4714 7.068781
4715 6.925093
4716 9.934772
4717 8.198744
4718 8.590541
4719 7.556600
4720 9.376599
4721 9.285054
4722 6.925930
4723 7.021753
4724 6.290421
4725 7.223919
4726 7.045516
4727 6.813193
4728 6.710544
4729 8.601823
4730 6.962133
4731 6.765840
4732 7.670397
4733 7.407785
4734 8.784470
4735 6.413032
4736 7.026999
4737 7.830614
4738 7.688237
4739 8.929933
4740 8.337568
4741 8.139848
4742 8.508615
4743 6.370251
4744 6.282913
4745 8.877345
4746 6.896317
4747 8.171151
4748 8.352155
4749 7.580574
4750 8.156587
4751 8.097344
4752 7.665652
4753 8.081322
4754 8.015375
4755 6.906721
4756 6.937111
4757 7.333116
4758 9.204929
4759 7.190555
4760 8.539512
4761 8.423514
4762 9.339354
4763 8.732532
4764 7.543117
4765 7.869677
4766 8.279093
4767 8.141731
4768 8.883288
4769 7.366716
4770 6.897688
4771 7.272372
4772 8.654506
4773 7.966033
4774 7.896235
4775 5.891536
4776 6.013334
4777 6.876372
4778 7.755037
4779 6.265150
4780 5.834733
4781 6.070725
4782 5.662341
4783 3.698931
4784 3.775051
4785 3.765687
4786 3.884239
4787 3.770159
4788 3.855245
4789 3.604747
4790 3.496255
4791 5.168036
4792 3.845594
4793 3.873953
4794 3.697742
4795 3.600890
4796 3.701312
4797 3.791412
4798 3.737204
4799 4.900061
4800 5.151368
4801 5.714832
4802 5.522552
4803 5.878454
4804 3.550691
4805 5.777340
4806 5.670609
4807 6.213542
4808 5.494117
4809 9.366611
4810 9.892770
4811 8.571406
4812 8.422078
4813 8.990044
4814 8.076614
4815 7.913091
4816 8.184700
4817 6.700479
4818 6.324603
4819 7.961778
4820 5.438879
4821 6.497361
4822 9.416273
4823 8.905757
4824 7.768275
4825 9.170791
4826 7.909569
4827 7.217056
4828 9.262229
4829 8.045063
4830 9.474824
4831 9.355513
4832 8.931458
4833 8.690644
4834 9.019330
4835 7.941744
4836 9.121233
4837 8.259705
4838 9.099593
4839 9.484020
4840 10.349043
4841 9.361501
4842 9.668948
4843 8.183008
4844 8.462407
4845 8.456838
4846 9.475024
4847 7.498093
4848 8.823651
4849 8.681204
4850 8.093277
4851 7.781138
4852 10.031875
4853 8.614303
4854 9.800319
4855 8.717375
4856 8.915917
4857 7.840522
4858 9.184841
4859 7.887489
4860 8.201035
4861 8.496405
4862 8.944592
4863 9.164989
4864 8.400714
4865 8.470047
4866 8.510394
4867 9.432381
4868 8.388260
4869 9.335979
4870 8.575360
4871 9.465969
4872 8.466039
4873 9.605574
4874 8.933772
4875 6.283925
4876 5.856970
4877 9.032964
4878 8.830497
4879 9.685795
4880 9.080061
4881 9.059106
4882 8.708921
4883 8.945283
4884 9.479395
4885 8.830516
4886 8.378439
4887 9.202277
4888 8.798263
4889 9.004743
4890 8.565155
4891 8.800801
4892 8.764896
4893 9.242544
4894 8.742573
4895 8.265723
4896 9.094877
4897 8.718083
4898 8.154191
4899 9.177299
4900 8.770250
4901 9.350796
4902 7.913096
4903 8.910593
4904 9.062219
4905 8.596682
4906 7.905024
4907 7.550981
4908 7.008979
4909 3.278262
4910 3.210391
4911 3.807910
4912 3.252458
4913 3.182672
4914 3.386400
4915 3.734247
4916 3.449767
4917 3.131469
4918 3.727375
4919 3.242727
4920 3.477267
4921 3.176111
4922 3.650894
4923 3.256193
4924 3.752307
4925 3.342889
4926 3.117068
4927 3.655147
4928 3.124309
4929 5.180470
4930 3.458334
4931 3.615355
4932 3.105405
4933 3.542161
4934 3.140209
4935 3.527677
4936 3.384271
4937 3.420686
4938 3.767546
4939 3.363833
4940 3.747664
4941 3.090662
4942 3.146519
4943 3.554826
4944 5.259335
4945 6.988697
4946 7.537875
4947 7.151642
4948 7.510333
4949 6.328324
4950 5.546552
4951 9.080626
4952 9.179044
4953 6.444358
4954 7.384181
4955 6.709104
4956 6.584567
4957 7.300319
4958 6.411789
4959 6.378292
4960 7.403097
4961 5.852911
4962 6.284883
4963 6.799904
4964 6.194466
4965 6.545214
4966 7.738356
4967 7.166569
4968 7.238376
4969 7.572501
4970 10.261876
4971 8.108218
4972 8.460034
4973 7.866117
4974 9.695056
4975 9.671339
4976 8.282537
4977 8.810936
4978 7.969653
4979 9.824020
4980 7.814922
4981 7.338399
4982 9.230803
4983 8.014998
4984 9.319638
4985 9.037050
4986 7.446081
4987 8.722834
4988 9.366655
4989 8.834542
4990 6.814906
4991 11.203581
4992 8.706648
4993 10.805091
4994 7.926880
4995 8.898914
4996 9.889536
4997 10.343414
4998 10.338516
4999 8.100482
5000 9.962358
5001 7.908945

