
0 7.816534
1 10.726748
2 12.323190
3 12.527674
4 11.015424
5 11.175119
6 12.111983
7 10.302882
8 10.895758
9 10.356421
10 10.857445
11 10.505589
12 11.227337
13 11.399666
14 11.920618
15 11.354516
16 12.794761
17 12.109818
18 13.431428
19 13.881924
20 13.074801
21 13.240972
22 13.886952
23 14.390352
24 13.784781
25 12.768377
26 15.502937
27 12.954477
28 11.549874
29 13.589712
30 12.038247
31 11.337157
32 15.140145
33 13.595666
34 14.643351
35 11.255594
36 12.338510
37 13.455205
38 13.065128
39 12.477909
40 11.933622
41 12.203825
42 12.362691
43 11.670673
44 12.118984
45 13.099380
46 10.900941
47 10.200966
48 9.520279
49 11.279940
50 9.891912
51 13.354650
52 13.941970
53 12.662395
54 11.940811
55 13.142610
56 13.199057
57 13.397054
58 14.133679
59 10.754745
60 12.106089
61 13.928767
62 14.829162
63 14.129580
64 15.269026
65 15.381122
66 15.227297
67 13.656857
68 15.246451
69 14.480216
70 15.624323
71 14.474323
72 12.909634
73 12.989013
74 12.384235
75 13.196677
76 15.086535
77 14.028718
78 16.921907
79 16.010874
80 15.264038
81 14.001680
82 15.095618
83 16.691225
84 16.799347
85 16.882437
86 19.049763
87 17.520554
88 16.828856
89 17.140621
90 17.714123
91 14.097796
92 14.591685
93 15.808768
94 16.441975
95 17.008821
96 15.772644
97 15.246854
98 17.836115
99 14.797093
100 15.629426
101 15.903502
102 17.469175
103 18.435556
104 17.136419
105 18.747660
106 16.424623
107 17.277794
108 17.368803
109 18.094608
110 17.941607
111 18.164709
112 17.925743
113 16.435093
114 17.841179
115 20.098896
116 19.687155
117 19.135324
118 20.495180
119 18.597317
120 15.898928
121 19.561214
122 20.346422
123 20.290518
124 19.106554
125 19.870577
126 19.591379
127 19.462313
128 18.433456
129 18.498356
130 18.985399
131 19.129841
132 19.458500
133 19.571167
134 19.064795
135 19.544693
136 19.211002
137 18.103294
138 17.964064
139 18.553234
140 19.016798
141 18.636528
142 18.612675
143 18.982115
144 19.806726
145 18.109543
146 18.555435
147 18.570198
148 18.822351
149 19.490156
150 16.539362
151 17.992085
152 18.088285
153 19.431541
154 17.987463
155 18.953152
156 18.488434
157 18.344984
158 19.368069
159 18.292391
160 17.143671
161 17.312754
162 17.798859
163 17.442385
164 15.553175
165 17.935221
166 19.046446
167 17.171003
168 18.013420
169 17.829948
170 18.157513
171 18.313192
172 18.583715
173 17.670500
174 18.589354
175 18.291933
176 18.050203
177 18.738735
178 19.264820
179 20.119026
180 19.286993
181 19.127680
182 17.042747
183 18.582767
184 18.935070
185 18.655863
186 17.832403
187 18.790279
188 19.082815
189 19.206757
190 17.066210
191 16.995468
192 17.508234
193 17.901834
194 18.679478
195 18.941620
196 17.681271
197 15.730263
198 16.193420
199 17.522896
200 17.860983
201 16.954363
202 18.108688
203 17.925304
204 20.200563
205 19.488249
206 19.247326
207 19.642776
208 18.958364
209 17.071665
210 19.190056
211 18.417215
212 19.897081
213 20.178259
214 18.582863
215 18.988947
216 18.132307
217 17.464333
218 17.343002
219 15.844481
220 17.044834
221 19.420099
222 18.166235
223 16.487820
224 16.942337
225 16.948215
226 17.774609
227 15.221248
228 18.699770
229 15.214724
230 16.972425
231 16.786028
232 15.611621
233 15.200150
234 15.897878
235 14.587066
236 17.332502
237 17.690233
238 17.637503
239 16.972862
240 16.944715
241 15.613958
242 15.584630
243 17.021824
244 16.632036
245 16.260143
246 16.713121
247 15.703904
248 16.279932
249 17.777882
250 17.297985
251 18.320171
252 17.692348
253 17.901737
254 15.870836
255 16.602125
256 17.801826
257 17.237099
258 17.706562
259 17.686932
260 16.423578
261 15.798362
262 15.895683
263 17.482269
264 17.703869
265 16.273205
266 15.254136
267 16.560621
268 16.262133
269 16.617311
270 15.847603
271 18.224714
272 17.094864
273 16.451197
274 16.680498
275 15.037784
276 17.301353
277 18.070024
278 17.351240
279 18.118040
280 16.966236
281 18.103224
282 17.845728
283 18.576807
284 17.713018
285 17.917162
286 17.083414
287 16.915642
288 18.353189
289 20.846291
290 22.054943
291 19.113010
292 19.213608
293 17.665319
294 16.928850
295 15.717207
296 15.275322
297 13.105577
298 14.029234
299 12.179830
300 14.152626
301 14.147921
302 15.317723
303 15.159940
304 12.724380
305 14.616737
306 14.715846
307 16.592031
308 15.862313
309 16.624138
310 15.306164
311 16.046972
312 16.147141
313 16.139574
314 15.352715
315 14.948140
316 16.381895
317 16.674416
318 15.708156
319 15.255921
320 19.129383
321 17.214378
322 16.899969
323 15.979517
324 13.933847
325 19.631172
326 17.573875
327 17.732368
328 18.017597
329 16.842596
330 16.114008
331 16.116282
332 16.148085
333 13.824304
334 15.125273
335 15.767273
336 16.755718
337 18.849339
338 16.238987
339 15.130576
340 15.090265
341 15.049521
342 15.359715
343 13.883764
344 13.851665
345 14.019534
346 12.693823
347 13.299251
348 14.120867
349 13.564773
350 12.622220
351 14.100747
352 13.052637
353 14.030131
354 13.939547
355 13.298983
356 12.613617
357 11.844009
358 12.693074
359 12.312373
360 13.479711
361 13.619629
362 14.524343
363 13.473867
364 13.331619
365 13.503300
366 13.423268
367 14.044030
368 13.993573
369 12.066216
370 12.971068
371 14.242821
372 14.236638
373 14.314315
374 14.915515
375 15.573471
376 13.660202
377 12.991421
378 14.105049
379 14.555988
380 13.006327
381 14.599261
382 16.986555
383 16.963636
384 14.270428
385 15.310910
386 17.154268
387 16.846848
388 17.138462
389 15.969079
390 15.221023
391 16.342432
392 15.245504
393 17.250473
394 17.180763
395 17.961355
396 18.272758
397 17.934383
398 17.300095
399 17.835194
400 16.410353
401 13.627545
402 14.847217
403 14.860888
404 14.127831
405 14.093003
406 13.424346
407 13.576457
408 12.671100
409 14.340330
410 11.568756
411 14.926401
412 13.000332
413 11.559169
414 11.463058
415 15.537065
416 14.618187
417 14.429729
418 12.111761
419 10.362616
420 10.146765
421 11.041658
422 14.181157
423 15.254503
424 16.437820
425 17.068260
426 15.275172
427 14.603099
428 13.757491
429 13.837934
430 15.799733
431 18.368156
432 17.248875
433 16.735931
434 17.665228
435 20.213476
436 18.812178
437 16.800268
438 16.737299
439 15.307317
440 17.398293
441 16.692379
442 16.128994
443 16.122629
444 16.765566
445 17.322161
446 19.113478
447 19.032761
448 19.187342
449 18.309631
450 18.051182
451 19.000486
452 17.421095
453 18.505121
454 19.774155
455 17.600441
456 18.263153
457 18.542845
458 15.615126
459 14.579302
460 15.107412
461 12.838316
462 16.636955
463 15.551812
464 13.707479
465 16.520626
466 17.178694
467 17.878265
468 17.638456
469 18.400938
470 15.185550
471 15.157154
472 14.574012
473 15.428603
474 14.364223
475 13.376156
476 12.178779
477 14.625709
478 17.490271
479 16.112343
480 13.007718
481 15.809411
482 15.577563
483 16.116798
484 15.573913
485 14.372177
486 15.316745
487 15.558789
488 17.331671
489 15.690545
490 16.053904
491 15.799633
492 16.598043
493 14.772100
494 15.525222
495 16.017662
496 14.645805
497 13.905073
498 16.811392
499 15.302554
500 13.742658
501 15.688786
502 14.945562
503 15.422247
504 14.461463
505 15.324985
506 16.451920
507 16.992912
508 16.671900
509 15.861994
510 16.535318
511 13.648870
512 13.239900
513 12.736279
514 10.418864
515 8.310996
516 8.389454
517 7.909967
518 10.147928
519 10.221715
520 9.845529
521 11.878119
522 12.311280
523 16.292948
524 14.823551
525 11.816873
526 11.081385
527 14.079183
528 12.283943
529 12.133534
530 13.933723
531 12.813518
532 14.263394
533 13.129098
534 13.465059
535 13.162075
536 13.212541
537 12.595454
538 11.100657
539 14.714163
540 14.030965
541 11.462693
542 12.094796
543 16.556438
544 14.926525
545 16.451845
546 16.052900
547 15.013761
548 13.451488
549 10.653056
550 12.725767
551 11.363911
552 13.319107
553 16.049131
554 16.660780
555 14.889291
556 13.813688
557 15.350212
558 14.086901
559 16.033230
560 15.995914
561 14.409935
562 15.816477
563 14.241673
564 15.797776
565 14.018690
566 13.476472
567 13.384023
568 10.760271
569 13.021850
570 15.238464
571 13.196156
572 14.598230
573 12.981173
574 16.395304
575 16.135603
576 14.641925
577 15.158572
578 14.456867
579 14.005712
580 14.490307
581 13.702073
582 10.049788
583 11.923402
584 14.392438
585 13.233932
586 13.204731
587 13.368383
588 14.253716
589 11.820938
590 13.247222
591 14.915917
592 13.084055
593 13.332978
594 14.145761
595 15.382180
596 13.774905
597 12.910404
598 13.179558
599 14.753878
600 15.440612
601 14.952905
602 13.815059
603 15.077593
604 14.456806
605 14.889370
606 15.481536
607 11.521894
608 15.110137
609 15.955307
610 18.759359
611 16.838270
612 20.899788
613 16.857506
614 15.226056
615 17.404810
616 17.842848
617 15.566444
618 18.559952
619 17.000240
620 16.846989
621 13.257942
622 13.582450
623 15.794538
624 14.808249
625 16.930084
626 16.183264
627 16.266909
628 15.681484
629 14.495168
630 13.233364
631 14.414205
632 12.992800
633 11.888354
634 11.222068
635 11.662972
636 12.707771
637 13.642635
638 12.669415
639 9.981219
640 10.467525
641 12.115105
642 13.645072
643 13.062113
644 10.839052
645 11.835696
646 14.066260
647 12.290924
648 11.480798
649 12.333611
650 13.401839
651 12.884564
652 11.558640
653 12.516219
654 12.292671
655 15.882887
656 11.799067
657 12.501908
658 11.633300
659 14.448174
660 12.511314
661 10.691052
662 9.193851
663 11.009428
664 9.556593
665 11.080107
666 7.984056
667 6.876941
668 7.269096
669 6.275425
670 7.145762
671 7.445934
672 7.730105
673 6.944767
674 8.532746
675 8.706026
676 8.499887
677 9.314396
678 8.388959
679 9.148085
680 8.268577
681 7.269097
682 8.481711
683 8.177353
684 9.987516
685 8.392199
686 11.302929
687 12.844522
688 12.812024
689 14.512559
690 17.611927
691 13.552001
692 15.484849
693 14.361411
694 13.745967
695 14.188703
696 13.986971
697 15.940898
698 16.611671
699 16.548960
700 16.163012
701 15.208485
702 15.980619
703 14.378769
704 14.897664
705 17.472345
706 18.249784
707 15.348620
708 14.563231
709 13.279914
710 12.461965
711 14.362549
712 15.176092
713 13.959188
714 17.103577
715 15.645914
716 14.531320
717 14.832856
718 17.235798
719 16.740889
720 16.055326
721 15.042278
722 13.368403
723 15.686292
724 15.699584
725 17.940907
726 14.193132
727 14.654042
728 17.863523
729 16.185148
730 16.617754
731 16.008579
732 15.702723
733 16.745275
734 16.506947
735 17.165974
736 16.964111
737 16.655561
738 16.737322
739 17.922310
740 16.697081
741 16.369438
742 17.870518
743 16.139263
744 16.882168
745 16.325672
746 14.803640
747 15.591034
748 15.246785
749 16.009155
750 17.647366
751 15.938159
752 16.541037
753 18.711891
754 14.406508
755 16.648165
756 16.460873
757 17.246595
758 17.245649
759 18.919081
760 17.107306
761 17.464058
762 18.425089
763 18.841471
764 16.950680
765 16.837587
766 18.708397
767 19.535633
768 15.334188
769 17.049250
770 16.830858
771 16.725920
772 16.550125
773 17.397207
774 14.908899
775 14.282360
776 16.267483
777 16.296492
778 15.425518
779 17.506262
780 16.804071
781 18.521309
782 17.603687
783 15.615580
784 15.890958
785 18.490042
786 17.542519
787 17.267168
788 19.086977
789 19.061497
790 16.205492
791 14.962039
792 16.481709
793 14.252584
794 13.140316
795 15.397464
796 15.997292
797 18.781857
798 16.023010
799 18.508892
800 15.722438
801 16.847311
802 15.926625
803 16.396301
804 14.262177
805 14.970653
806 14.543306
807 12.960428
808 15.013798
809 14.209825
810 15.049412
811 15.104932
812 15.933523
813 15.852748
814 14.960629
815 14.665264
816 14.242151
817 14.829421
818 12.466829
819 13.459383
820 14.317730
821 15.040228
822 14.219078
823 15.451202
824 14.843706
825 15.523701
826 16.807022
827 17.242277
828 14.737595
829 16.047461
830 13.732716
831 15.249032
832 14.469234
833 14.684482
834 12.137136
835 14.232959
836 12.562440
837 12.640524
838 14.530048
839 12.398628
840 11.608236
841 12.291254
842 13.061782
843 12.942332
844 12.204446
845 13.444572
846 14.959668
847 17.141228
848 13.900827
849 11.755735
850 13.641724
851 15.956333
852 12.872454
853 13.714938
854 12.970424
855 13.764157
856 14.243347
857 15.137853
858 14.353259
859 12.445859
860 14.127269
861 13.343821
862 14.183094
863 13.649652
864 16.492710
865 15.312496
866 13.091580
867 15.228361
868 15.952311
869 16.477726
870 19.115358
871 18.222410
872 17.173595
873 17.363064
874 16.929028
875 19.378674
876 17.554489
877 20.986525
878 19.934660
879 20.220806
880 17.660568
881 17.162931
882 18.006392
883 13.330759
884 14.025168
885 18.341824
886 17.210749
887 17.935732
888 19.849346
889 15.386375
890 16.572033
891 19.209318
892 17.895617
893 18.161198
894 16.508053
895 16.971088
896 14.163582
897 17.274611
898 20.624727
899 19.133135
900 20.610710
901 16.961273
902 16.908781
903 17.832645
904 17.329674
905 15.008627
906 14.239207
907 17.837605
908 16.146048
909 16.340023
910 14.407649
911 12.828382
912 14.883128
913 16.974045
914 15.926311
915 15.801292
916 17.220652
917 18.557312
918 14.971022
919 13.568244
920 16.623343
921 14.295760
922 12.937459
923 12.820801
924 12.420045
925 13.492517
926 9.710221
927 9.018514
928 9.124835
929 7.646103
930 14.156307
931 13.990496
932 12.666831
933 17.108789
934 14.086199
935 16.656473
936 15.010585
937 17.371628
938 14.076665
939 14.376844
940 16.608635
941 13.990798
942 14.377162
943 14.758930
944 13.425588
945 14.226118
946 13.427274
947 15.824403
948 16.174675
949 13.788442
950 14.281247
951 14.046239
952 15.506323
953 11.315349
954 11.039536
955 12.156631
956 12.570933
957 17.767256
958 16.155483
959 12.718414
960 17.792536
961 16.711033
962 14.769800
963 17.609316
964 17.661455
965 17.110964
966 16.902338
967 15.111870
968 15.228122
969 17.494967
970 15.371334
971 15.858773
972 16.754126
973 14.784704
974 15.973025
975 15.452229
976 16.530094
977 16.234106
978 17.981407
979 15.517380
980 16.069468
981 15.640226
982 15.796786
983 18.570074
984 16.498165
985 16.907764
986 13.737017
987 17.712236
988 12.130957
989 17.224703
990 13.704599
991 10.398049
992 10.747484
993 10.934524
994 11.765127
995 13.333748
996 10.441356
997 11.478371
998 11.534877
999 11.180958
1000 9.660995
1001 11.612736
1002 10.619540
1003 10.672264
1004 12.012615
1005 13.290908
1006 12.230623
1007 13.329817
1008 12.670937
1009 12.298549
1010 12.439862
1011 14.680859
1012 10.855739
1013 13.658731
1014 15.561789
1015 19.668978
1016 21.184359
1017 19.461073
1018 18.103540
1019 16.189331
1020 20.503536
1021 19.245251
1022 18.624382
1023 18.193501
1024 16.952856
1025 16.941200
1026 14.266843
1027 17.598391
1028 17.386185
1029 17.116676
1030 16.486843
1031 17.410490
1032 16.254395
1033 15.669811
1034 16.993650
1035 18.057163
1036 15.765938
1037 20.266777
1038 20.653637
1039 18.750105
1040 17.020990
1041 18.752428
1042 16.866501
1043 17.633711
1044 20.959707
1045 18.656036
1046 17.983870
1047 17.377659
1048 16.930264
1049 17.186798
1050 18.625872
1051 16.943798
1052 17.016548
1053 16.321476
1054 17.162424
1055 16.298008
1056 16.595476
1057 18.301367
1058 16.974857
1059 17.403282
1060 15.450085
1061 15.400799
1062 13.511796
1063 14.928398
1064 12.984782
1065 16.341125
1066 18.609383
1067 19.777737
1068 18.790489
1069 18.033087
1070 17.159126
1071 17.276264
1072 16.190531
1073 15.590079
1074 16.019072
1075 17.899143
1076 15.862073
1077 16.095112
1078 18.836918
1079 14.789136
1080 17.131737
1081 17.750074
1082 17.573811
1083 14.967820
1084 15.390611
1085 19.588530
1086 16.865421
1087 16.122463
1088 18.802860
1089 14.665451
1090 15.480602
1091 12.432046
1092 11.036755
1093 12.649768
1094 11.529105
1095 9.532393
1096 10.128084
1097 11.387210
1098 11.794724
1099 12.703618
1100 14.245940
1101 14.854935
1102 13.920714
1103 11.323473
1104 12.916505
1105 10.381200
1106 11.244817
1107 10.495309
1108 12.230640
1109 12.543758
1110 12.876001
1111 12.719607
1112 14.170440
1113 14.366650
1114 18.058887
1115 15.834083
1116 15.673126
1117 17.790731
1118 16.660078
1119 15.042542
1120 15.785412
1121 15.175834
1122 13.097343
1123 13.751946
1124 11.688504
1125 12.774715
1126 13.456302
1127 15.338560
1128 18.739878
1129 17.069778
1130 15.823034
1131 15.430743
1132 17.931362
1133 14.879072
1134 14.822008
1135 12.596177
1136 13.380774
1137 16.184343
1138 16.877447
1139 16.513231
1140 18.308197
1141 17.009533
1142 16.445047
1143 17.377577
1144 20.819122
1145 16.038122
1146 16.984385
1147 17.797422
1148 14.805103
1149 12.608962
1150 12.841047
1151 12.121833
1152 11.028698
1153 11.879320
1154 17.514099
1155 14.301810
1156 14.241982
1157 14.031879
1158 13.631414
1159 13.744543
1160 15.164740
1161 16.625141
1162 19.054155
1163 15.872065
1164 16.711853
1165 19.049412
1166 16.745178
1167 17.095806
1168 18.367764
1169 19.227144
1170 22.945732
1171 22.238384
1172 19.030890
1173 17.004257
1174 18.906485
1175 18.959139
1176 18.756960
1177 17.695887
1178 16.710480
1179 12.580058
1180 14.275045
1181 15.154102
1182 13.947157
1183 12.351434
1184 13.498803
1185 15.331812
1186 12.344376
1187 14.339223
1188 11.908073
1189 15.854021
1190 17.149820
1191 16.299414
1192 19.113977
1193 13.418386
1194 13.611703
1195 12.386139
1196 13.257865
1197 11.214921
1198 12.236197
1199 9.836007
1200 8.773659
1201 10.907469
1202 8.955770
1203 9.494522
1204 10.360517
1205 10.846087
1206 11.206365
1207 10.193123
1208 12.902383
1209 8.638274
1210 12.109409
1211 12.181005
1212 12.275659
1213 12.198853
1214 11.702776
1215 11.632792
1216 10.049393
1217 11.513124
1218 12.346292
1219 13.154690
1220 15.142600
1221 16.400421
1222 16.147005
1223 17.388912
1224 18.453815
1225 16.919922
1226 16.265276
1227 16.471220
1228 13.999715
1229 15.608279
1230 16.494925
1231 12.946301
1232 16.040798
1233 18.206060
1234 16.279924
1235 16.235432
1236 17.795599
1237 15.177754
1238 16.501514
1239 17.066645
1240 12.288761
1241 15.834604
1242 15.377169
1243 17.948944
1244 18.281286
1245 18.108433
1246 19.483360
1247 17.948839
1248 18.039282
1249 17.952951
1250 18.835543
1251 19.304012
1252 18.146477
1253 17.166433
1254 15.234188
1255 14.832866
1256 17.310469
1257 14.293466
1258 12.722966
1259 13.072314
1260 14.888713
1261 13.676877
1262 13.160835
1263 14.108962
1264 14.483386
1265 13.375300
1266 12.497121
1267 14.277381
1268 15.707663
1269 18.115902
1270 16.727240
1271 14.481568
1272 9.580044
1273 12.027059
1274 8.478167
1275 10.769020
1276 12.680035
1277 15.395991
1278 9.860553
1279 12.292148
1280 14.070484
1281 12.642390
1282 11.048373
1283 12.478699
1284 13.505072
1285 12.637541
1286 9.069961
1287 10.366121
1288 11.658472
1289 10.867068
1290 9.936706
1291 12.767376
1292 12.677386
1293 13.452003
1294 13.975555
1295 15.340283
1296 14.057036
1297 17.073238
1298 14.139292
1299 16.954588
1300 17.080013
1301 18.252043
1302 14.111556
1303 16.219564
1304 15.704938
1305 14.732643
1306 18.453630
1307 19.244780
1308 15.017662
1309 12.814607
1310 13.894560
1311 15.436871
1312 13.523523
1313 13.188668
1314 14.278378
1315 12.804078
1316 17.369911
1317 17.576086
1318 15.782784
1319 16.654572
1320 15.240055
1321 17.559332
1322 19.935459
1323 15.544226
1324 14.577452
1325 16.422636
1326 12.223191
1327 12.028553
1328 13.018768
1329 13.589959
1330 12.733329
1331 12.028967
1332 11.402534
1333 14.463285
1334 11.385493
1335 11.647635
1336 12.860005
1337 15.343062
1338 9.750978
1339 14.219873
1340 16.682755
1341 15.802374
1342 15.529933
1343 15.563165
1344 15.035239
1345 14.358286
1346 13.330574
1347 11.567014
1348 15.369845
1349 11.980209
1350 13.119564
1351 10.547157
1352 11.035987
1353 10.302883
1354 11.775193
1355 9.690043
1356 11.700131
1357 13.917212
1358 11.857952
1359 12.636333
1360 11.770254
1361 11.892577
1362 11.594456
1363 10.799879
1364 12.041266
1365 11.124660
1366 12.114634
1367 11.708879
1368 14.449661
1369 13.834593
1370 14.659122
1371 15.842811
1372 15.082242
1373 14.509501
1374 15.066261
1375 11.338174
1376 12.670485
1377 11.743986
1378 17.021627
1379 16.041950
1380 17.262386
1381 17.184452
1382 15.642667
1383 16.960424
1384 20.449005
1385 20.346645
1386 19.434473
1387 19.148821
1388 16.175053
1389 20.552673
1390 18.711088
1391 17.364813
1392 16.741180
1393 16.219971
1394 14.863428
1395 12.909069
1396 14.202231
1397 16.596891
1398 15.677467
1399 16.090689
1400 11.903742
1401 13.462754
1402 14.370591
1403 14.991984
1404 15.179665
1405 15.861101
1406 17.784201
1407 16.945549
1408 18.768475
1409 19.116650
1410 18.940126
1411 18.962982
1412 18.733932
1413 18.267622
1414 18.469702
1415 18.256296
1416 18.412645
1417 17.599987
1418 18.388784
1419 16.621189
1420 18.794394
1421 17.487328
1422 16.346054
1423 13.642441
1424 18.896736
1425 18.256470
1426 19.910084
1427 19.005690
1428 17.563499
1429 18.356504
1430 18.498547
1431 18.752846
1432 16.673229
1433 18.352493
1434 18.596846
1435 17.278912
1436 18.464544
1437 18.702280
1438 18.796093
1439 20.065863
1440 20.497719
1441 17.242689
1442 18.080389
1443 17.038942
1444 17.504128
1445 15.326801
1446 17.352684
1447 17.798645
1448 13.803843
1449 14.165543
1450 12.618116
1451 13.404256
1452 11.897368
1453 11.627734
1454 12.884108
1455 14.025087
1456 13.347699
1457 14.151419
1458 9.330049
1459 9.714283
1460 8.282325
1461 9.503314
1462 8.429555
1463 10.643279
1464 10.379527
1465 10.412118
1466 11.216235
1467 13.272044
1468 11.511602
1469 12.647552
1470 12.486592
1471 11.942399
1472 12.202622
1473 11.661817
1474 12.323716
1475 10.999660
1476 11.142859
1477 12.010219
1478 11.478694
1479 10.533827
1480 13.961667
1481 15.636237
1482 16.184500
1483 14.003157
1484 14.559888
1485 10.843440
1486 12.277299
1487 10.916064
1488 11.576229
1489 11.044415
1490 11.233747
1491 8.955078
1492 13.082836
1493 11.753367
1494 12.260804
1495 12.013211
1496 11.828757
1497 11.494390
1498 9.412457
1499 9.445768
1500 7.196787
1501 7.535757
1502 9.078107
1503 8.877447
1504 10.129939
1505 10.579735
1506 8.962887
1507 10.678943
1508 10.307198
1509 10.284059
1510 10.378489
1511 9.196158
1512 7.160819
1513 9.854688
1514 10.480767
1515 12.334275
1516 11.255878
1517 11.165705
1518 10.475927
1519 9.614750
1520 10.762399
1521 8.747877
1522 6.331930
1523 6.171721
1524 7.790692
1525 8.230125
1526 8.517584
1527 8.523485
1528 8.063412
1529 8.007117
1530 8.117560
1531 7.185500
1532 7.369621
1533 8.109359
1534 8.357999
1535 8.055194
1536 7.338592
1537 8.966078
1538 8.661646
1539 8.390196
1540 8.468925
1541 8.810468
1542 8.829342
1543 8.745711
1544 7.612478
1545 8.363159
1546 8.893114
1547 8.957814
1548 7.322639
1549 7.723146
1550 9.238611
1551 10.608613
1552 10.331800
1553 13.918770
1554 10.155989
1555 16.088669
1556 9.834318
1557 10.942108
1558 8.643182
1559 12.780302
1560 11.946371
1561 13.148279
1562 12.805539
1563 10.310142
1564 13.728240
1565 12.723596
1566 12.692123
1567 12.619891
1568 14.377212
1569 13.945391
1570 16.038914
1571 17.333006
1572 14.441430
1573 17.109278
1574 14.531085
1575 13.473840
1576 17.172899
1577 14.812785
1578 16.965370
1579 15.067267
1580 18.339182
1581 15.960743
1582 16.084623
1583 12.724502
1584 14.089283
1585 13.334861
1586 13.271003
1587 13.650647
1588 12.808577
1589 13.807321
1590 15.129933
1591 17.383894
1592 11.086679
1593 13.999151
1594 12.115590
1595 11.293276
1596 16.152061
1597 17.673237
1598 14.784211
1599 15.081179
1600 16.229042
1601 13.414924
1602 10.968989
1603 13.117017
1604 17.438425
1605 14.924705
1606 17.165585
1607 18.076918
1608 15.254384
1609 12.471592
1610 17.232698
1611 14.803041
1612 16.959202
1613 19.213610
1614 20.443665
1615 18.685722
1616 18.985233
1617 19.715622
1618 18.226210
1619 18.279644
1620 20.073851
1621 20.849648
1622 18.720919
1623 17.922544
1624 18.355167
1625 15.849778
1626 16.443325
1627 14.268818
1628 19.233095
1629 16.710833
1630 20.619501
1631 19.442169
1632 17.186298
1633 16.138231
1634 15.007478
1635 15.551046
1636 15.195063
1637 12.999619
1638 15.949574
1639 15.260845
1640 14.476890
1641 14.521557
1642 15.272415
1643 15.584791
1644 15.457479
1645 16.656544
1646 13.375051
1647 14.185710
1648 14.616547
1649 13.929362
1650 10.900460
1651 9.802023
1652 12.486893
1653 16.478670
1654 14.570004
1655 11.417466
1656 11.208833
1657 11.482267
1658 12.660970
1659 10.753940
1660 10.340660
1661 6.994359
1662 11.506383
1663 13.903892
1664 14.315214
1665 17.587959
1666 20.512943
1667 17.658592
1668 17.933397
1669 18.135458
1670 18.823776
1671 17.307293
1672 16.878445
1673 15.952287
1674 17.684916
1675 16.698442
1676 17.000683
1677 16.331657
1678 15.826646
1679 16.239689
1680 16.285791
1681 17.340649
1682 15.938651
1683 17.009203
1684 19.341362
1685 14.334585
1686 12.741664
1687 13.744699
1688 15.848144
1689 18.449903
1690 17.303902
1691 16.823404
1692 17.280609
1693 13.824102
1694 18.318756
1695 16.440271
1696 19.630476
1697 20.615891
1698 16.979103
1699 19.169991
1700 19.130890
1701 18.716324
1702 15.417460
1703 18.949163
1704 17.925682
1705 17.221514
1706 16.378378
1707 16.860828
1708 16.805407
1709 17.034956
1710 16.027258
1711 17.142618
1712 17.666365
1713 16.544884
1714 17.575781
1715 13.326008
1716 14.079747
1717 10.731129
1718 13.756184
1719 10.743548
1720 12.835020
1721 14.249192
1722 14.828856
1723 15.135402
1724 11.588930
1725 12.394620
1726 10.818819
1727 11.438886
1728 12.506922
1729 13.440574
1730 12.028025
1731 17.350714
1732 16.194361
1733 17.330261
1734 16.679705
1735 16.037468
1736 15.262155
1737 14.940958
1738 14.817543
1739 15.051293
1740 15.747180
1741 16.126537
1742 17.051811
1743 16.721575
1744 16.500280
1745 16.891579
1746 16.406443
1747 14.123208
1748 14.881889
1749 16.459776
1750 16.220137
1751 18.257744
1752 17.379414
1753 16.665636
1754 17.379499
1755 17.778034
1756 17.030186
1757 15.664110
1758 16.336977
1759 16.040178
1760 15.083961
1761 16.781368
1762 16.759718
1763 15.769551
1764 15.296021
1765 13.789635
1766 15.337007
1767 16.184692
1768 14.892752
1769 14.522788
1770 14.299038
1771 16.514772
1772 15.268529
1773 14.769418
1774 14.492021
1775 15.431465
1776 14.250691
1777 13.688489
1778 15.423059
1779 12.484466
1780 13.746950
1781 15.619334
1782 14.477227
1783 12.727179
1784 14.440118
1785 13.078594
1786 16.519564
1787 15.782784
1788 15.108893
1789 15.411458
1790 16.580549
1791 16.594013
1792 14.560842
1793 15.326604
1794 12.522702
1795 15.030869
1796 15.259925
1797 15.542014
1798 14.575168
1799 11.880023
1800 12.807770
1801 12.453673
1802 13.118763
1803 12.045551
1804 15.626942
1805 13.502303
1806 14.116394
1807 15.478336
1808 15.287539
1809 13.263628
1810 13.051911
1811 14.066935
1812 13.125196
1813 13.657354
1814 12.890018
1815 12.132578
1816 12.547546
1817 11.570998
1818 15.499156
1819 17.000750
1820 16.738655
1821 16.198189
1822 17.325684
1823 16.046543
1824 16.996859
1825 17.439133
1826 17.507208
1827 16.665014
1828 18.373569
1829 17.911406
1830 15.430845
1831 15.475766
1832 12.816317
1833 15.075223
1834 17.801987
1835 17.661030
1836 19.044146
1837 16.035713
1838 15.984098
1839 16.677233
1840 15.857400
1841 14.870230
1842 15.343368
1843 16.487011
1844 18.458374
1845 17.098858
1846 15.684461
1847 14.816614
1848 15.735787
1849 19.425692
1850 18.052267
1851 16.928312
1852 14.584182
1853 14.660340
1854 14.695096
1855 17.271528
1856 15.252368
1857 15.064146
1858 13.749104
1859 14.963709
1860 13.994148
1861 13.421469
1862 13.350825
1863 16.250801
1864 10.183414
1865 13.515610
1866 12.082165
1867 15.074815
1868 16.844444
1869 15.816562
1870 17.520067
1871 17.293579
1872 17.942184
1873 15.171876
1874 16.807915
1875 18.437582
1876 15.938665
1877 16.202099
1878 15.309532
1879 12.734911
1880 14.857606
1881 13.216191
1882 12.445186
1883 13.796450
1884 14.235950
1885 13.537175
1886 13.499562
1887 11.805212
1888 13.085610
1889 12.793665
1890 13.231032
1891 12.743723
1892 11.609845
1893 12.903430
1894 11.633325
1895 14.148611
1896 13.269285
1897 9.995469
1898 12.272136
1899 11.448409
1900 12.409816
1901 15.514746
1902 12.599642
1903 11.103770
1904 12.435887
1905 12.463387
1906 13.712912
1907 13.592272
1908 14.514718
1909 13.082176
1910 13.594975
1911 10.240967
1912 11.289543
1913 11.515779
1914 13.877022
1915 14.497074
1916 14.656907
1917 13.963429
1918 13.544819
1919 14.756489
1920 15.070254
1921 14.818773
1922 14.096672
1923 15.239182
1924 16.821674
1925 14.244674
1926 14.645864
1927 15.228156
1928 12.396955
1929 11.784346
1930 12.283670
1931 10.637047
1932 9.954239
1933 12.055575
1934 10.819564
1935 11.184052
1936 13.320712
1937 12.566415
1938 11.947999
1939 13.786978
1940 12.137205
1941 13.392972
1942 15.501403
1943 14.255406
1944 14.297773
1945 12.551905
1946 13.250304
1947 13.993570
1948 16.186836
1949 15.405693
1950 13.050113
1951 12.505558
1952 13.803585
1953 13.203913
1954 15.062011
1955 15.048963
1956 14.161408
1957 15.336303
1958 15.691903
1959 14.120758
1960 14.573982
1961 14.750439
1962 14.476635
1963 10.939444
1964 11.877602
1965 13.546453
1966 14.745967
1967 15.646429
1968 15.694649
1969 14.496846
1970 17.799692
1971 16.079866
1972 15.646859
1973 14.653616
1974 15.727259
1975 14.534734
1976 13.850819
1977 14.734171
1978 15.459633
1979 15.266898
1980 16.269688
1981 16.469093
1982 17.357887
1983 17.342094
1984 16.155611
1985 15.078593
1986 15.659917
1987 16.356255
1988 14.553288
1989 16.474169
1990 15.895296
1991 16.050922
1992 16.954144
1993 17.185446
1994 16.951246
1995 17.770008
1996 16.991144
1997 16.539099
1998 17.874510
1999 17.354097
2000 17.471163
2001 16.750225
2002 18.124609
2003 17.486483
2004 17.498957
2005 17.416256
2006 19.157591
2007 17.118679
2008 17.841879
2009 17.000523
2010 16.960955
2011 17.602339
2012 17.938398
2013 16.350149
2014 16.447845
2015 17.863050
2016 17.340235
2017 17.516796
2018 16.684776
2019 17.066654
2020 17.605877
2021 17.650898
2022 16.733589
2023 15.362090
2024 14.167420
2025 16.010660
2026 16.390528
2027 16.614592
2028 17.486364
2029 17.008144
2030 17.165491
2031 15.364314
2032 17.413097
2033 16.621365
2034 16.298759
2035 17.134838
2036 18.081337
2037 15.320149
2038 14.739813
2039 15.300520
2040 16.604443
2041 16.653969
2042 14.822179
2043 17.827560
2044 18.051043
2045 18.213842
2046 17.689671
2047 17.853809
2048 18.505936
2049 18.517393
2050 17.647226
2051 18.869356
2052 18.851364
2053 18.128536
2054 15.807213
2055 17.612137
2056 16.750277
2057 15.745512
2058 16.117701
2059 12.873322
2060 14.636190
2061 12.137539
2062 11.346766
2063 7.728082
2064 8.670347
2065 11.675721
2066 11.527392
2067 12.658851
2068 13.100765
2069 13.060911
2070 12.076258
2071 14.207847
2072 14.732417
2073 15.486758
2074 14.556242
2075 14.669304
2076 16.005610
2077 15.991296
2078 18.491606
2079 18.264116
2080 15.356848
2081 16.387951
2082 17.192289
2083 16.576323
2084 15.588207
2085 15.684550
2086 15.014153
2087 15.290756
2088 17.919460
2089 16.443642
2090 16.003166
2091 14.350925
2092 15.762086
2093 17.448698
2094 17.380463
2095 14.558332
2096 13.886590
2097 17.251286
2098 14.872085
2099 15.688051
2100 15.168062
2101 15.338230
2102 14.385005
2103 13.911330
2104 14.922775
2105 15.913647
2106 14.178881
2107 14.234356
2108 12.642165
2109 13.317700
2110 15.353236
2111 13.081511
2112 12.317706
2113 14.007513
2114 12.213649
2115 14.174196
2116 14.705545
2117 15.267220
2118 16.081890
2119 16.285387
2120 14.843065
2121 15.997176
2122 15.787698
2123 15.056543
2124 14.732709
2125 14.154781
2126 14.873771
2127 12.839747
2128 15.540635
2129 16.562620
2130 15.063720
2131 15.890401
2132 15.390785
2133 15.669456
2134 16.206083
2135 15.418570
2136 13.847522
2137 16.177326
2138 15.795366
2139 12.349796
2140 14.887266
2141 14.510468
2142 13.405688
2143 13.408372
2144 16.607775
2145 16.152298
2146 15.872637
2147 16.750944
2148 17.430517
2149 15.622218
2150 15.639142
2151 15.314938
2152 15.446651
2153 16.516069
2154 13.566005
2155 14.396914
2156 14.755974
2157 15.627224
2158 14.278911
2159 16.001211
2160 15.621492
2161 14.912012
2162 14.671487
2163 17.014698
2164 18.394760
2165 15.078433
2166 16.802761
2167 15.111985
2168 14.682933
2169 14.791949
2170 13.571741
2171 14.377887
2172 12.173907
2173 12.182239
2174 8.453606
2175 7.687082
2176 7.010093
2177 10.759099
2178 9.558738
2179 10.443508
2180 13.145219
2181 10.751734
2182 12.564451
2183 10.148204
2184 9.207763
2185 8.222984
2186 7.662226
2187 7.414329
2188 7.825173
2189 8.116376
2190 11.364652
2191 11.458346
2192 10.570661
2193 11.259773
2194 11.297619
2195 10.836443
2196 9.269874
2197 11.135120
2198 10.674948
2199 12.316034
2200 12.767465
2201 14.642489
2202 11.837656
2203 9.365332
2204 7.349490
2205 7.277780
2206 7.098994
2207 9.372236
2208 10.270001
2209 12.699568
2210 11.706944
2211 11.801347
2212 12.469753
2213 13.587178
2214 12.206340
2215 14.876331
2216 14.498117
2217 12.791787
2218 15.936875
2219 15.142879
2220 14.206911
2221 12.433221
2222 14.505439
2223 13.370889
2224 14.734880
2225 14.638495
2226 15.421792
2227 16.984858
2228 16.767702
2229 17.650984
2230 17.722452
2231 17.309031
2232 19.369638
2233 15.766309
2234 15.757479
2235 16.461662
2236 19.258904
2237 19.470039
2238 19.023268
2239 19.727230
2240 20.028955
2241 19.036232
2242 16.956970
2243 16.127310
2244 14.936964
2245 17.482941
2246 16.345219
2247 17.832588
2248 17.632252
2249 17.427504
2250 18.321529
2251 17.735493
2252 17.857635
2253 17.594936
2254 17.606705
2255 18.449553
2256 18.505442
2257 18.029253
2258 17.608597
2259 17.412596
2260 18.171478
2261 16.319021
2262 16.017900
2263 16.782553
2264 16.785927
2265 17.781649
2266 20.007135
2267 18.388361
2268 18.681377
2269 16.632700
2270 17.767397
2271 16.805326
2272 15.913127
2273 16.594257
2274 18.056850
2275 18.014406
2276 17.492424
2277 16.447208
2278 14.957353
2279 16.494402
2280 17.175472
2281 18.050617
2282 17.453041
2283 16.861120
2284 17.592031
2285 17.738188
2286 15.261828
2287 15.391945
2288 17.501154
2289 18.512842
2290 18.018429
2291 16.397837
2292 16.356445
2293 13.076370
2294 15.750675
2295 15.987205
2296 13.405677
2297 12.931602
2298 12.792478
2299 16.460176
2300 15.303560
2301 15.449319
2302 16.331976
2303 16.314444
2304 16.879587
2305 17.268385
2306 17.907949
2307 17.447788
2308 16.646500
2309 17.019772
2310 16.724007
2311 18.264208
2312 17.178911
2313 16.559996
2314 17.820499
2315 17.950224
2316 17.897427
2317 15.794420
2318 16.153074
2319 18.875481
2320 17.683729
2321 18.645821
2322 17.782335
2323 17.654217
2324 18.296682
2325 17.535555
2326 18.615824
2327 18.394037
2328 17.450563
2329 19.105062
2330 16.327229
2331 17.557232
2332 17.268089
2333 16.894066
2334 17.789803
2335 17.380878
2336 16.371786
2337 18.012096
2338 18.856453
2339 17.212986
2340 19.257090
2341 19.632551
2342 19.187103
2343 16.045324
2344 15.095344
2345 16.720678
2346 16.450642
2347 17.248652
2348 18.242666
2349 19.562214
2350 17.094706
2351 14.118983
2352 16.156664
2353 15.107905
2354 18.695303
2355 13.559231
2356 12.214391
2357 13.302192
2358 16.399576
2359 18.034393
2360 18.594164
2361 18.344328
2362 17.556097
2363 18.693584
2364 20.495935
2365 18.740208
2366 19.116514
2367 17.848646
2368 16.953869
2369 16.639454
2370 18.038631
2371 14.704248
2372 14.693321
2373 14.952630
2374 12.342957
2375 13.221500
2376 13.709538
2377 15.272332
2378 8.733999
2379 12.132472
2380 13.225849
2381 14.363111
2382 13.118093
2383 12.989069
2384 10.623796
2385 12.817713
2386 12.774337
2387 11.680461
2388 12.914927
2389 12.717034
2390 11.624664
2391 13.569785
2392 15.651692
2393 16.457882
2394 17.354868
2395 18.203318
2396 16.303045
2397 17.486738
2398 17.495806
2399 15.642280
2400 16.692268
2401 20.336727
2402 19.190609
2403 17.500246
2404 16.960062
2405 18.340071
2406 17.838394
2407 18.328650
2408 18.148748
2409 16.534231
2410 17.394354
2411 17.707602
2412 18.734142
2413 17.753515
2414 17.695391
2415 18.321419
2416 18.805452
2417 17.736380
2418 19.618933
2419 18.148283
2420 18.733112
2421 19.280777
2422 18.695526
2423 14.951941
2424 17.365782
2425 14.289089
2426 17.742790
2427 18.063694
2428 18.413115
2429 18.607506
2430 17.071507
2431 17.273445
2432 17.045483
2433 19.503399
2434 17.161709
2435 16.776712
2436 18.024271
2437 19.461542
2438 18.887680
2439 19.195478
2440 17.847565
2441 17.809671
2442 19.036375
2443 18.846352
2444 17.050650
2445 16.532059
2446 19.363995
2447 16.966003
2448 15.732059
2449 18.179523
2450 18.057055
2451 19.475225
2452 18.785519
2453 19.287024
2454 18.567894
2455 17.430056
2456 17.055769
2457 16.298162
2458 18.963549
2459 17.810299
2460 17.258551
2461 15.412998
2462 15.944840
2463 16.039843
2464 17.396149
2465 15.965687
2466 14.653142
2467 17.252243
2468 15.838448
2469 16.137255
2470 15.545478
2471 16.535355
2472 17.330500
2473 17.772118
2474 17.158930
2475 18.659676
2476 11.788832
2477 13.131042
2478 16.854385
2479 15.258111
2480 14.150885
2481 13.008007
2482 14.769803
2483 16.004858
2484 13.804360
2485 13.858363
2486 14.312387
2487 13.517805
2488 14.157732
2489 16.411682
2490 16.863516
2491 16.524132
2492 18.601429
2493 18.849270
2494 18.445429
2495 16.679693
2496 18.070671
2497 15.337743
2498 16.460665
2499 16.413816
2500 17.641594
2501 16.938383
2502 17.167448
2503 17.114450
2504 16.204660
2505 16.325132
2506 14.708772
2507 17.137499
2508 15.538899
2509 16.641884
2510 16.017393
2511 16.481049
2512 17.428587
2513 17.198744
2514 17.157270
2515 16.141575
2516 16.781294
2517 16.882689
2518 17.363098
2519 17.129072
2520 15.755183
2521 16.977621
2522 17.409319
2523 17.772013
2524 17.387543
2525 19.163382
2526 16.615252
2527 16.304884
2528 17.234812
2529 17.176451
2530 17.886784
2531 17.148483
2532 17.503082
2533 17.517210
2534 16.644979
2535 15.844210
2536 15.639322
2537 16.059422
2538 14.736973
2539 14.892715
2540 16.336702
2541 18.612299
2542 17.788046
2543 15.592469
2544 17.948616
2545 17.661631
2546 17.916813
2547 16.870424
2548 17.407063
2549 17.378004
2550 19.150995
2551 19.603521
2552 16.838240
2553 15.131587
2554 15.889356
2555 15.549865
2556 14.605806
2557 15.323859
2558 12.180987
2559 12.018947
2560 9.273636
2561 12.010406
2562 9.996107
2563 13.251315
2564 11.230539
2565 12.937708
2566 14.678687
2567 13.964651
2568 14.133555
2569 14.036613
2570 13.747546
2571 15.175470
2572 9.302225
2573 12.461026
2574 11.201624
2575 13.993134
2576 14.168170
2577 13.791939
2578 15.715221
2579 15.830875
2580 16.383596
2581 16.283302
2582 16.723200
2583 15.550061
2584 15.607941
2585 14.359095
2586 12.874423
2587 15.058371
2588 12.641179
2589 12.357589
2590 13.775030
2591 15.637754
2592 16.587076
2593 15.090206
2594 14.986154
2595 14.666513
2596 14.479905
2597 12.399187
2598 11.508200
2599 15.872149
2600 16.684280
2601 16.954605
2602 17.693468
2603 17.013809
2604 13.880250
2605 13.773778
2606 15.653302
2607 15.912611
2608 15.400766
2609 17.144800
2610 16.888817
2611 14.493256
2612 15.922078
2613 15.556777
2614 16.393305
2615 15.890104
2616 16.192604
2617 17.143032
2618 16.239681
2619 15.118388
2620 14.140271
2621 11.825131
2622 12.290953
2623 13.480842
2624 12.325830
2625 14.660261
2626 11.718765
2627 11.986814
2628 13.827106
2629 10.949928
2630 12.799474
2631 13.006493
2632 14.557734
2633 11.304423
2634 12.317138
2635 12.600449
2636 13.279889
2637 14.096575
2638 12.025050
2639 15.168242
2640 14.161557
2641 14.279353
2642 14.392260
2643 16.623457
2644 14.838564
2645 16.181252
2646 13.397031
2647 17.335922
2648 13.986492
2649 11.608350
2650 13.227061
2651 13.911052
2652 12.971047
2653 13.067954
2654 14.297079
2655 13.446020
2656 12.953164
2657 12.167504
2658 12.701535
2659 13.222713
2660 13.294427
2661 10.852845
2662 13.251080
2663 11.357578
2664 12.750194
2665 12.760896
2666 12.822760
2667 11.783741
2668 10.623818
2669 11.421305
2670 12.384192
2671 11.361394
2672 9.184798
2673 8.316929
2674 10.234011
2675 10.214153
2676 10.719898
2677 10.559714
2678 13.025217
2679 9.777136
2680 11.556434
2681 13.972399
2682 10.782883
2683 12.368579
2684 11.025710
2685 10.804485
2686 11.221719
2687 10.968443
2688 12.044822
2689 13.789672
2690 12.270081
2691 12.518918
2692 11.860957
2693 11.549175
2694 12.669256
2695 12.930946
2696 11.156110
2697 12.048390
2698 11.496074
2699 13.543723
2700 11.849805
2701 14.060419
2702 12.206017
2703 11.761162
2704 13.049920
2705 14.622031
2706 14.153590
2707 13.723931
2708 12.750507
2709 11.745101
2710 13.770411
2711 13.773406
2712 11.627110
2713 13.369455
2714 14.591970
2715 16.502464
2716 14.186956
2717 15.385903
2718 14.585877
2719 12.854821
2720 13.536370
2721 13.743861
2722 11.465264
2723 13.185552
2724 12.181970
2725 11.889765
2726 16.537479
2727 10.472831
2728 8.575669
2729 10.922552
2730 8.764804
2731 9.978867
2732 8.574783
2733 10.758492
2734 9.518050
2735 7.970677
2736 7.849849
2737 7.984649
2738 10.305312
2739 9.002683
2740 8.803549
2741 10.045698
2742 8.255794
2743 10.307154
2744 9.407873
2745 9.012025
2746 13.043968
2747 14.519596
2748 13.751669
2749 13.026070
2750 13.134795
2751 11.063513
2752 15.129609
2753 13.006781
2754 11.995063
2755 11.513470
2756 10.393367
2757 9.600679
2758 13.226996
2759 10.270700
2760 11.843435
2761 13.547487
2762 11.480745
2763 12.683515
2764 14.687358
2765 11.452308
2766 14.476979
2767 11.031807
2768 10.790415
2769 7.422617
2770 8.358001
2771 9.450582
2772 13.365396
2773 16.786407
2774 16.022923
2775 17.405569
2776 13.769794
2777 14.201383
2778 16.872374
2779 12.870501
2780 11.870461
2781 11.049142
2782 14.453868
2783 13.834398
2784 13.611790
2785 12.541954
2786 12.320911
2787 12.223516
2788 14.223480
2789 13.246972
2790 13.219357
2791 12.105783
2792 13.673654
2793 16.968168
2794 12.876498
2795 13.482029
2796 15.236660
2797 9.821594
2798 12.134053
2799 10.951718
2800 10.753696
2801 13.473098
2802 11.959034
2803 15.327977
2804 15.392575
2805 12.201260
2806 15.333514
2807 17.046196
2808 13.523506
2809 11.972981
2810 11.877435
2811 13.629446
2812 13.113117
2813 16.484179
2814 14.540050
2815 14.800446
2816 14.345358
2817 10.859189
2818 11.503087
2819 10.631731
2820 13.214701
2821 7.571523
2822 9.860395
2823 12.151828
2824 14.727913
2825 13.808896
2826 17.467426
2827 14.502932
2828 12.525282
2829 10.856395
2830 13.255990
2831 13.000039
2832 13.872314
2833 14.572861
2834 12.988626
2835 11.711336
2836 14.294718
2837 10.304348
2838 10.284615
2839 10.096715
2840 9.369938
2841 9.634317
2842 10.610765
2843 11.439694
2844 15.655011
2845 16.884439
2846 11.960505
2847 12.864706
2848 16.848944
2849 14.033854
2850 17.142015
2851 12.357347
2852 17.205515
2853 17.066530
2854 15.956128
2855 15.204412
2856 16.335423
2857 14.906070
2858 17.727579
2859 14.585655
2860 9.785983
2861 12.825895
2862 14.867981
2863 15.016815
2864 14.084536
2865 13.403424
2866 13.318280
2867 14.972975
2868 14.180820
2869 10.348016
2870 9.933486
2871 10.043214
2872 16.830847
2873 13.582554
2874 16.496302
2875 16.031748
2876 15.606528
2877 17.309195
2878 15.189181
2879 18.037657
2880 19.988094
2881 16.948023
2882 19.440548
2883 18.177132
2884 19.689360
2885 17.010149
2886 15.858965
2887 12.616036
2888 12.142983
2889 11.712417
2890 13.113516
2891 12.329650
2892 12.001914
2893 12.506471
2894 11.937893
2895 12.017203
2896 12.101860
2897 15.324429
2898 15.142806
2899 16.354355
2900 16.824802
2901 16.192352
2902 16.347536
2903 16.377518
2904 17.079718
2905 20.320915
2906 21.548094
2907 20.753328
2908 19.765892
2909 20.087111
2910 19.165094
2911 18.558537
2912 17.564144
2913 16.257542
2914 17.072710
2915 17.846834
2916 16.722706
2917 19.122574
2918 20.746998
2919 22.308475
2920 21.067926
2921 17.895277
2922 17.686516
2923 17.372072
2924 21.540863
2925 19.760063
2926 19.640720
2927 20.678070
2928 20.182379
2929 17.732756
2930 18.814831
2931 15.978338
2932 19.192068
2933 21.122776
2934 14.651072
2935 17.104401
2936 16.064543
2937 17.852690
2938 17.538527
2939 15.440001
2940 17.262249
2941 18.683521
2942 22.088274
2943 21.619188
2944 20.111071
2945 19.753971
2946 21.020090
2947 20.614128
2948 17.984308
2949 16.518127
2950 19.967552
2951 20.019831
2952 16.827322
2953 17.578825
2954 19.813005
2955 19.954092
2956 20.920353
2957 19.720322
2958 19.214130
2959 16.402481
2960 21.581676
2961 19.697765
2962 21.585281
2963 21.070147
2964 20.395742
2965 21.021862
2966 22.107483
2967 18.541151
2968 21.439219
2969 21.091513
2970 19.550022
2971 19.203138
2972 16.797686
2973 15.229145
2974 18.410007
2975 17.245745
2976 16.859190
2977 17.202803
2978 16.463699
2979 19.099865
2980 21.308369
2981 19.091459
2982 20.188244
2983 18.847803
2984 21.259237
2985 18.563072
2986 16.813265
2987 19.644012
2988 18.189056
2989 17.334557
2990 17.418686
2991 18.731066
2992 16.736141
2993 15.724414
2994 18.185274
2995 18.556639
2996 19.646683
2997 19.008245
2998 19.981619
2999 20.259941
3000 19.090908
3001 20.597342
3002 19.818928
3003 18.139626
3004 21.165648
3005 18.938885
3006 18.860489
3007 18.077898
3008 17.285084
3009 15.868534
3010 17.857967
3011 18.810793
3012 19.826727
3013 17.720554
3014 13.556703
3015 14.616982
3016 16.809031
3017 16.253510
3018 15.786709
3019 14.873107
3020 12.735968
3021 12.984033
3022 12.344990
3023 10.403781
3024 11.238110
3025 12.599585
3026 14.492916
3027 13.945590
3028 17.448082
3029 12.857214
3030 14.293965
3031 13.674810
3032 14.133148
3033 16.791273
3034 13.363552
3035 14.289793
3036 15.494085
3037 16.317657
3038 14.220531
3039 20.147675
3040 18.614531
3041 18.775944
3042 16.243406
3043 19.487803
3044 19.551899
3045 16.505222
3046 19.690592
3047 20.671015
3048 18.096010
3049 17.836788
3050 16.484608
3051 18.365467
3052 14.852410
3053 17.514666
3054 18.156862
3055 22.465450
3056 22.531704
3057 22.286884
3058 24.289305
3059 23.619610
3060 22.262955
3061 24.231302
3062 22.714481
3063 21.955444
3064 22.803383
3065 25.055561
3066 24.773771
3067 24.545847
3068 22.008902
3069 24.563721
3070 24.744295
3071 23.339746
3072 22.957888
3073 23.600672
3074 22.024778
3075 22.136082
3076 20.880562
3077 17.304300
3078 19.261869
3079 17.674458
3080 18.445753
3081 20.633965
3082 19.942091
3083 19.518530
3084 20.058527
3085 16.895161
3086 15.414288
3087 18.015791
3088 15.872085
3089 16.126127
3090 16.982559
3091 14.037838
3092 16.257820
3093 15.863326
3094 16.471325
3095 18.239042
3096 15.446128
3097 13.929366
3098 13.263011
3099 14.708884
3100 14.509142
3101 14.446104
3102 12.247660
3103 13.241308
3104 15.313778
3105 14.713357
3106 18.134085
3107 18.165537
3108 17.286579
3109 19.361290
3110 16.907530
3111 16.812037
3112 15.688686
3113 16.130379
3114 17.550011
3115 18.100981
3116 15.492828
3117 18.340139
3118 18.678232
3119 15.803864
3120 18.922422
3121 19.349388
3122 16.896086
3123 15.811131
3124 18.647430
3125 17.870565
3126 17.809910
3127 18.752752
3128 17.367426
3129 19.217394
3130 18.301973
3131 18.203751
3132 17.381773
3133 18.579874
3134 17.889631
3135 19.272291
3136 20.950167
3137 22.264235
3138 21.170822
3139 19.515697
3140 21.064608
3141 20.822514
3142 21.203388
3143 18.722345
3144 19.078564
3145 17.963970
3146 20.579094
3147 20.002008
3148 19.600544
3149 21.020836
3150 21.301937
3151 20.614662
3152 18.388725
3153 17.655603
3154 17.904333
3155 18.862904
3156 19.954525
3157 18.834471
3158 20.502754
3159 20.341200
3160 21.065470
3161 18.388477
3162 17.710653
3163 18.487339
3164 17.531246
3165 15.490931
3166 13.515347
3167 13.064095
3168 12.229854
3169 14.774228
3170 11.800460
3171 15.134665
3172 14.156700
3173 14.455590
3174 15.854165
3175 14.508190
3176 12.635876
3177 13.934146
3178 14.575353
3179 12.545363
3180 14.139481
3181 13.331352
3182 14.889471
3183 13.201895
3184 13.737233
3185 14.589429
3186 14.421846
3187 13.372643
3188 14.113300
3189 14.562769
3190 12.541681
3191 13.316202
3192 13.272785
3193 13.036789
3194 14.150998
3195 15.848208
3196 14.551881
3197 16.068012
3198 13.937333
3199 15.283615
3200 16.129911
3201 13.713410
3202 13.257648
3203 14.971402
3204 14.871527
3205 14.753464
3206 15.494066
3207 16.420486
3208 14.250062
3209 13.394293
3210 15.355185
3211 14.783043
3212 12.687656
3213 11.781855
3214 14.358583
3215 14.130229
3216 16.271439
3217 17.146461
3218 13.387763
3219 14.688249
3220 14.222350
3221 13.662101
3222 13.080867
3223 13.722319
3224 15.461574
3225 16.325670
3226 15.660577
3227 13.189666
3228 16.857641
3229 14.045729
3230 16.795874
3231 15.882725
3232 13.980196
3233 14.552998
3234 10.849505
3235 9.435390
3236 9.601239
3237 9.930511
3238 12.605986
3239 14.626075
3240 15.569006
3241 15.469814
3242 15.525908
3243 17.175993
3244 15.078953
3245 14.961136
3246 16.535091
3247 15.208044
3248 13.218275
3249 16.131920
3250 16.316732
3251 17.095385
3252 15.754181
3253 14.864529
3254 15.777781
3255 18.145826
3256 18.961939
3257 16.626448
3258 15.871204
3259 15.033260
3260 14.695505
3261 14.756569
3262 17.131531
3263 18.170557
3264 17.465122
3265 16.712679
3266 19.120617
3267 16.972090
3268 16.991522
3269 18.508907
3270 19.047850
3271 17.822744
3272 17.379332
3273 17.400740
3274 17.550634
3275 17.923069
3276 16.096769
3277 16.635782
3278 16.720743
3279 17.072357
3280 17.762957
3281 18.226141
3282 17.724949
3283 16.309969
3284 17.903997
3285 17.560467
3286 14.953423
3287 14.021491
3288 15.397642
3289 15.295754
3290 15.673115
3291 17.261965
3292 15.576271
3293 16.085321
3294 15.471629
3295 15.310015
3296 15.296777
3297 15.073646
3298 15.231736
3299 17.849110
3300 17.492821
3301 16.212917
3302 17.160614
3303 18.080450
3304 15.994638
3305 16.755341
3306 18.212996
3307 16.078588
3308 17.052631
3309 17.210873
3310 16.044674
3311 17.457937
3312 17.798967
3313 20.143496
3314 18.423019
3315 19.335884
3316 19.323591
3317 18.281075
3318 18.290604
3319 19.107817
3320 18.228191
3321 17.389656
3322 18.748878
3323 18.181072
3324 18.836073
3325 19.148596
3326 16.075233
3327 18.898304
3328 18.572826
3329 18.450203
3330 18.003166
3331 18.411617
3332 19.161440
3333 20.172064
3334 19.823359
3335 19.150167
3336 18.823832
3337 18.393677
3338 20.114437
3339 19.260214
3340 17.095284
3341 19.324959
3342 20.224234
3343 19.246550
3344 18.800097
3345 18.150990
3346 19.322430
3347 20.223661
3348 18.321871
3349 20.404837
3350 17.806776
3351 20.128052
3352 19.842365
3353 19.179193
3354 19.547523
3355 18.136044
3356 17.415773
3357 19.065693
3358 18.454329
3359 17.855070
3360 17.931597
3361 16.083773
3362 16.190611
3363 14.547308
3364 15.669907
3365 15.720366
3366 16.678453
3367 16.013874
3368 15.249190
3369 15.408720
3370 17.029839
3371 18.277313
3372 17.965635
3373 17.743528
3374 18.174992
3375 17.425669
3376 17.143564
3377 17.215166
3378 18.508780
3379 17.246565
3380 14.678460
3381 14.165963
3382 15.446234
3383 16.537893
3384 16.932686
3385 16.960150
3386 15.501540
3387 17.756163
3388 18.811012
3389 13.638939
3390 15.433195
3391 15.100873
3392 19.414778
3393 17.068975
3394 17.948936
3395 16.317505
3396 17.913328
3397 19.449202
3398 17.012175
3399 17.219368
3400 15.518306
3401 17.910044
3402 16.964920
3403 18.270342
3404 17.913696
3405 18.648891
3406 17.334435
3407 17.696609
3408 17.938007
3409 17.332262
3410 17.311270
3411 16.380173
3412 18.728956
3413 17.990335
3414 15.313948
3415 20.046238
3416 19.642406
3417 19.808666
3418 19.576466
3419 18.772339
3420 17.965853
3421 18.663363
3422 20.429373
3423 20.980198
3424 20.187988
3425 20.856865
3426 18.901941
3427 17.412828
3428 18.289621
3429 17.948679
3430 19.321657
3431 18.463682
3432 20.897467
3433 21.193850
3434 21.277769
3435 20.669613
3436 19.984886
3437 19.886654
3438 21.715240
3439 20.195974
3440 19.914780
3441 20.737722
3442 23.094807
3443 22.094637
3444 23.338097
3445 22.100494
3446 22.455307
3447 23.400608
3448 21.889706
3449 18.029860
3450 21.530111
3451 22.611591
3452 21.217459
3453 22.722078
3454 22.173424
3455 21.756668
3456 20.451544
3457 22.331596
3458 19.702286
3459 19.679394
3460 17.732065
3461 18.364136
3462 13.861663
3463 15.617483
3464 19.608685
3465 18.930687
3466 20.131992
3467 16.792248
3468 21.930386
3469 20.375437
3470 19.090099
3471 19.378450
3472 21.987659
3473 20.391212
3474 20.754976
3475 21.138874
3476 20.514046
3477 23.206400
3478 21.529207
3479 21.324072
3480 21.740789
3481 20.178057
3482 21.013117
3483 18.904877
3484 20.604456
3485 21.700558
3486 21.039431
3487 20.153860
3488 22.099413
3489 21.951582
3490 22.161642
3491 20.660213
3492 22.568880
3493 22.455418
3494 24.060078
3495 23.941057
3496 21.255634
3497 24.039839
3498 23.561226
3499 24.017132
3500 24.506386
3501 21.737284
3502 20.698437
3503 23.291904
3504 22.886026
3505 24.769455
3506 21.539984
3507 24.198397
3508 23.793184
3509 23.363457
3510 23.098345
3511 24.917660
3512 22.830013
3513 22.324671
3514 21.629650
3515 23.180065
3516 23.629797
3517 21.614199
3518 19.789518
3519 19.206001
3520 24.277863
3521 24.270466
3522 24.183510
3523 22.453917
3524 20.983936
3525 20.973688
3526 21.657764
3527 22.489374
3528 22.138540
3529 19.574623
3530 20.136181
3531 18.674667
3532 21.059311
3533 22.842106
3534 21.370607
3535 20.425734
3536 21.673038
3537 22.659241
3538 19.336346
3539 19.591593
3540 22.220373
3541 20.497229
3542 20.342478
3543 15.901609
3544 19.864758
3545 20.198669
3546 17.784708
3547 17.933552
3548 20.017153
3549 19.111507
3550 16.614111
3551 17.982077
3552 18.433744
3553 16.950825
3554 20.049150
3555 20.005625
3556 22.248005
3557 20.887426
3558 21.455383
3559 19.415352
3560 18.421122
3561 21.593878
3562 20.703955
3563 20.700552
3564 21.344374
3565 22.053120
3566 20.689100
3567 20.429594
3568 19.262342
3569 21.110762
3570 24.015062
3571 22.150383
3572 20.945921
3573 18.961861
3574 20.687998
3575 20.253807
3576 21.856455
3577 21.569939
3578 21.918991
3579 20.998219
3580 21.181410
3581 20.654028
3582 18.797316
3583 21.596647
3584 23.908941
3585 23.622780
3586 23.318605
3587 21.432119
3588 21.766085
3589 19.684742
3590 17.881006
3591 18.297939
3592 19.510542
3593 18.091921
3594 19.983829
3595 19.755722
3596 21.011452
3597 21.653469
3598 21.788933
3599 19.394619
3600 21.679447
3601 22.966873
3602 24.809975
3603 24.220627
3604 23.698887
3605 24.941845
3606 23.720827
3607 21.211233
3608 22.937382
3609 22.420311
3610 20.012486
3611 19.894812
3612 21.554546
3613 17.933102
3614 21.451342
3615 18.310865
3616 20.636181
3617 20.723928
3618 18.980328
3619 20.959358
3620 19.750408
3621 18.699770
3622 21.573975
3623 22.174021
3624 21.062294
3625 23.066814
3626 20.646578
3627 21.270756
3628 20.402964
3629 19.103035
3630 18.760950
3631 18.513451
3632 18.475710
3633 19.931511
3634 21.658302
3635 19.495176
3636 21.110241
3637 21.264271
3638 21.309011
3639 22.367785
3640 21.247158
3641 24.356215
3642 22.826468
3643 21.246086
3644 23.377192
3645 22.087402
3646 22.901627
3647 22.923775
3648 22.850414
3649 22.621973
3650 22.229906
3651 21.988163
3652 23.045666
3653 22.152761
3654 23.191303
3655 22.505417
3656 22.186663
3657 21.796305
3658 20.702723
3659 19.395399
3660 17.856653
3661 21.312504
3662 22.520075
3663 19.355532
3664 19.647865
3665 21.609165
3666 20.690121
3667 19.082933
3668 21.666378
3669 22.617025
3670 20.604599
3671 22.386374
3672 21.778063
3673 21.887960
3674 20.134119
3675 21.873259
3676 22.510214
3677 22.246592
3678 21.867428
3679 21.465288
3680 23.173370
3681 22.248032
3682 21.022881
3683 22.167263
3684 23.100740
3685 23.084663
3686 23.459602
3687 22.074148
3688 22.507809
3689 19.043905
3690 20.869057
3691 17.705629
3692 16.972700
3693 15.983049
3694 22.052176
3695 21.551687
3696 22.593584
3697 23.064032
3698 23.499157
3699 23.680656
3700 21.642368
3701 22.580954
3702 21.108212
3703 23.410828
3704 21.398912
3705 21.828642
3706 21.306690
3707 21.571091
3708 23.056925
3709 22.630129
3710 22.540413
3711 22.205904
3712 21.679842
3713 22.052979
3714 23.279375
3715 20.995872
3716 22.996258
3717 22.453022
3718 22.747143
3719 22.272814
3720 19.694336
3721 20.950115
3722 20.848339
3723 21.464516
3724 21.679295
3725 19.609041
3726 21.947048
3727 22.687838
3728 19.595026
3729 19.701395
3730 22.783152
3731 23.359907
3732 22.281630
3733 19.810301
3734 20.530113
3735 21.032888
3736 19.482738
3737 19.361134
3738 21.656328
3739 20.447195
3740 23.757631
3741 21.881308
3742 21.237711
3743 17.667891
3744 22.070263
3745 21.630131
3746 22.866117
3747 22.445662
3748 21.264965
3749 22.695560
3750 21.960032
3751 21.390373
3752 22.675993
3753 22.440718
3754 22.069277
3755 22.446558
3756 20.425863
3757 21.262270
3758 22.534166
3759 23.324282
3760 20.869150
3761 21.144669
3762 21.318254
3763 20.728125
3764 20.736006
3765 21.658058
3766 19.684740
3767 21.229025
3768 19.354202
3769 19.648445
3770 22.211756
3771 22.409386
3772 22.063332
3773 22.435509
3774 22.500034
3775 18.819204
3776 21.762358
3777 22.823702
3778 20.260569
3779 22.566574
3780 21.100372
3781 19.850496
3782 20.774866
3783 19.913107
3784 21.821842
3785 21.705784
3786 22.486023
3787 23.042933
3788 22.547407
3789 21.551462
3790 23.003155
3791 23.635422
3792 22.548418
3793 21.790998
3794 20.122919
3795 22.857327
3796 22.634754
3797 22.563572
3798 22.601851
3799 23.363260
3800 21.767908
3801 22.382977
3802 20.467754
3803 21.738003
3804 22.583956
3805 24.286261
3806 23.228069
3807 23.045462
3808 23.674622
3809 22.441252
3810 23.194885
3811 21.207081
3812 23.520950
3813 22.433348
3814 22.526081
3815 23.922546
3816 21.360851
3817 17.021873
3818 21.413517
3819 22.596233
3820 19.983778
3821 23.160791
3822 21.863382
3823 21.310762
3824 22.472681
3825 22.226540
3826 22.010921
3827 21.085842
3828 22.820820
3829 20.964956
3830 21.927725
3831 21.254473
3832 22.911797
3833 24.302732
3834 21.005875
3835 20.672081
3836 20.565592
3837 20.328207
3838 20.982718
3839 20.548525
3840 22.108112
3841 21.444324
3842 21.063787
3843 21.585217
3844 20.373968
3845 22.097399
3846 21.166121
3847 22.579306
3848 20.909914
3849 20.726614
3850 23.231903
3851 22.881351
3852 21.939301
3853 22.416580
3854 22.554222
3855 21.911865
3856 22.020781
3857 20.670004
3858 24.077509
3859 23.076113
3860 22.072189
3861 20.149923
3862 20.729708
3863 20.777853
3864 21.156122
3865 21.170908
3866 20.356339
3867 21.170853
3868 21.977015
3869 20.970095
3870 21.587282
3871 22.558092
3872 23.358873
3873 20.508364
3874 20.961742
3875 22.384642
3876 23.341162
3877 22.109949
3878 21.623613
3879 21.814327
3880 20.543940
3881 20.233076
3882 20.269199
3883 20.436462
3884 21.753475
3885 19.002689
3886 18.318653
3887 20.191185
3888 20.400354
3889 20.552191
3890 21.359175
3891 20.966471
3892 18.838820
3893 20.794121
3894 21.525467
3895 21.344097
3896 21.393114
3897 22.320124
3898 19.764801
3899 19.824863
3900 20.623499
3901 19.122292
3902 20.701496
3903 21.514809
3904 22.169550
3905 21.628004
3906 23.746969
3907 21.514479
3908 20.396242
3909 21.545893
3910 19.303173
3911 19.636631
3912 20.742971
3913 18.704941
3914 18.695463
3915 22.256233
3916 20.520258
3917 20.226107
3918 20.830622
3919 19.024786
3920 21.391546
3921 22.699364
3922 20.830694
3923 20.890299
3924 23.942812
3925 21.783506
3926 21.077126
3927 22.648287
3928 23.898746
3929 25.630238
3930 21.870741
3931 23.204870
3932 21.484192
3933 21.616112
3934 24.486694
3935 24.030943
3936 22.121866
3937 21.013321
3938 22.587624
3939 20.762867
3940 21.769453
3941 21.426069
3942 23.127661
3943 20.932602
3944 22.456680
3945 23.392355
3946 23.510773
3947 20.443983
3948 20.813969
3949 22.063625
3950 23.409658
3951 21.091158
3952 21.226707
3953 22.755686
3954 19.911100
3955 20.926697
3956 21.885530
3957 21.816299
3958 21.833158
3959 22.411621
3960 20.338589
3961 21.959755
3962 18.607910
3963 18.121874
3964 22.279728
3965 20.556204
3966 22.726995
3967 21.489819
3968 21.185169
3969 18.958141
3970 22.895996
3971 21.885328
3972 21.064001
3973 21.586733
3974 20.728701
3975 22.020018
3976 22.620350
3977 20.914619
3978 23.060223
3979 19.617294
3980 22.080414
3981 22.989733
3982 22.041531
3983 20.984882
3984 21.732138
3985 21.758650
3986 20.729052
3987 20.768152
3988 20.989693
3989 20.854332
3990 21.121876
3991 19.267513
3992 15.990060
3993 20.865631
3994 18.140448
3995 17.348032
3996 17.928469
3997 19.164871
3998 20.854179
3999 21.090380
4000 18.047712
4001 18.190752
4002 20.980679
4003 18.091064
4004 19.417864
4005 19.827791
4006 21.319336
4007 21.428534
4008 21.076900
4009 21.043356
4010 19.101032
4011 17.043741
4012 19.155685
4013 23.037685
4014 21.066549
4015 22.413877
4016 21.755371
4017 21.369244
4018 21.740515
4019 20.441538
4020 19.733677
4021 23.491486
4022 20.115242
4023 22.035259
4024 22.653484
4025 19.437883
4026 22.471037
4027 20.984348
4028 19.947674
4029 20.664476
4030 22.814226
4031 22.020006
4032 21.760244
4033 19.421539
4034 21.002182
4035 23.563637
4036 22.100403
4037 21.852972
4038 23.402786
4039 19.168777
4040 20.263577
4041 22.346622
4042 23.820326
4043 21.982298
4044 23.198851
4045 22.446953
4046 20.177406
4047 22.952488
4048 20.804224
4049 21.760172
4050 20.684992
4051 21.579540
4052 23.021046
4053 24.209642
4054 23.322306
4055 21.545061
4056 22.634567
4057 22.202627
4058 20.842937
4059 20.176085
4060 21.500328
4061 21.092661
4062 21.469475
4063 21.321730
4064 21.090017
4065 21.704823
4066 22.617556
4067 21.639723
4068 21.489050
4069 22.761160
4070 19.397833
4071 20.035128
4072 18.080898
4073 16.686598
4074 18.698032
4075 20.758926
4076 22.983225
4077 22.251701
4078 22.305605
4079 23.144272
4080 20.143520
4081 22.389597
4082 21.807375
4083 23.306816
4084 22.087948
4085 21.328468
4086 21.489178
4087 21.507086
4088 18.354382
4089 18.223343
4090 17.914101
4091 19.993315
4092 20.091604
4093 19.602987
4094 20.619244
4095 20.785080
4096 19.687422
4097 21.217703
4098 22.631458
4099 19.204231
4100 22.071638
4101 20.362268
4102 21.000248
4103 19.422512
4104 20.208122
4105 17.671667
4106 17.857525
4107 20.915632
4108 20.674116
4109 24.034964
4110 22.985304
4111 22.559856
4112 22.505445
4113 20.221390
4114 21.204046
4115 20.166611
4116 20.953999
4117 19.886030
4118 19.884262
4119 21.927071
4120 20.806093
4121 21.434437
4122 22.336821
4123 23.162615
4124 23.341869
4125 21.472347
4126 21.927496
4127 23.992350
4128 19.817114
4129 20.013515
4130 22.652300
4131 21.052109
4132 20.952728
4133 22.696436
4134 25.909594
4135 20.313297
4136 21.528740
4137 21.263351
4138 20.730616
4139 20.582636
4140 20.837250
4141 19.804060
4142 20.266968
4143 20.283478
4144 21.475988
4145 23.076252
4146 22.157593
4147 22.866627
4148 21.142046
4149 20.916176
4150 22.351469
4151 22.215725
4152 21.047169
4153 22.144653
4154 20.105633
4155 18.527292
4156 19.763390
4157 20.664330
4158 24.150669
4159 22.927515
4160 21.327181
4161 22.925428
4162 24.766666
4163 23.074026
4164 23.579613
4165 22.715273
4166 23.072250
4167 23.349205
4168 22.080078
4169 23.569263
4170 24.999174
4171 23.666357
4172 23.708136
4173 21.091831
4174 21.572723
4175 21.851377
4176 22.000799
4177 22.781378
4178 22.941244
4179 22.207415
4180 22.769032
4181 23.195663
4182 19.960508
4183 20.187038
4184 20.436808
4185 19.388847
4186 19.832790
4187 19.143637
4188 23.263199
4189 22.625109
4190 24.069435
4191 23.128189
4192 21.887119
4193 19.363430
4194 19.563410
4195 18.687603
4196 19.546719
4197 18.915302
4198 22.369009
4199 21.513744
4200 22.390930
4201 22.158712
4202 21.357498
4203 20.125866
4204 24.175116
4205 21.172480
4206 22.824543
4207 20.655752
4208 20.522997
4209 19.942966
4210 21.882814
4211 18.403526
4212 20.538322
4213 20.383383
4214 21.475140
4215 22.452845
4216 21.281897
4217 21.810970
4218 21.615530
4219 20.806263
4220 21.602684
4221 22.904156
4222 22.354179
4223 20.809282
4224 21.231808
4225 21.216385
4226 21.292191
4227 22.520500
4228 21.357830
4229 18.836081
4230 21.361198
4231 21.523649
4232 20.161596
4233 20.706724
4234 22.527943
4235 21.106104
4236 24.168810
4237 21.234497
4238 21.484228
4239 23.165449
4240 22.895451
4241 24.145752
4242 22.379892
4243 22.914742
4244 22.500481
4245 22.572327
4246 23.167189
4247 22.919516
4248 21.091671
4249 24.993828
4250 21.713919
4251 23.666233
4252 21.169771
4253 23.726679
4254 22.783592
4255 23.825239
4256 22.852547
4257 23.425127
4258 21.383633
4259 24.143841
4260 23.219917
4261 22.843105
4262 23.535294
4263 23.793398
4264 25.233385
4265 23.833757
4266 24.023022
4267 21.187658
4268 21.320406
4269 22.717403
4270 18.371504
4271 21.822327
4272 18.187346
4273 18.943390
4274 19.165909
4275 18.592821
4276 20.010420
4277 19.549906
4278 18.384291
4279 17.441412
4280 19.966820
4281 17.073914
4282 19.389759
4283 23.103926
4284 22.409447
4285 21.299095
4286 23.016289
4287 24.228701
4288 24.584656
4289 22.592457
4290 23.771450
4291 19.750546
4292 20.349953
4293 22.078781
4294 21.934252
4295 19.621534
4296 20.373417
4297 19.084953
4298 21.231537
4299 21.813019
4300 22.916290
4301 22.209484
4302 22.809149
4303 23.703468
4304 21.920515
4305 21.782022
4306 21.944283
4307 21.054615
4308 21.068844
4309 19.937210
4310 19.847258
4311 22.861715
4312 19.486660
4313 20.832529
4314 23.764656
4315 23.316607
4316 22.324677
4317 22.895460
4318 23.277294
4319 23.806633
4320 21.811064
4321 20.997898
4322 21.398989
4323 20.849411
4324 22.278215
4325 21.014124
4326 20.606304
4327 22.286444
4328 23.549875
4329 21.855503
4330 23.021986
4331 23.626682
4332 24.109049
4333 25.258514
4334 21.139513
4335 23.087111
4336 22.862020
4337 22.810158
4338 23.891787
4339 22.951813
4340 21.885908
4341 21.405203
4342 21.631227
4343 20.407536
4344 17.781618
4345 17.516283
4346 20.779999
4347 21.070711
4348 22.182631
4349 21.616076
4350 22.057119
4351 22.300617
4352 20.248968
4353 19.615196
4354 19.517124
4355 21.208807
4356 19.167749
4357 19.042835
4358 22.724073
4359 19.613018
4360 20.672285
4361 24.452518
4362 22.077309
4363 20.709219
4364 21.155704
4365 21.327995
4366 21.789110
4367 21.091646
4368 19.580240
4369 20.404041
4370 20.526739
4371 20.296467
4372 19.734055
4373 19.570498
4374 22.618816
4375 19.977547
4376 22.111444
4377 20.931856
4378 20.396864
4379 20.200415
4380 18.518892
4381 18.616060
4382 18.218370
4383 17.500059
4384 17.825020
4385 19.466057
4386 19.734911
4387 18.479418
4388 18.836004
4389 17.098808
4390 18.141541
4391 18.172215
4392 18.720879
4393 20.281973
4394 19.023100
4395 20.409397
4396 18.118357
4397 17.920626
4398 17.676931
4399 18.903395
4400 15.825168
4401 18.033648
4402 17.201841
4403 19.675060
4404 18.994095
4405 19.448412
4406 18.872316
4407 18.533377
4408 18.806429
4409 18.013670
4410 17.810358
4411 17.480055
4412 18.088324
4413 16.824062
4414 16.135143
4415 16.421089
4416 15.237391
4417 15.827826
4418 15.977312
4419 12.695581
4420 17.725632
4421 18.207142
4422 15.954903
4423 16.298615
4424 15.786985
4425 16.118979
4426 16.216272
4427 14.967919
4428 17.250948
4429 18.955708
4430 18.903568
4431 17.744291
4432 21.139544
4433 19.645935
4434 18.338821
4435 17.393696
4436 16.008190
4437 14.702774
4438 17.957872
4439 16.719765
4440 17.654091
4441 16.569586
4442 15.995353
4443 16.441465
4444 15.801176
4445 15.272260
4446 15.568930
4447 15.455570
4448 15.078001
4449 14.850718
4450 16.142912
4451 17.912359
4452 14.841260
4453 17.112631
4454 17.230011
4455 15.193478
4456 16.524454
4457 17.464546
4458 17.560305
4459 16.354208
4460 15.091566
4461 16.479198
4462 17.128454
4463 15.727942
4464 15.731263
4465 16.357065
4466 15.119994
4467 15.037425
4468 18.410061
4469 17.475094
4470 19.718048
4471 17.834595
4472 19.757151
4473 19.669523
4474 21.650801
4475 18.989353
4476 18.256174
4477 19.630688
4478 19.211464
4479 16.970287
4480 19.732147
4481 20.063387
4482 21.188704
4483 19.189766
4484 18.904110
4485 18.872305
4486 17.939348
4487 21.348604
4488 21.178221
4489 22.037910
4490 21.736010
4491 22.012711
4492 23.640045
4493 21.903887
4494 24.545227
4495 22.367489
4496 22.756950
4497 20.823936
4498 21.797218
4499 15.478933
4500 19.026686
4501 20.931759
4502 20.463449
4503 21.795389
4504 21.712523
4505 20.675478
4506 20.420702
4507 20.777386
4508 16.911463
4509 18.749989
4510 18.338409
4511 18.941807
4512 20.323282
4513 22.106741
4514 20.966396
4515 19.231611
4516 18.227304
4517 18.351791
4518 18.543606
4519 22.430613
4520 22.169518
4521 21.566021
4522 20.395573
4523 18.809662
4524 19.615780
4525 19.786186
4526 19.569624
4527 19.267086
4528 21.257156
4529 21.258051
4530 21.091282
4531 20.112230
4532 21.016918
4533 22.748096
4534 23.944643
4535 22.377424
4536 23.508577
4537 22.040205
4538 21.807463
4539 22.056545
4540 22.762297
4541 22.521990
4542 22.189859
4543 21.978289
4544 21.209114
4545 23.519560
4546 21.835535
4547 21.518892
4548 20.694069
4549 20.060328
4550 21.532999
4551 22.745884
4552 21.700209
4553 23.029228
4554 21.052721
4555 21.823673
4556 20.849367
4557 23.052334
4558 22.615765
4559 23.643883
4560 20.051468
4561 18.856178
4562 20.288645
4563 21.497608
4564 21.237944
4565 22.173368
4566 19.409496
4567 18.391649
4568 14.273429
4569 15.406111
4570 17.868435
4571 14.862946
4572 17.744888
4573 17.140560
4574 15.344496
4575 15.797570
4576 15.057121
4577 17.745504
4578 19.203962
4579 17.252165
4580 18.835331
4581 16.784388
4582 20.295462
4583 20.449373
4584 21.126810
4585 23.321856
4586 22.617826
4587 20.265396
4588 18.417599
4589 19.386623
4590 19.703617
4591 17.688478
4592 17.786180
4593 16.456499
4594 18.157927
4595 19.608318
4596 17.056967
4597 18.399521
4598 19.782349
4599 20.423325
4600 16.198862
4601 19.395258
4602 19.550104
4603 14.458230
4604 15.146322
4605 17.235344
4606 19.701511
4607 19.448893
4608 18.382708
4609 18.914185
4610 20.562906
4611 13.813305
4612 16.383211
4613 16.726965
4614 13.107503
4615 14.727798
4616 14.593872
4617 13.853053
4618 14.768408
4619 14.692704
4620 14.134515
4621 17.218691
4622 14.711658
4623 17.960295
4624 20.089182
4625 20.280859
4626 16.221474
4627 18.030485
4628 17.729710
4629 18.294245
4630 16.705002
4631 18.240009
4632 16.191534
4633 16.326660
4634 18.174473
4635 16.942087
4636 17.590868
4637 17.673817
4638 16.969271
4639 15.491344
4640 16.406059
4641 15.403320
4642 17.211864
4643 16.134535
4644 19.062479
4645 17.825745
4646 17.486832
4647 18.528458
4648 17.633341
4649 16.241880
4650 17.114893
4651 14.928674
4652 16.549330
4653 16.692173
4654 17.247414
4655 14.942348
4656 14.060638
4657 13.129213
4658 14.976812
4659 13.603748
4660 11.362663
4661 11.622070
4662 10.900615
4663 11.357612
4664 11.675181
4665 11.380769
4666 12.449841
4667 12.160965
4668 12.283438
4669 11.993211
4670 11.871797
4671 10.701810
4672 11.976258
4673 11.229486
4674 12.131638
4675 10.340951
4676 11.371322
4677 11.546963
4678 9.575871
4679 10.838882
4680 10.635422
4681 10.838871
4682 12.067021
4683 10.447457
4684 11.292387
4685 10.710743
4686 11.645695
4687 11.708503
4688 13.117735
4689 10.967779
4690 12.700353
4691 11.883359
4692 11.259096
4693 12.708845
4694 11.062848
4695 13.001654
4696 12.969101
4697 11.650020
4698 13.074481
4699 13.596948
4700 12.611563
4701 13.760085
4702 13.111860
4703 11.405352
4704 11.991686
4705 13.525241
4706 11.764987
4707 10.994163
4708 10.164384
4709 9.239533
4710 10.802640
4711 11.811884
4712 12.167342
4713 10.458470
4714 10.890715
4715 11.128260
4716 11.972618
4717 12.921369
4718 9.082102
4719 9.743582
4720 10.635737
4721 10.914737
4722 11.768106
4723 10.915702
4724 11.252210
4725 9.985367
4726 10.998712
4727 11.066572
4728 10.122111
4729 10.447750
4730 10.649196
4731 10.886000
4732 10.851604
4733 11.769892
4734 9.241658
4735 11.064855
4736 12.530110
4737 9.659616
4738 12.575419
4739 11.593074
4740 12.495505
4741 10.610136
4742 9.996577
4743 11.604854
4744 11.174116
4745 12.010468
4746 10.163587
4747 10.710766
4748 11.705218
4749 11.441160
4750 11.392835
4751 11.692915
4752 11.856765
4753 10.679223
4754 11.847106
4755 12.095169
4756 11.700178
4757 10.911354
4758 12.537926
4759 10.404738
4760 11.496531
4761 10.954931
4762 11.532203
4763 11.794022
4764 11.046943
4765 12.268747
4766 11.088702
4767 11.303602
4768 10.237466
4769 9.273506
4770 9.270132
4771 11.384069
4772 9.334933
4773 11.486099
4774 12.270129
4775 11.017392
4776 12.052759
4777 11.879552
4778 11.783247
4779 12.507781
4780 11.244367
4781 12.693472
4782 12.006827
4783 12.760176
4784 11.663917
4785 12.595069
4786 11.555508
4787 13.195579
4788 11.796779
4789 11.479484
4790 12.871850
4791 10.968189
4792 12.461870
4793 12.487390
4794 11.568325
4795 10.336992
4796 11.763116
4797 11.677196
4798 11.127138
4799 12.066905
4800 12.783201
4801 9.005870
4802 11.279052
4803 10.799997
4804 12.151488
4805 11.872823
4806 10.327141
4807 11.068231
4808 11.036394
4809 11.873836
4810 12.327586
4811 12.353841
4812 12.426259
4813 12.075733
4814 10.274280
4815 12.304852
4816 10.906932
4817 11.040167
4818 9.464999
4819 10.454738
4820 10.811336
4821 11.133745
4822 10.817851
4823 10.503875
4824 11.415051
4825 9.446962
4826 11.157563
4827 9.988634
4828 11.419052
4829 11.417876
4830 11.275740
4831 9.317580
4832 9.531662
4833 9.415942
4834 10.484859
4835 11.535787
4836 12.318969
4837 12.284212
4838 12.550138
4839 10.876908
4840 11.074136
4841 10.607718
4842 11.329599
4843 10.787898
4844 10.838628
4845 12.081371
4846 10.658533
4847 10.069060
4848 11.241007
4849 10.782968
4850 11.387164
4851 9.272150
4852 11.119176
4853 9.977145
4854 10.546507
4855 10.531090
4856 12.309431
4857 12.110278
4858 12.130496
4859 10.646431
4860 10.732496
4861 12.577044
4862 12.934801
4863 11.394057
4864 13.120026
4865 11.134962
4866 10.628820
4867 11.007874
4868 10.690068
4869 11.568654
4870 11.813263
4871 11.443269
4872 11.397183
4873 10.086259
4874 12.763191
4875 11.074007
4876 11.069611
4877 11.599249
4878 10.474792
4879 10.455669
4880 11.990071
4881 12.337361
4882 12.523592
4883 11.471214
4884 12.118511
4885 11.603895
4886 11.881467
4887 10.185915
4888 10.764951
4889 12.019032
4890 11.872069
4891 10.133952
4892 10.739616
4893 11.784831
4894 11.466231
4895 12.063223
4896 11.405915
4897 12.044630
4898 11.758275
4899 10.719186
4900 12.080481
4901 11.788054
4902 12.182030
4903 13.556686
4904 11.969830
4905 11.420547
4906 10.572312
4907 10.639076
4908 10.130633
4909 11.606142
4910 11.294202
4911 11.086702
4912 11.581034
4913 10.124454
4914 10.500933
4915 11.987197
4916 11.003929
4917 9.892164
4918 11.023072
4919 10.459203
4920 13.001929
4921 10.213812
4922 12.078034
4923 12.321461
4924 11.708980
4925 11.683159
4926 11.297052
4927 12.723326
4928 11.322307
4929 12.195646
4930 11.585961
4931 10.837074
4932 10.441315
4933 10.800602
4934 10.976326
4935 12.205528
4936 12.173125
4937 11.636992
4938 12.651979
4939 12.662535
4940 11.849628
4941 12.038371
4942 10.845926
4943 11.996277
4944 11.668452
4945 10.800296
4946 11.468392
4947 12.203010
4948 10.924455
4949 11.544272
4950 12.833595
4951 12.362400
4952 13.291369
4953 12.077304
4954 13.225574
4955 12.293758
4956 11.952593
4957 11.048128
4958 11.956173
4959 11.705599
4960 11.587781
4961 11.308720
4962 9.925799
4963 11.505204
4964 11.605237
4965 12.235551
4966 11.765841
4967 11.805884
4968 10.988852
4969 8.941641
4970 11.561255
4971 11.854326
4972 13.041196
4973 12.838408
4974 11.576088
4975 12.470353
4976 12.424206
4977 13.358122
4978 14.038574
4979 11.016104
4980 11.123622
4981 12.280739
4982 11.022835
4983 10.726803
4984 12.090062
4985 12.518215
4986 11.729623
4987 11.138271
4988 11.421758
4989 11.511005
4990 13.552574
4991 11.299141
4992 13.314614
4993 12.131539
4994 10.833269
4995 12.201518
4996 12.312696
4997 12.376017
4998 12.879369
4999 11.788850
5000 11.445696
5001 16.354570

