24673.8
24371.7
23824.0
24179.8
23990.1
24619.5
24415.6
24144.7
24383.4
24411.9
23569.7
24095.1
24440.7
24173.4
24215.8
24500.1
24804.1
24573.2
23980.4
23884.2
24231.3
24168.4
24431.6
24296.9
24349.1
24369.4
23821.0
24180.8
24052.8
24340.4
24254.5
24695.6
23345.1
24511.9
23993.1
23885.6
23660.7
23261.0
24248.5
23751.8
23493.5
24575.4
24586.4
23943.6
23999.0
24767.0
24026.3
24407.4
23337.1
22835.3
23981.6
24331.0
24112.7
24445.4
23211.4
24433.4
24444.1
24535.5
23983.6
24360.0
23142.3
24296.3
23551.0
24046.8
24759.5
23782.9
23702.6
24013.7
24061.9
23561.5
23902.7
24480.3
23901.4
24092.4
23718.7
24433.8
24426.2
24542.3
24234.2
23292.1
24367.8
24538.5
24443.0
23725.1
24511.9
24679.9
23366.2
24051.8
24706.2
24488.3
24039.8
23833.5
24789.2
24328.9
24102.1
24624.4
24559.0
24275.2
24693.7
23857.9
24099.4
24351.1
24035.7
24657.3
24041.0
24142.5
24238.8
24394.3
24264.7
23837.4
24057.4
24257.7
24301.6
24456.8
24510.7
24160.7
24122.1
24664.0
24222.1
24724.8
24783.0
24261.3
24329.9
23583.6
24593.7
24385.9
24300.3
23444.6
24591.9
24273.2
24687.7
24537.3
24133.6
24404.1
24757.7
23195.0
24600.1
24131.7
24200.9
24581.7
24776.8
23476.3
24125.5
23867.5
24038.4
24554.8
24705.1
24375.1
24358.6
24592.9
24155.4
24452.0
24744.0
23472.2
24427.7
24209.9
24759.5
24308.9
24662.1
24398.8
24735.3
24361.7
23861.8
23984.0
23778.1
23891.8
24480.4
24361.7
24126.2
24618.6
24782.1
24402.2
23992.7
23514.2
24144.1
24151.7
24605.5
24725.4
23885.7
24077.6
23334.6
24354.6
23710.1
24493.0
24334.6
24736.6
23415.5
24339.8
24100.6
23925.5
24173.9
24457.8
24468.4
24756.3
24591.7
24010.8
24705.0
24364.9
24080.7
24483.7
24598.7
24329.1
24219.5
24394.2
24218.2
24346.3
24330.2
24521.5
24529.0
24041.1
24237.6
23974.6
24681.5
24065.0
24698.8
23658.5
24280.4
24401.7
24080.9
24213.4
24821.8
24077.3
24168.6
23664.2
23920.4
24517.7
24014.4
24310.4
24171.0
24752.8
24237.4
24337.2
24018.6
24347.3
24004.6
24669.0
24572.8
24172.8
24158.3
24666.6
24680.3
23893.6
24716.6
24591.7
24147.5
24070.5
24437.7
24730.3
23880.0
24349.7
24595.3
23839.9
24293.0
24775.0
24531.8
24065.3
24445.6
24253.2
24614.9
24423.5
23965.7
24351.4
24256.6
24159.6
24206.8
24081.2
23668.1
23713.7
24318.1
24506.4
24278.0
23896.8
24384.9
24064.1
24441.5
24230.3
23888.6
24719.0
24613.8
23701.7
23825.3
24092.8
24410.2
24300.7
24129.4
23136.9
24748.6
24081.9
24447.4
24229.8
24396.6
24344.9
23937.4
24150.2
23709.5
24104.3
24435.6
24354.5
23736.8
23667.1
24086.8
24265.3
24407.3
23953.5
24389.7
24248.7
24360.8
23643.7
24212.8
23076.2
23561.7
24628.5
24585.2
24228.0
24312.3
24143.6
24426.3
23891.1
24454.3
23828.3
24281.7
23899.3
23691.5
24699.9
24171.9
23629.9
24484.7
23929.1
24536.6
23510.5
24403.9
24135.8
24519.4
24066.6
24457.3
23917.7
24746.9
24579.6
24209.5
24483.0
24077.8
24547.5
23926.1
24045.8
24585.0
24215.7
23696.6
24774.3
24764.5
24154.0
23980.0
24474.4
24306.4
23983.1
24097.6
24541.9
24825.7
24451.7
24525.7
24576.7
23936.3
23277.1
24211.7
24508.3
24458.1
24442.1
24266.3
23946.2
24233.0
24282.4
24399.1
22906.9
23640.9
24630.0
24457.8
24324.2
24145.0
24451.5
24262.6
24509.2
24398.9
23897.3
24127.2
24433.6
24272.9
24352.9
24439.8
23945.5
24393.4
24227.0
24644.5
24805.6
22794.7
24402.5
24693.2
23239.8
24438.1
24463.5
24140.3
24146.4
24662.8
23847.5
24142.3
24258.2
24301.4
24735.0
24272.2
23913.2
24229.4
24220.2
23948.3
24694.4
24435.5
23982.0
24220.2
23979.7
24149.3
23920.8
24259.2
24303.0
24614.4
24490.6
24193.0
24784.8
23950.5
24544.6
24631.6
23949.4
24689.1
23808.0
24602.9
24056.3
24172.2
23593.9
23955.8
24027.2
23369.8
24639.7
24296.2
24071.4
24731.1
24520.8
24216.7
23480.7
24696.0
23914.6
24137.6
23896.9
24063.3
24008.1
23785.0
23897.8
24425.8
24678.2
23956.4
24884.0
24032.9
24327.4
23637.6
24587.4
23713.1
24075.6
24645.7
24503.7
24625.3
24291.6
24282.7
23331.0
24351.5
24542.6
24402.9
24456.8
24034.9
24182.4
24363.1
24754.9
24057.5
24098.8
24060.8
24273.0
24803.8
24585.1
24758.0
24024.5
24729.7
24478.9
24222.8
24147.6
24338.1
23181.5
24906.9
24041.6
23819.8
24048.0
24174.6
24499.0
24374.9
24615.9
24108.7
24543.0
23502.5
23775.0
24058.6
24267.3
24538.7
24188.0
23892.9
24294.5
24514.9
24146.1
24320.9
24045.3
24395.1
24071.6
24510.0
24463.8
24506.7
24409.4
24019.8
23885.4
24351.4
24776.5
24169.3
24410.6
24459.5
24586.0
24556.3
23904.9
24591.6
23539.6
23932.6
23479.0
24659.4
24055.4
24724.5
23907.1
24677.3
24563.7
24546.4
24659.9
24501.9
24711.4
24738.4
24092.7
24645.4
24098.2
24295.5
24443.7
24404.3
24366.0
24490.0
23923.7
24199.7
24148.4
22762.6
24225.6
24187.7
24739.4
23793.2
24706.3
24724.7
24457.4
24390.4
24309.7
24546.3
23825.4
24632.1
24033.3
23758.0
22635.3
24694.3
23749.0
24598.3
24457.4
24397.1
23996.4
24160.6
24857.9
24298.8
24501.8
23434.0
24140.1
24221.2
24361.8
24334.3
24001.2
24478.5
23688.2
24494.0
23749.4
24167.7
24483.7
23788.9
24169.3
24565.1
24174.2
23390.7
24071.7
23430.8
24145.5
24609.8
23805.8
23638.0
23703.9
24460.1
24095.7
24208.1
24721.7
24296.7
24560.8
24175.6
24188.2
24418.5
24475.6
24204.6
24651.5
23874.8
24182.8
24135.2
23783.0
23971.9
24168.4
24673.9
24159.4
23897.8
24035.6
24445.1
24279.1
24216.1
22858.4
24463.8
24182.1
24167.6
24186.9
23294.7
23966.5
24120.5
24366.5
23344.3
24416.3
24404.8
24375.7
23739.6
23518.2
24633.9
23980.3
23143.0
24195.1
23673.5
23901.0
23477.3
24165.1
24355.5
24093.1
24448.8
24179.3
23792.0
24114.5
24342.3
23738.5
24473.4
24181.1
24529.4
24489.1
23627.5
23864.5
24731.0
22984.4
24646.6
24808.8
24093.4
24733.4
24451.8
24666.6
24267.5
24220.6
24300.1
24479.2
23738.4
24083.5
23762.1
24271.8
24211.5
24187.2
24127.4
24121.4
24378.6
24310.5
24077.9
24554.7
24235.8
24668.0
23534.6
23486.2
24598.9
24574.8
23872.6
24310.1
24606.5
24410.2
24121.0
23616.8
23051.8
23925.4
24421.2
23935.9
23923.9
24384.5
24484.7
24329.9
24074.9
24322.6
23973.1
23639.6
24558.6
24344.4
24367.5
24107.3
24212.0
23827.9
23901.6
24036.2
24284.3
24449.5
24239.9
24358.1
24261.9
24194.5
24234.2
24606.9
23779.9
23129.1
23685.5
24627.3
24548.8
24060.5
23555.9
24543.9
24265.0
24118.8
23593.9
24365.4
24273.2
24011.9
24282.8
24580.7
24553.0
24446.5
24358.2
24180.0
24379.4
24405.9
24352.9
24042.4
24355.4
23475.8
24355.6
24498.3
24340.3
24165.3
24699.0
24114.6
24397.9
24611.6
24258.6
23440.3
24191.5
24266.6
24853.6
24357.5
24164.6
23924.6
24303.6
24614.9
24544.7
23980.6
22938.4
23405.8
24290.4
24506.6
24262.7
24101.4
24028.5
24181.1
24581.6
24288.1
24487.0
23820.7
24550.2
24459.1
24054.0
24271.2
24189.2
24277.2
24443.4
23342.1
23503.2
23540.5
23405.8
24693.9
23496.3
23530.6
24065.0
24156.3
24014.7
24210.6
24404.8
23886.1
24525.5
23519.6
24693.5
23435.8
24373.1
24363.3
24088.8
23203.3
24059.5
23868.2
24093.4
24959.6
24324.2
23872.5
24873.5
24275.3
24316.4
24064.0
24649.6
23517.5
24623.0
24531.0
24558.4
23365.5
24770.2
24315.5
24116.4
24044.4
24170.4
24661.3
24276.0
24069.8
24498.7
24154.6
24588.4
23866.3
24379.7
24569.7
24275.1
24200.3
24354.0
24085.0
24320.6
24487.1
24029.1
24346.0
24417.8
24710.1
24240.4
24253.9
24294.7
24736.0
24265.0
24499.4
24041.1
24742.3
24096.8
23334.0
23926.5
24016.8
24856.3
24761.9
24388.7
24775.0
24652.5
24603.5
24233.2
24232.7
23626.1
24422.1
24493.3
24226.9
24040.2
23689.2
24319.6
24362.8
24344.2
24247.3
24599.1
24488.5
24443.4
24427.7
24872.4
24060.9
24220.6
24885.1
24018.1
24499.2
24164.6
24610.6
24081.8
24479.4
23948.8
24532.1
24127.7
23995.6
24205.0
24394.7
24748.4
24314.2
24373.6
24211.8
24247.3
24037.0
24526.7
24383.7
24587.7
24472.1
24396.8
24351.4
24800.7
24614.0
23711.0
23803.2
24144.3
24615.6
24200.2
24291.1
24278.3
24019.6
24575.3
23802.6
24291.7
23787.3
24536.4
24417.2
24074.5
24031.2
24383.7
24437.3
23925.9
24777.8
24093.1
24323.3
23497.7
24168.0
22953.6
24416.3
24273.8
24604.6
24419.9
24496.6
24190.3
24564.6
23815.8
24371.9
24047.7
24328.8
24155.9
24153.4
24503.7
23843.7
23974.9
24095.3
24113.3
24465.0
24206.7
24250.9
23984.1
24700.5
24423.5
24685.3
23314.6
24297.4
24377.5
23932.3
24533.5
22117.3
24527.0
24475.7
23397.4
24251.8
24739.6
23833.0
24366.4
24627.2
24306.0
24561.6
23435.8
24214.6
24109.5
24813.9
24007.1
24243.0
23989.8
24163.3
24061.7
24803.5
24320.4
24281.9
24140.7
24352.8
24530.9
24482.0
24465.6
24625.0
24291.0
24087.2
24400.3
24778.5
24078.3
24269.4
24807.8
24336.3
23881.8
24708.7
24499.7
24256.3
24527.3
23734.6
23983.8
23850.2
24088.7
24644.1
24118.8
24470.9
23926.0
24589.5
24019.9
24560.6
24456.8
23586.3
24219.5
23553.3
24398.9
24261.0
24663.7
24171.1
24297.0
23645.2
24295.4
23555.0
24390.9
23253.5
24148.3
23826.2
24672.8
24231.9
24835.3
24675.2
24355.8
23822.4
24118.5
23997.7
24066.4
23921.1
24719.8
23230.4
23646.2
24086.2
23155.8
24593.1
24477.7
24657.4
24518.1
24410.9
23968.1
24360.1
24504.2
24506.3
24448.1
24384.3
24217.0
24706.7
24730.6
24255.0
23971.8
24181.6
23082.3
24250.0
24281.9
24502.4
24884.1
24091.0
23594.4
24656.9
24181.8
24037.5
23957.5
24581.3
24642.2
24416.6
24033.2
24271.2
24728.2
24735.8
24685.8
24011.6
24476.5
24028.3
24406.3
24314.6
24729.0
24636.3
23804.5
24172.8
23649.2
23799.3
24229.9
24207.9
24199.0
24095.6
22730.3
23912.0
23782.6
24108.3
23699.6
24039.5
24554.1
24356.2
24087.8
24806.1
24305.2
24334.1
23314.3
24037.0
24456.8
23462.3
24159.1
24680.5
23804.9
24379.6
24101.1
23557.0
24113.1
24076.7
23678.2
24224.2
23754.1
24093.2
23602.8
23708.7
24082.0
24679.9
23829.5
24311.4
23800.2
24199.0
24843.4
24531.9
23999.7
22702.6
23555.0
23835.2
23646.3
24732.6
24730.4
23636.1
22578.3
24324.3
24032.6
23710.3
23083.2
23607.7
23740.3
24309.0
24558.8
24041.9
22929.8
23776.2
23879.0
24255.4
24125.3
23960.6
24444.1
24324.1
24386.2
23606.7
24096.3
24164.3
24074.7
24265.5
23986.6
22904.1
24685.1
23889.8
23910.5
24618.6
24296.4
23874.1
22732.8
23375.8
24360.3
23685.3
23960.8
23330.1
24286.7
24378.2
23844.1
23853.4
23751.2
24551.4
24315.0
24260.0
23904.9
24274.6
23745.5
24674.3
24125.3
24010.0
23681.0
24554.4
23390.8
24009.3
24825.9
23741.1
23849.2
24437.6
24458.2
24336.8
23950.5
24253.6
24241.4
24023.1
23646.4
24395.2
22889.3
24110.6
22717.8
24290.5
24224.1
24638.0
24318.7
23872.1
23787.0
22873.4
24046.6
23763.5
24039.7
24420.9
24248.0
23939.0
24230.4
24712.8
24197.7
24449.9
23751.2
24395.8
23722.3
24163.3
24486.3
23885.2
23935.9
23947.9
24637.4
24405.8
23805.7
23836.8
24364.5
23927.8
24736.8
23796.7
24282.7
24258.6
24157.9
24448.3
23939.7
23978.0
22428.6
23972.4
24648.6
23824.9
23296.5
23797.2
24606.0
23963.3
24176.3
24383.1
23492.4
24427.8
23308.3
24603.1
24725.7
24149.0
23507.7
23644.4
23756.6
23999.9
23648.5
23903.7
24378.7
23793.0
24149.9
24582.2
24479.4
24210.0
24304.3
24578.5
24166.3
24181.2
23945.8
22712.9
23816.0
24226.2
24432.3
24038.1
23871.8
24201.9
24449.8
23867.0
24483.7
23456.1
23526.0
24323.0
24413.0
24581.5
24725.1
24057.6
23788.3
24506.1
24212.0
23887.6
23758.8
23445.1
24604.5
23669.1
24347.4
24415.2
23727.0
23868.3
23971.4
24104.3
24354.8
24717.2
23552.9
23678.6
24120.8
24202.9
23741.4
23803.3
24560.1
24594.4
23655.5
24251.5
24254.0
23762.5
24078.6
24020.7
24177.7
24294.8
24774.2
24516.5
24399.6
24754.0
23895.5
24353.4
24439.7
24085.9
23939.1
24035.8
24381.8
24619.3
24340.5
24386.8
24445.0
24153.8
24143.4
24112.9
24067.5
24454.6
24512.6
23761.0
24360.6
24282.3
24417.8
24483.8
24515.0
23582.9
24204.4
23350.3
24006.9
24776.5
24447.3
24522.1
24378.4
24709.9
23588.1
24607.1
23191.9
24363.8
23620.7
24196.1
24764.0
24473.1
24622.1
24167.9
24200.0
24233.4
23308.7
24340.1
24069.8
24069.3
23541.2
24137.1
23668.8
24316.6
23981.8
23843.5
24130.9
24115.9
24238.3
24728.2
24263.3
24487.0
24859.4
24190.2
24107.4
23709.3
24421.4
24703.3
23995.2
24821.9
24222.5
24074.5
24178.7
24092.2
24261.1
23948.7
24727.1
23797.9
24610.2
24255.9
24634.5
24556.0
23249.9
24160.7
24012.2
24103.6
24440.9
23734.8
24401.6
23787.0
23951.9
24563.5
23799.4
24155.0
22830.3
23827.6
24211.0
24251.1
24593.1
24488.2
23828.8
23941.9
24441.6
24291.3
24784.2
23854.0
24033.0
24326.2
22902.7
23981.6
23533.3
24306.3
23942.4
24148.9
24032.6
23066.1
22622.5
24748.7
23953.7
24087.0
24802.5
24751.1
24319.8
24536.2
24160.4
24696.7
23909.7
23233.2
24760.0
24905.3
24569.7
24874.2
24419.6
23927.4
24763.1
23746.1
24290.1
23876.7
24339.9
24446.5
23527.0
23137.4
24112.4
24398.8
24776.2
24024.4
24125.1
24057.1
24426.1
23334.1
24269.0
24677.3
24667.5
24124.4
24041.8
24222.4
24123.2
24517.2
24517.8
23862.9
23318.4
24573.7
23833.8
24196.7
22941.4
23607.0
24351.7
24671.2
24190.8
24236.2
24023.4
24201.5
23956.9
24601.4
24412.3
24283.1
24083.2
24426.6
24351.8
24274.8
24191.2
24296.7
24176.7
24455.1
23723.3
24230.9
24098.6
24167.8
24149.6
24285.3
24352.9
24075.3
24677.3
24290.5
23854.6
24023.8
24390.1
24033.1
24592.1
23947.4
24160.2
23263.7
24314.2
24338.1
22977.5
23668.3
23474.5
23493.5
24627.4
24298.6
24124.5
23217.8
24512.6
24359.6
24653.1
24343.2
23718.2
24554.5
24274.9
23550.0
23547.8
24602.9
24823.7
24025.0
23628.1
23768.8
24370.3
23534.3
23525.9
24453.7
24249.8
24106.5
24213.6
24778.8
23961.3
24658.6
24222.3
23871.3
24103.7
24472.6
24424.2
24578.2
23831.1
24565.5
24241.5
24504.3
24102.7
24003.8
24054.1
24575.2
24270.8
23879.9
24756.8
24112.3
23954.2
24382.6
23145.5
24419.3
24775.9
24240.8
23985.5
24755.4
24402.8
24161.5
23854.6
24334.9
23932.6
23863.3
24379.9
24263.9
24012.4
24049.0
24204.8
24444.8
24109.4
24802.2
24429.0
24200.9
24385.6
23790.0
24744.4
24365.5
24026.5
23924.6
24181.9
24135.0
24398.2
23950.7
24156.8
24434.7
24395.2
23822.0
24145.1
24234.3
24373.3
23901.8
24655.7
24573.4
23526.3
24774.6
24696.8
22977.1
24362.7
24240.3
24162.8
23966.8
23942.0
24328.6
24707.1
24473.0
24006.3
23763.9
24181.1
24177.2
24192.9
23901.4
22566.7
24738.2
24767.2
24186.3
24540.2
23929.2
23923.2
24462.7
24354.1
24046.5
24282.0
23547.5
23107.6
24361.7
23670.9
24140.1
24578.0
24458.0
24037.1
23480.0
24518.3
24219.4
23385.2
23783.7
24126.6
24572.4
24403.1
24086.6
23953.7
24583.5
24563.7
24075.7
24154.7
23833.8
24700.6
24135.9
24405.4
24798.0
24096.3
24338.3
23333.3
24736.7
24110.7
24233.0
24356.0
23682.4
24360.2
24728.3
23808.8
24679.3
24705.4
23530.8
24288.4
23308.2
24530.1
24413.1
23945.5
23995.7
24777.3
24498.8
24455.8
24848.8
23832.0
24769.7
23124.4
24707.9
23466.2
23806.5
24570.2
24298.9
23521.0
24432.2
24455.3
24250.0
24175.2
24328.1
24053.1
24077.6
24502.0
24084.5
24679.2
24027.2
24291.8
24458.9
24473.0
23928.8
24056.6
24631.5
24009.3
24556.0
23563.6
23670.5
23505.1
23712.0
24612.9
24291.6
23998.9
23957.3
23740.1
24477.2
24227.5
24030.0
23980.4
24445.5
24113.5
23712.8
23812.6
24645.8
24354.6
24417.8
24023.2
24529.2
23581.4
23999.3
24300.6
24352.3
24398.2
23631.1
24226.4
23368.8
23264.9
24305.7
24364.5
24793.6
23860.2
23858.8
24350.8
24621.0
23759.7
23913.2
24471.2
24407.7
23612.5
24168.1
24175.3
24511.0
24671.1
24547.0
24095.7
24344.0
24877.3
24262.9
23552.5
24192.7
24451.2
24219.9
24631.4
24881.8
24735.5
23827.5
23777.6
24054.0
23788.3
24633.0
24094.3
24494.4
24298.8
24682.4
24498.3
24157.2
23911.0
23903.8
23806.1
23943.7
24120.9
24655.7
24043.8
24048.7
24208.9
24754.9
24118.0
23461.8
23377.5
23636.0
24584.0
24640.9
24527.4
24124.4
24525.2
24157.2
23881.0
23811.1
24264.2
23868.0
24023.4
23902.2
24604.1
24630.6
23784.7
23624.8
24492.6
24305.2
24047.1
24274.5
24295.6
23030.8
24254.5
24619.4
24031.1
24434.8
24040.9
23739.6
24403.9
24084.4
23938.4
24341.0
23614.8
24735.5
24614.0
24674.8
24161.9
24034.6
24417.4
24616.5
24702.9
24431.1
23905.8
23895.2
23495.5
24610.6
24430.7
24314.6
23480.6
24174.2
24493.4
24556.9
23932.5
24565.6
24350.6
24280.0
24485.3
23986.0
24836.6
24086.1
24052.9
24027.3
23365.9
24525.2
24598.2
23938.8
23425.4
24356.5
24157.8
23845.5
24099.3
24152.7
23751.2
24498.4
24423.1
24247.0
24768.5
24291.4
24246.0
24317.1
24585.2
24184.2
24269.8
24247.3
24226.2
24047.5
23722.2
24222.9
24096.4
24055.4
24087.0
24289.3
23905.2
23917.5
24463.6
24499.0
23920.7
23962.1
24783.4
24487.3
24594.3
24331.1
23850.1
23412.8
24136.0
24591.1
23956.1
24551.8
23723.2
24186.5
24766.3
24083.4
23635.7
24877.0
24255.0
23909.1
23981.8
24292.0
23524.0
24396.4
23802.9
24603.3
24066.6
23432.6
24181.0
24698.7
24559.4
23943.8
24251.1
23855.0
23585.2
24615.6
24425.6
24000.2
24016.9
24542.9
24030.1
24657.8
24259.7
24425.4
24699.7
24242.8
24462.7
24260.4
24435.6
24277.2
23883.5
24672.8
24035.3
23959.3
23949.4
24870.3
24443.2
24458.8
24139.4
24370.9
23835.2
24283.2
24071.0
23495.7
