17461.0
17333.2
18109.7
17251.1
17253.9
17432.3
17255.8
17043.1
17359.4
18050.1
17773.1
18126.5
18042.9
17995.5
18125.8
17451.0
17558.4
18112.7
17088.5
18016.4
18206.2
17328.5
18130.1
18199.4
17235.2
18158.0
18097.3
18172.6
18199.8
18137.4
17274.9
17469.6
17929.1
17377.0
17441.0
18084.4
17816.6
17929.3
18039.9
18121.4
17531.6
18198.9
17388.1
18175.7
18156.3
17498.8
17266.3
18166.3
18035.5
17954.2
18238.3
18204.3
16973.0
17461.0
17980.1
18158.1
18177.5
18027.8
17332.3
18119.1
17918.9
18123.6
17603.5
18034.0
17544.9
17103.0
17799.6
18150.2
18179.7
17994.8
17023.9
18155.2
17221.6
17340.0
16952.2
17334.4
17310.7
18173.1
18184.2
17917.8
18215.6
17380.0
18107.5
17501.9
18129.0
17474.4
17410.4
17527.7
18159.3
17360.1
18153.7
18129.8
17552.8
17247.7
17337.0
18141.7
17392.8
18160.0
17490.9
17175.5
18138.2
18059.8
18236.9
18145.8
18088.8
18161.3
17310.6
18179.9
18170.9
18148.3
17092.0
18138.1
18117.7
17343.8
17422.8
18101.6
17285.1
18129.1
17106.2
17540.7
17557.8
18136.8
18060.5
17972.0
17423.2
18180.8
18164.5
17946.9
17386.2
18165.0
18153.2
17384.1
17274.9
17258.8
17487.0
17648.9
17392.9
18106.9
18169.8
18131.5
17575.1
17660.7
18182.7
18079.7
17013.9
18075.7
18161.0
17263.7
17405.5
17673.8
18268.1
18158.3
17501.5
17016.9
17364.5
17986.2
17560.6
18223.3
18141.3
17450.5
17556.1
18114.1
17981.8
17321.6
18292.2
18115.2
18015.3
17995.5
18183.8
18166.5
17566.1
17413.9
17998.7
17581.8
18152.7
17319.8
17432.5
17525.1
18051.4
18053.5
18087.1
17421.3
17516.3
17314.7
18059.7
17491.3
17592.2
17159.9
17297.3
18020.1
18138.8
18029.3
18169.4
17542.2
17471.6
18101.5
17484.0
17551.9
17298.4
17457.2
18127.7
18132.1
17185.3
18107.7
18124.2
18163.8
18078.7
17352.8
18183.1
17230.4
18069.4
18109.7
18161.1
17187.7
17477.1
17234.4
18145.8
18057.2
18163.0
18145.9
17602.5
16975.4
18070.7
17193.6
17485.1
18183.5
18090.0
18111.9
17254.8
17547.3
18030.9
18142.1
17903.4
17994.9
17127.7
17494.8
18160.5
18105.9
18008.0
17659.9
18153.9
18174.1
17504.0
17387.9
18157.9
18123.6
18127.3
17504.5
18116.9
17214.5
18169.1
18084.1
17117.1
17539.8
17365.8
17248.2
18172.9
18171.5
17493.2
18145.3
18124.3
17222.6
18077.9
17319.0
17191.0
18119.0
17984.1
18027.3
18170.0
17487.2
17313.6
18163.0
18157.1
17126.1
18164.1
18044.4
17016.7
17521.5
17408.8
18053.4
17201.6
18047.4
18123.0
18175.1
18083.1
16784.8
17577.6
17006.7
17313.8
17125.9
18177.3
18145.0
17238.9
18082.7
18167.0
18214.6
18132.7
17273.0
17509.2
18192.3
17987.2
18026.1
18166.5
18131.3
18135.9
18155.3
17407.4
18065.5
18166.7
17692.2
16966.5
17456.9
17406.7
18125.9
18126.4
18042.7
18162.0
16863.8
18163.8
17123.9
18137.3
17152.6
18065.7
17492.4
17173.9
17442.9
18162.9
17218.1
18090.3
17350.0
17317.4
18021.7
17450.9
18001.7
17314.8
18038.4
17544.2
17401.8
18161.3
17408.9
17308.5
18154.6
17977.3
18115.3
17385.3
18174.4
17484.9
17542.0
17522.4
18146.1
17985.6
18085.5
18194.0
17064.9
17073.0
18154.5
17579.9
17306.9
18178.5
17414.4
18201.1
18062.3
17948.9
18190.2
18171.5
17334.9
18102.2
18078.1
17455.7
18086.3
17295.4
17394.0
18117.0
17403.5
18161.0
17220.5
17121.3
18094.7
18178.6
18207.5
18002.3
17559.6
17320.4
18148.6
18077.0
18167.5
17258.7
18132.2
18121.3
18170.6
17438.0
17568.4
17559.1
18169.8
17500.2
17898.4
18092.0
17270.9
17441.3
17385.3
17441.1
18168.5
18071.4
17246.1
17131.5
18104.8
18141.4
17120.2
18097.7
17305.3
18195.1
17482.6
18106.6
18022.5
18149.6
18060.3
17223.3
17509.3
18178.6
18160.5
17438.7
17428.0
18041.5
17522.4
18124.5
17406.0
18115.6
17020.4
17469.9
17525.1
17406.7
17234.3
18012.8
18055.7
18117.1
17179.3
17509.6
17467.0
17177.9
18139.4
17522.2
18120.3
17113.3
17509.8
17493.0
18075.1
18138.7
17220.3
18170.6
16967.4
17607.1
18109.1
17320.5
18151.7
18222.8
17643.8
17337.3
18069.7
18162.3
18171.8
18147.1
18152.9
18181.6
17337.7
17478.6
18154.3
17472.5
18022.8
18128.4
18190.9
17961.5
18097.8
18109.5
18102.8
18188.6
17570.2
18136.4
18028.2
18179.8
17243.6
17560.9
17409.1
17534.0
18043.3
17493.7
17338.8
17378.8
17245.1
17212.7
17614.9
17675.0
18164.8
17975.3
17187.2
18104.1
18163.0
18148.4
18123.8
17344.2
18142.7
18073.5
18048.2
17078.8
18113.3
17368.4
17999.6
18003.0
18092.7
18115.6
17195.3
18088.4
18176.6
18200.0
18165.0
18179.9
18166.0
18108.3
18099.4
17034.0
17301.7
18090.3
17518.5
18031.5
18152.9
17499.2
17421.4
17472.1
18096.3
18141.1
16866.4
17971.3
17396.3
17414.9
18164.8
17487.7
17970.7
17455.9
18166.5
17323.0
17464.8
17355.2
18130.2
17503.1
18139.6
17405.5
18002.8
18136.2
18169.2
18087.2
18001.4
17286.2
18020.7
18056.0
17073.6
17246.7
17920.9
17247.6
18136.4
18006.5
17499.8
17525.4
18113.0
17480.3
18150.9
18218.2
16943.6
18165.9
17324.3
18030.8
17297.8
18155.1
18042.4
17436.8
17451.8
18142.5
17239.2
18006.9
17660.0
18197.9
18161.4
17881.8
18179.6
18137.0
17198.2
18021.0
18158.1
17354.6
18118.5
17381.7
17530.9
18118.9
18172.4
17989.2
17228.3
17362.9
18141.4
17497.1
18119.1
17544.7
18026.2
17965.7
18001.2
18121.3
18135.4
17500.9
18163.6
17149.3
17523.2
18015.8
17425.4
18284.7
18113.7
18119.3
18086.6
17362.3
18154.4
18101.2
17954.7
18035.3
17007.9
17209.9
18015.0
17507.8
18019.7
17210.7
18108.9
18146.5
18176.2
18129.1
17919.3
17286.0
18122.2
18138.7
18068.3
17965.3
17138.8
17565.7
18147.0
16934.4
18176.9
18187.0
18107.6
18182.5
18164.0
18188.2
18184.1
18103.9
18104.1
17864.8
17196.2
18088.2
17169.3
17341.8
18140.2
17322.3
18171.7
16988.3
18166.2
17531.2
17899.3
18132.3
18189.6
17425.2
18167.4
16948.7
17197.2
17510.0
17803.5
18151.1
17595.1
18088.7
18145.3
17508.3
18121.9
18109.4
18086.0
17431.4
17310.1
18129.5
18083.7
18080.5
18098.5
17309.5
17320.8
17217.3
16949.3
18040.7
18143.3
17272.6
17384.6
17324.6
18141.9
17075.6
16836.0
17998.4
17381.7
17108.6
18075.7
17445.5
18152.1
17416.6
18126.4
18024.4
17145.7
17277.1
18170.3
18072.9
17485.5
17327.5
17323.4
18048.9
18140.5
18071.8
17979.7
17393.3
17398.5
18170.4
18052.6
17206.7
17113.6
18078.2
18176.0
17361.2
18160.5
18204.5
17260.9
18052.2
18181.2
18032.2
18116.5
18079.4
17490.3
18109.6
17393.6
18000.2
17975.7
18081.7
17391.9
17955.5
18169.1
18060.0
18124.5
18126.6
18157.9
18149.1
17380.4
17329.3
17363.4
18199.9
18129.2
18147.0
18112.6
18193.5
16939.6
18152.5
16905.5
18182.8
17355.6
17187.8
17988.3
18128.5
18153.7
17332.1
18098.6
18079.1
18254.6
17341.4
18131.3
17585.6
18220.6
18125.9
18165.3
18156.6
17442.0
18180.3
18118.7
17480.0
17693.1
18125.4
18158.6
18175.1
18155.7
17126.3
18107.1
17493.2
18210.2
18197.9
16980.9
18138.6
17373.5
17267.1
18114.9
18028.8
18152.8
18180.7
17996.4
16974.7
18117.5
17890.4
18161.1
18097.8
18065.2
18094.0
17038.1
17267.1
18082.9
18135.6
18103.7
17357.4
17572.0
17537.0
18100.7
18154.7
17477.3
17192.7
17846.7
18157.2
18147.2
17084.2
17711.8
18144.0
17596.3
17744.1
17335.2
18160.8
17195.3
17471.7
17951.7
18103.5
18173.6
18099.6
18039.0
17522.9
18124.0
18213.7
18143.6
18164.6
17404.8
18173.0
18032.8
18097.4
18000.9
18139.5
18173.7
18161.9
18110.4
18174.6
18052.7
18165.2
18125.7
17291.4
17471.8
18174.2
18162.9
17244.7
18161.0
18102.2
18015.0
17375.3
17513.2
18144.9
18174.5
16974.5
17497.8
18154.4
18090.5
17889.0
18258.0
17664.6
18150.1
18130.6
17539.1
17409.7
18095.9
18146.4
18058.6
18092.8
17373.6
17325.8
18166.9
16862.2
17073.7
17462.8
18190.4
18111.8
18176.8
17441.1
17443.7
18152.8
17394.9
17618.5
18170.6
18156.0
17632.5
18115.0
18126.4
18089.1
17376.8
17282.1
18122.4
18057.1
18220.9
17976.7
17137.1
18160.2
18139.1
18182.2
18110.8
18096.7
18067.1
18112.8
18197.1
18170.0
18066.1
17415.8
17316.3
18118.3
18150.8
17542.7
17359.7
17460.2
17236.3
18148.0
18108.8
18079.6
17176.0
18141.6
17446.2
18145.3
18188.7
18158.5
16937.9
17352.7
18136.4
18033.2
18036.3
18148.4
18154.2
17114.8
17586.8
17997.0
18224.6
17640.8
18130.4
17571.6
17435.1
17443.0
18111.5
18126.4
18180.3
18159.3
17343.4
17653.5
18102.9
18027.1
18187.2
17210.5
17401.6
18170.7
18056.9
18038.5
17129.8
17160.9
17380.6
18097.1
17235.8
17350.7
17518.8
18145.9
18139.3
16703.6
18133.2
17289.3
18169.3
17456.0
17452.6
17356.9
18205.1
18000.4
17978.3
17521.0
18089.4
17279.6
18147.7
18184.6
18169.2
17659.3
17153.6
18150.9
17598.5
17169.9
18186.1
18055.0
17078.9
18013.2
17561.6
18194.1
18131.1
18013.5
18215.3
17354.1
18152.7
18159.7
17404.3
18046.9
18179.6
18205.2
17542.0
18248.7
18170.3
17567.7
17449.8
18032.2
17527.5
17486.6
17134.2
17384.5
17276.1
17964.2
18202.5
17950.3
17470.0
18099.2
18133.0
17163.2
17376.4
17182.6
17376.3
18136.7
16958.7
18077.3
17589.7
18150.7
18095.0
18169.5
18169.3
18079.4
17957.5
17463.1
17773.4
17279.1
16761.9
18054.7
17247.6
17475.8
17268.6
17582.0
17448.0
17262.3
17339.9
17293.6
18019.3
17267.3
18142.9
18130.8
17183.7
16931.6
18137.5
17823.2
17419.9
17337.4
17451.5
18203.9
17216.4
18127.3
18027.4
18100.5
17335.8
18159.8
18138.7
17458.8
17509.7
17547.3
17096.8
17609.3
18217.8
17851.1
18059.0
17341.8
18001.9
17636.9
18063.0
18086.9
18131.4
18143.9
18222.9
18054.2
18152.9
17484.9
18182.9
18105.7
18165.1
17503.6
17521.9
17477.6
18118.9
18119.0
18157.5
18168.4
17200.4
17519.9
18143.5
18070.5
18161.6
17216.4
17945.4
18159.3
18213.2
18032.8
17120.5
17314.4
17228.8
18037.0
17242.8
18133.5
18056.1
17395.9
18157.6
18061.1
17594.4
17433.7
18127.9
17527.9
18061.3
17315.5
17991.2
17244.3
17504.8
16883.8
18121.4
18137.3
18002.3
18092.9
17310.1
18119.7
18217.4
17026.7
17332.5
18041.9
18138.3
18075.8
17467.8
17818.3
17124.7
17402.5
17330.9
17624.0
17359.8
18188.0
17454.9
17476.3
18179.3
18132.3
17504.9
17506.6
16822.1
17319.4
18098.6
18208.8
17700.0
17408.3
17334.7
16988.8
18183.0
17519.4
18181.7
17574.2
18135.6
18139.3
18073.0
18154.0
17218.6
17232.1
17308.8
17414.3
17080.2
18048.9
17138.7
17162.6
18196.8
18101.6
17858.3
17478.4
17059.9
17958.2
18125.4
17375.9
17120.9
17534.6
18054.9
18108.9
18063.6
18145.7
17562.5
18120.3
18132.4
17524.5
18190.9
17506.8
17471.4
17975.1
18160.8
18049.9
17409.9
18043.1
17455.0
17290.8
17223.9
18101.9
17400.3
17672.7
18090.4
17609.3
16866.3
18081.4
18161.3
17291.9
18098.2
18000.8
18135.5
17359.9
17127.1
17507.9
18159.6
17527.7
18163.2
17195.6
17136.9
18088.4
17432.3
18112.5
17217.5
18100.8
17268.4
18156.1
16879.1
18162.9
18180.8
17355.3
17116.1
18069.5
17509.7
18061.9
18147.7
17076.6
17214.4
18114.9
18152.9
17395.8
18097.0
16992.9
17985.9
17462.4
18140.2
18072.6
18242.2
18171.6
18223.6
17524.8
16903.8
18118.8
17383.3
17232.4
18149.2
16982.0
18252.3
17371.7
18088.5
17477.3
17544.3
17417.6
17461.7
17447.6
18224.5
18131.8
17403.9
17744.4
17276.9
17674.4
17403.4
17578.3
18202.4
18158.0
18146.6
18159.8
17094.1
17031.6
17528.2
17411.9
18014.5
17361.1
17390.4
17353.8
18131.1
18100.7
18179.8
18169.0
18070.8
18137.3
17459.3
17149.3
18058.7
17422.5
17324.9
18207.0
18091.9
18174.4
17083.5
18141.0
18007.2
17512.7
17210.6
18145.5
18150.1
17524.4
17054.2
18043.4
18202.3
18246.4
18084.8
17994.8
17576.1
17418.0
17576.8
18137.5
17360.4
18159.2
17175.1
18019.5
18060.8
18068.6
17506.8
18023.0
17518.5
18050.9
17210.8
18123.4
18080.8
18092.5
17412.8
18141.9
18086.8
18204.4
17270.4
17308.1
18123.4
18228.0
17378.9
17513.4
17366.2
17225.2
17528.1
17084.3
18157.7
18145.3
17235.4
18118.0
18184.9
18139.1
17451.5
18166.7
17243.9
17317.2
17253.7
18155.5
17301.3
17069.5
18144.8
18176.7
18111.5
17203.0
18078.0
18145.2
17324.7
18160.5
17939.4
17483.8
17643.7
18051.7
17536.2
18158.4
17354.2
18116.5
17507.4
17299.7
17434.9
16832.4
17388.0
17539.2
18127.7
17521.1
17324.4
18079.9
17267.4
17185.0
18064.4
17610.3
18147.9
17382.1
18016.2
18076.3
18105.7
17671.1
18160.1
18190.6
18227.1
17081.8
18149.8
18186.3
17507.4
18043.3
17360.1
17629.4
18136.3
17041.1
17070.3
17409.9
17494.5
18117.0
17579.9
18019.4
17138.6
17325.7
18017.5
17240.0
17149.5
17516.3
18213.1
17551.6
17334.0
18173.2
17376.9
17492.2
17947.9
17993.9
17044.1
18151.2
18133.0
17293.3
18044.3
18314.7
17508.9
17003.3
18036.5
17358.1
18103.7
18177.0
18126.9
17411.2
17355.2
17126.6
18057.2
18188.5
18121.3
17567.0
17464.9
18132.2
18043.4
17317.6
17287.5
17999.7
18130.1
17430.7
17281.4
17218.3
17859.5
17436.4
17525.7
18059.8
18143.2
17558.0
17502.8
18134.2
18164.3
18011.4
18133.2
17136.0
17680.4
17513.5
17629.0
17372.0
17626.2
18136.0
18217.8
17518.1
17381.0
17369.8
18037.2
17242.5
17384.7
18015.3
17768.9
17009.3
17266.7
17588.9
18128.4
18168.8
17429.2
17252.5
17440.8
17286.1
17517.6
17473.3
18091.1
18139.4
17857.4
18119.2
17387.5
17351.0
17751.0
17676.4
18158.0
17620.5
17384.4
17447.4
18016.3
17358.2
17444.9
18151.6
17057.7
17056.0
17123.2
18289.3
17437.0
18170.1
17539.0
17090.6
17238.2
17435.8
18093.9
18136.0
18136.5
17039.7
17422.2
18013.9
18198.8
18185.7
17172.1
17076.1
18109.1
18144.7
17192.9
17469.3
17997.9
18176.7
18123.6
18128.9
18003.0
17426.9
18245.7
18207.4
17936.7
18111.1
17257.0
17268.1
17393.7
17931.8
17773.8
18138.7
18134.6
17282.0
17474.9
18191.3
18166.1
17472.5
17318.2
17713.8
17452.4
18171.0
18080.2
16812.7
17429.1
17588.8
18226.7
18111.9
18063.1
17302.6
17479.3
16828.8
18145.9
18119.9
18094.8
18133.6
17567.8
18161.7
17462.1
17159.4
18185.9
17261.0
17466.0
18171.5
17382.2
18050.5
17404.6
18049.3
17341.9
18201.8
18077.9
18134.0
17363.0
18181.1
17053.4
17553.3
17179.7
17194.5
17203.1
17463.1
18178.8
17532.4
18204.5
18170.6
17521.4
18124.6
18134.2
18108.1
18108.7
17197.3
18196.4
17301.6
17401.7
18104.7
17181.9
18178.7
18181.2
17162.1
17593.2
17352.8
18167.2
18174.7
17561.7
17508.9
18049.1
17157.9
18144.6
17954.2
17375.4
17279.1
18157.4
18065.5
17218.7
18155.7
17227.8
17242.0
17198.6
17406.2
18083.5
17492.6
17370.3
17939.3
17532.4
18131.0
17495.8
18166.1
17372.4
18003.2
17152.8
17133.3
18134.5
17480.6
18135.4
18153.7
18140.0
17983.4
17991.7
18072.8
17081.1
17317.7
17543.9
17519.7
17177.6
17383.4
17768.1
17969.2
18171.9
18121.9
18137.5
18110.6
17771.0
17415.3
18130.1
18192.3
17279.4
17408.8
17417.5
18113.2
17587.1
18159.4
18187.9
18062.8
17972.6
18092.6
17396.8
18138.3
18166.6
18104.9
17380.9
17373.5
18190.4
17379.8
18104.5
17472.7
17988.4
18138.3
17564.2
18132.9
18130.5
17774.7
18197.4
18172.5
18124.5
18107.2
18067.6
18172.7
17494.9
18103.3
17505.4
17512.1
18077.9
18132.1
17933.1
17362.7
18149.6
17217.3
18227.7
18162.7
18162.2
18149.8
17599.5
18031.0
17554.5
17914.4
17497.8
17492.7
17185.2
18146.9
18191.5
18033.0
18164.3
18178.0
18101.3
17410.0
18150.3
18104.0
18180.3
17344.8
18134.7
18151.1
18131.8
18128.0
18189.1
17326.1
18210.0
17326.8
17438.3
18103.8
17365.2
16952.1
18064.0
17647.2
18142.4
17470.2
17219.9
18178.9
17031.1
17433.6
17315.7
17406.3
17874.4
17158.5
18191.3
18056.8
18119.3
16970.4
17479.2
18103.0
17198.1
17272.7
17454.3
17445.2
17998.7
18136.6
18123.5
18168.2
17959.0
18051.8
17978.6
17352.5
17345.5
18136.1
17544.1
18129.0
18147.7
17430.2
18170.9
17232.1
17996.2
17318.7
17303.1
16968.1
18089.6
18083.2
17448.4
17478.6
17390.4
17211.9
18125.4
17632.7
17239.3
17360.5
17939.5
17326.5
18017.8
18177.9
17643.4
17490.2
17022.6
18136.7
18037.1
18167.2
17422.6
18122.6
17339.3
18192.9
17473.1
18111.3
17341.9
18246.7
18131.4
17052.1
18133.2
18103.9
18133.3
18093.3
18158.0
17213.4
17534.6
18145.2
17800.9
17459.6
18066.6
17377.7
17445.1
17370.5
17289.5
18142.8
17245.4
18167.7
18100.0
17240.4
18235.8
17030.2
17044.1
17395.0
17454.5
17613.3
17997.2
17393.7
17197.4
18250.8
17426.8
17155.4
17423.1
18155.4
18033.5
18072.2
17260.0
18142.0
18108.3
18183.2
18180.4
18206.7
17228.0
17048.6
17510.2
17427.6
18114.9
17056.8
18189.5
18146.2
18169.7
17491.8
18195.0
17090.4
18083.3
17393.3
18117.6
18184.8
17395.6
17631.7
18158.2
17425.0
17414.7
18070.9
18151.5
18079.6
18000.7
18163.3
18072.6
17609.3
17320.2
18073.9
17099.2
17437.4
18120.6
17435.3
18117.2
17842.8
17248.1
17306.4
17015.5
17204.3
17087.9
17825.3
18131.0
17277.7
18131.4
17531.4
17162.2
18115.0
18117.5
17430.1
18099.0
18074.1
18046.8
18198.5
18217.3
18009.8
18094.9
18113.1
17228.2
17566.7
17266.2
17129.2
17206.6
17360.9
17977.6
18178.0
17103.6
17586.5
17444.0
17417.7
18123.7
18129.5
17957.7
17158.6
17392.1
17561.5
18167.4
18126.0
18154.1
17525.5
17157.6
17056.3
17659.0
17155.8
18161.6
17172.9
18169.3
17046.3
17419.4
18008.2
17420.3
18032.7
17999.7
18142.3
17501.0
17382.3
17989.0
17194.7
17110.1
17117.2
17449.2
17232.8
18189.2
18170.4
17379.2
17011.8
17468.6
18042.1
17281.3
17474.7
18233.9
17453.1
17438.2
17305.5
18049.9
17070.1
17492.0
17317.0
18090.9
18158.6
17633.0
18158.1
18160.2
18137.2
18109.5
18143.9
17464.5
17256.8
17521.9
