8917.0
8927.6
8861.2
8907.9
8919.8
9004.3
8928.6
8949.6
8928.7
8938.7
8926.2
8914.9
8917.9
8895.1
8891.2
8952.2
8936.4
8950.7
8940.2
8891.5
8954.3
8968.1
8970.6
8898.1
8866.2
8977.4
8847.6
8971.8
8977.5
8928.4
8975.4
8951.6
8906.3
8883.6
8977.2
8932.4
8849.9
8895.7
8857.1
9001.9
8910.9
8950.0
8938.0
8943.4
8935.3
8976.9
8976.2
8980.1
8924.9
8881.2
8947.2
8958.0
8951.6
9000.1
8916.9
8944.4
8966.4
8991.2
8900.9
8924.2
8713.7
8855.9
8959.8
8939.7
8969.9
8922.4
8859.7
8992.1
8904.0
8850.7
8912.5
8954.2
8992.9
8932.9
9031.5
8861.0
8908.8
8981.9
8962.0
8865.9
8959.1
8871.3
8967.0
8942.6
8869.2
8919.0
8780.0
8975.6
8978.6
8941.5
8903.4
8902.0
8988.0
8913.6
8931.0
8953.9
8933.9
8877.4
8961.0
8935.9
8888.7
8887.3
9003.3
8933.1
8920.5
8965.9
8937.4
8929.2
8951.6
8987.7
8925.5
8935.0
8940.3
8903.5
8940.2
8947.2
8999.6
9008.4
8883.9
8954.5
8933.9
8956.7
8908.0
8872.9
8861.8
8934.3
8895.1
8860.2
8915.7
8925.0
9006.6
8940.1
8931.8
8908.4
8980.7
8941.1
8895.0
8952.3
8910.0
9083.0
8935.3
9043.4
8861.1
8947.4
8866.7
8897.9
8973.6
8921.2
8931.1
8955.6
8933.7
8945.8
8963.2
8829.4
8984.7
8874.8
8971.7
8890.2
8954.1
8965.5
8987.8
8963.4
8933.0
8984.9
8974.2
8938.0
8981.1
8854.2
8922.4
8971.5
8948.4
8959.1
8870.4
8932.4
8916.1
8975.3
8974.4
8914.4
8800.6
8901.7
8908.0
8917.6
8922.1
8962.3
8922.8
8934.3
8907.8
8920.6
8979.5
8841.8
8940.1
8877.7
8907.1
8921.5
8998.6
8938.7
8977.2
8936.6
8934.7
8963.2
9070.2
8903.5
8948.6
8894.5
8923.8
8897.2
8904.0
8875.6
8947.6
8908.2
8865.2
8887.7
8933.5
8851.9
8956.1
8941.4
8885.0
8916.4
9069.5
8984.2
8972.0
8874.2
8804.5
8896.0
8953.1
8967.6
8941.9
9002.0
8867.4
8931.5
8873.2
8942.6
8837.1
8886.3
8894.8
8906.9
9013.0
8903.8
8887.5
8953.4
8960.3
8917.6
8919.0
8945.3
8992.8
8931.8
8931.1
8927.6
8906.2
8951.7
8899.1
8829.9
8919.7
8967.1
8898.0
8889.5
9005.8
8952.7
8953.8
8928.2
9012.6
8841.6
8893.0
8894.3
8848.8
8904.1
8922.8
8903.2
8940.6
8911.4
8915.2
8904.9
8991.6
8907.8
8993.5
8838.8
8882.3
8958.7
8951.0
8808.7
8949.8
8926.7
8926.5
8944.1
8962.8
9001.6
8937.2
8911.4
9035.4
8934.3
8928.1
8888.7
9007.1
8871.7
8946.5
8939.5
8986.9
8940.4
8923.6
8864.0
8861.0
8937.9
8933.3
8960.6
8911.1
8938.9
8914.2
8929.9
8949.0
8889.3
9030.7
8975.0
8912.3
8904.5
8904.1
8883.0
8935.5
8902.3
8916.2
8901.8
8957.1
8923.4
8901.4
8968.8
8918.7
8947.8
8958.4
8900.1
8938.6
8926.2
8935.9
8897.0
8973.9
8924.5
8850.3
8927.5
8908.8
8887.0
8949.0
8985.6
8949.6
8912.8
8913.6
8879.9
8917.4
8915.4
8985.2
8941.8
8954.1
8934.5
8962.1
8955.8
8935.3
8857.1
8962.0
8923.4
9007.8
8905.2
8965.3
8882.7
8836.7
8922.0
8864.2
8964.9
8939.1
8874.4
8887.1
8864.5
8933.2
8943.1
8946.0
8838.0
8886.8
8943.5
8936.2
8899.3
8927.0
8921.5
8928.3
8930.3
8921.0
8909.2
8896.5
8967.1
8960.8
8946.1
8954.1
8952.7
8955.1
8931.9
8911.9
8998.3
8930.2
8991.5
8925.3
8963.0
8880.8
8928.8
8957.3
8965.8
8914.1
8838.5
8908.1
8972.4
8963.9
8955.6
8898.3
8903.6
8946.6
8968.7
8971.4
8935.4
8924.9
8947.2
8890.1
8850.2
8932.4
8898.0
8951.4
8924.6
8894.4
8989.7
8905.3
8985.7
8869.9
8949.0
9000.6
8865.1
8924.4
8942.8
8955.0
8927.7
8869.5
8909.1
8887.4
8903.3
8860.7
8938.4
8879.2
8926.8
8907.9
8905.3
8922.6
8940.1
8902.8
8894.2
8993.5
8933.7
8953.6
8881.5
8953.5
8955.8
8953.9
8961.9
8902.1
8961.1
8953.9
8913.5
8892.6
8967.4
8919.7
8943.5
8939.2
8983.3
8958.6
8875.4
8934.5
8939.3
8911.6
8959.2
8866.2
8910.5
8964.0
8805.9
8933.3
8950.1
8959.2
8856.9
8929.1
8942.3
8953.0
8891.9
8937.0
8881.0
8946.4
8950.5
8989.1
8946.0
8842.4
8890.9
8948.4
8949.6
8861.8
8945.5
8904.5
8989.8
8957.5
8963.8
8986.8
8998.5
8877.6
8930.6
8922.5
8931.6
8895.6
8854.1
8824.9
8925.4
9017.2
8926.2
8926.6
8879.4
8911.7
8975.0
8998.7
8997.1
8956.4
8935.2
8871.6
8983.9
8958.3
8956.3
8924.1
8958.8
8982.2
9010.9
8941.1
9001.9
8971.3
8948.7
8895.1
8905.8
8963.8
8929.3
8958.0
8881.5
8969.6
8989.0
8935.9
8874.3
8862.9
8935.6
8986.5
8934.3
8963.7
8867.9
8951.2
8934.0
8939.3
8959.5
9044.6
8907.7
8874.3
8942.1
8775.8
8869.8
8922.2
8911.7
8857.5
8932.7
8909.0
8907.4
8932.4
8884.0
8960.0
8927.3
8969.2
8947.7
8917.5
8861.6
8988.4
8898.2
8861.5
8941.5
8983.1
8825.1
8903.4
8964.8
8958.4
8964.1
8927.7
8922.8
8953.6
8912.4
8900.6
8846.1
8900.7
8826.7
8961.7
8909.1
8873.7
8962.1
8921.9
8872.5
8911.5
8940.8
8788.8
8933.8
8884.0
8865.8
8945.6
8758.3
8758.0
8907.3
8975.5
8946.9
8958.9
8958.2
8858.6
8932.9
8965.8
8945.7
8960.7
8949.8
8929.6
8971.6
8881.1
8878.5
8932.4
8883.9
8974.2
8852.6
8988.3
8931.5
8948.6
8945.8
8972.8
8885.0
8892.5
8803.3
8955.7
8917.0
8962.3
8855.7
8865.2
8958.9
8991.7
8939.0
8886.6
8968.0
9026.9
8936.0
8813.1
8849.5
8954.2
8865.7
8930.7
8974.5
8897.0
8893.2
8890.0
8899.9
8964.0
8949.0
8867.6
8914.3
8893.2
9006.1
8914.0
8838.8
8931.1
8858.3
8838.4
8939.7
8905.7
8867.1
8994.6
8834.8
8999.8
8988.2
8907.5
8961.2
8998.1
8997.7
8969.3
8858.8
8972.9
8956.7
8901.1
8914.0
8891.2
8918.0
9022.8
8953.8
8903.3
8921.9
8884.1
8957.6
8929.0
8865.3
8886.0
9020.6
8893.6
8841.6
8864.1
8909.7
8902.9
8888.7
8942.0
8936.5
8907.1
8832.6
8885.3
8859.3
8871.2
8914.3
8917.7
8924.9
8871.5
8880.6
8931.6
8961.1
8924.4
8825.0
8848.9
8952.8
8956.4
8847.3
8892.1
8896.4
8939.9
8832.7
8863.0
8971.8
8877.9
8925.4
8901.4
8953.0
8926.8
8914.7
8924.6
8891.3
8839.6
8950.7
8920.9
8932.2
8911.7
8931.7
8860.0
8920.9
8888.2
8903.7
8898.6
8870.9
8956.9
8931.1
8936.3
8856.5
8956.8
8857.9
8967.7
8924.6
8989.5
8875.2
8913.3
8850.9
8922.5
8921.2
8902.6
8947.0
8940.0
8917.7
8965.3
8989.1
8902.9
8898.9
8877.3
8876.1
8985.6
8986.5
8951.9
8932.6
8995.3
8913.0
8977.8
8959.2
8817.0
8919.9
8953.4
8958.9
8855.6
8887.0
8905.9
8923.4
8948.2
8924.2
8984.1
8932.6
8965.0
8832.2
8922.9
8940.2
8883.4
8938.1
8960.3
8876.4
8931.7
8887.6
8856.7
8937.5
8930.8
8900.7
8943.9
8890.5
8970.1
8912.0
8943.1
8955.7
8905.4
8978.9
8961.1
8960.7
9020.8
8965.9
8882.1
8906.3
8909.7
8921.5
8944.8
8972.8
8933.6
8946.7
8962.8
8847.7
8907.4
8871.9
8865.0
8857.6
8930.9
8977.0
9019.2
8786.0
8960.3
8871.5
8953.1
8917.9
8901.7
8984.3
8932.0
8927.4
8916.3
8870.7
8974.1
8859.5
8961.3
9000.7
8959.5
8903.4
8909.7
8882.7
8921.0
8951.2
8971.4
8950.9
8917.1
8985.0
8878.4
8877.5
9001.4
8925.6
8914.9
8925.6
8940.7
8957.7
8944.6
8918.1
8828.7
8981.8
8959.4
8988.8
8944.4
8949.9
8933.3
8927.1
8961.3
8941.8
8901.1
8856.8
8974.1
8948.0
8912.7
8924.7
8931.5
8935.8
8919.0
8942.3
8921.6
8960.3
9000.9
8885.2
8977.0
8883.5
8977.7
8973.2
8889.4
8916.0
8901.3
8952.4
8957.9
8898.9
8973.3
8971.6
8881.6
8861.7
8929.5
8937.9
9018.7
8953.6
8859.1
8946.6
8948.5
9011.1
8920.5
8934.8
8902.0
8924.2
8916.3
8950.5
8984.2
8944.0
8873.2
8888.9
8993.0
9010.6
8906.1
8929.0
8972.8
8905.0
8996.8
8935.5
8934.3
8893.5
8912.8
8982.3
8851.4
8844.8
8956.4
8931.6
8867.0
8923.6
8844.2
8939.8
8938.9
8898.8
8814.7
8887.5
8975.2
8955.2
8973.8
8920.0
8900.9
8943.7
8896.9
8967.7
8915.4
8981.2
8915.3
8851.4
8941.6
8859.9
8985.0
8972.9
8871.6
8933.7
8942.5
8952.8
8958.8
8984.6
8974.4
8988.5
8951.1
8939.1
8930.2
9006.4
8916.6
8868.1
8877.6
8984.0
8928.4
8898.3
8946.9
8844.7
8885.2
8963.0
8960.5
8919.0
8937.7
8948.3
8988.7
8953.4
8895.1
8911.3
8836.5
8843.2
8858.0
8953.1
8924.8
8902.7
8911.2
8904.8
8941.8
8975.6
8943.0
8972.1
8937.9
8931.0
8957.4
8936.6
8879.9
8912.8
8957.8
8932.7
8913.5
9007.2
8931.0
8890.3
8925.6
8988.0
8907.3
8934.1
8858.5
8889.8
8934.5
8909.0
8879.6
8924.9
8845.0
8928.7
8943.4
8919.9
8900.7
8921.6
8952.6
8965.0
8941.7
8920.6
8874.9
8885.5
8928.8
8981.0
8839.5
8899.7
8848.7
8964.0
8904.5
8858.6
8952.3
8918.2
8919.8
8957.8
8936.0
8888.2
8899.9
8874.3
8999.9
8859.3
8874.4
8910.7
8886.0
8895.8
8970.5
8898.9
9030.8
8967.6
8919.0
8833.6
8940.5
8873.2
8932.1
8917.6
8915.3
8946.0
8955.3
8954.8
8950.1
8884.0
8810.3
8840.0
8880.2
8954.7
8971.1
8816.0
8827.8
8964.2
8944.9
8897.3
8898.8
8921.1
8893.5
8977.0
8908.0
8924.1
8916.1
8968.9
8942.2
8945.4
8953.4
8870.9
8923.9
8900.4
8922.4
8961.0
8910.5
8910.0
8965.1
8903.6
8928.7
8963.3
8907.7
8949.4
8857.2
8941.9
8926.7
8968.0
8904.1
8891.3
8944.9
8941.3
8929.8
8969.2
8989.2
8977.9
8868.7
8928.1
8848.8
8838.1
8933.8
8913.1
8881.0
8906.4
8931.3
8733.0
8887.7
8948.3
8849.9
8925.4
8851.1
8910.0
8853.8
8854.6
8857.4
8931.7
8884.5
8959.3
8950.1
8906.8
8962.9
8985.7
9019.9
8903.9
8897.3
8903.6
8947.3
8943.8
8969.1
8894.5
8736.5
8970.9
8926.4
8933.3
8847.9
8879.9
8932.8
8958.4
8955.8
8945.3
8922.6
8893.7
8864.0
8888.2
8928.0
8876.7
8947.0
8860.3
8985.4
8914.1
8932.0
8912.5
8884.3
8949.2
8927.0
8837.6
8995.3
8873.8
8904.2
9053.2
8930.4
8847.9
8798.3
8877.8
8984.1
8892.2
8918.1
8910.5
8955.9
8909.9
8974.4
8925.5
8980.2
8982.6
8917.4
8967.0
8914.9
8945.0
8857.4
8924.8
8889.3
8897.9
8821.1
8846.6
8947.0
8926.6
8979.8
8900.7
8951.6
8989.3
8880.6
8948.8
8849.0
8957.7
8936.6
8972.8
8923.3
8951.6
8905.7
8937.4
8851.6
8959.7
8982.7
8934.5
8900.9
8927.8
8923.6
8863.8
8929.0
8862.4
8940.3
8935.0
8922.1
8871.3
8927.8
8975.0
8897.4
8933.5
8891.2
8921.6
8887.6
8935.6
8935.7
8830.9
8852.8
8899.3
8961.5
8900.2
8960.5
8904.5
8997.7
8923.7
9006.8
8915.8
8934.1
8931.7
8856.4
8959.3
8907.5
8928.7
8890.2
8934.0
8960.1
8899.5
8902.5
8928.9
8939.1
8958.2
8897.4
8928.7
8997.4
8863.9
8934.5
8910.1
8935.6
8876.7
8905.7
8920.7
8878.4
8961.0
8854.8
8925.9
8913.1
8893.1
8954.8
8902.0
8922.6
8947.3
8959.0
9008.5
8928.0
8866.5
8968.5
8833.0
8917.5
8913.1
8955.7
8919.4
8881.8
8898.4
8985.2
8864.6
8963.3
8829.2
8966.6
8972.2
8943.3
8931.2
8958.0
8827.8
8890.1
8983.5
8928.6
8858.4
8861.8
8964.4
8876.1
9043.2
8902.8
8959.8
8811.9
8930.0
8931.8
8869.5
8902.8
8970.8
8912.6
8937.3
8906.3
8892.7
8843.5
8970.0
8924.2
8900.3
8886.5
8936.3
8882.9
8943.6
8943.2
8912.3
8854.3
8913.0
8978.3
8968.1
8908.2
8933.8
8941.5
8971.2
8972.9
8903.8
8867.3
9004.2
8974.1
8978.7
8965.0
8895.9
8975.7
8917.3
8956.5
8929.8
8931.4
8934.8
8969.0
8949.7
8891.8
8879.8
8948.7
8898.4
8960.7
8923.3
8961.4
8818.8
8899.0
8953.5
8959.0
9034.7
8940.4
8969.5
8919.2
8944.2
8837.0
8923.9
8898.7
8893.0
8944.2
8865.6
8983.5
8898.4
8921.7
8886.0
8868.0
8955.6
8947.1
8905.6
8902.3
8994.5
8931.5
8939.8
8964.4
8936.5
8967.4
9007.9
8926.8
8931.3
8916.2
8926.1
8953.0
8958.1
8932.1
8944.8
9003.9
8930.7
8895.2
8971.9
8921.6
8920.9
8880.9
8879.9
8845.6
8840.8
8980.6
8951.7
8994.0
8900.2
9004.0
8894.2
8823.1
8860.5
8936.8
8889.2
8923.8
8865.8
8840.3
8891.6
8980.1
8974.3
8902.9
8922.7
8786.1
8927.4
8918.9
8900.7
8935.6
8854.4
8928.5
8851.3
8940.3
8965.4
8948.7
8960.2
8964.7
8893.4
8856.7
8940.7
8848.9
8915.6
8953.5
8916.2
8953.1
8901.6
8772.8
8927.8
8951.0
8965.6
8958.7
8951.5
8921.7
8948.0
8839.3
8969.9
8850.5
8810.9
8962.6
8998.4
8917.6
8974.5
8951.1
8900.7
8979.6
8982.7
8941.5
8831.0
8942.0
8927.8
8891.3
8962.6
8897.6
8917.4
8983.7
8933.5
8917.1
8911.2
9006.8
8909.7
9027.9
8973.3
8934.4
8923.5
8977.4
8931.8
8920.9
8865.3
8869.7
8961.7
8987.3
8990.2
8920.3
8963.1
8889.4
8876.1
8970.9
9003.5
8928.7
8947.0
8895.2
8907.3
8962.6
8888.1
8900.9
8947.5
8966.4
8965.5
8925.4
8924.6
8997.4
8946.9
8895.6
8942.6
8950.3
8973.0
8920.8
8953.3
8854.6
8878.0
8970.9
8947.0
8961.6
8902.0
8876.6
8871.2
8936.4
8898.7
8875.5
8906.7
8914.7
8887.7
8974.8
8918.0
8858.1
8897.6
8890.4
9014.4
8966.3
8939.9
8871.3
8904.4
8945.6
8926.0
8900.1
8932.9
9006.0
8930.0
8975.1
8878.5
8877.7
8927.5
8949.8
8940.0
8969.3
8860.8
8915.7
8865.1
8929.5
8944.6
8929.3
8923.8
8909.9
8938.5
8924.6
8989.3
8926.2
8958.7
8968.4
8919.6
8999.4
8914.2
8929.6
8901.7
8874.4
8963.7
8939.5
8888.7
8987.6
8927.1
8882.1
8844.7
8936.0
8904.6
8920.6
8939.7
8918.1
8951.8
8949.2
8897.0
8981.9
8929.6
8929.9
8986.1
8981.6
8894.2
8908.8
8922.4
8895.0
8996.7
8923.4
8905.1
8971.7
8983.6
8973.6
8963.9
8929.2
8952.5
8963.0
8944.2
8933.3
8940.0
8942.7
8885.5
8870.2
8951.1
8852.0
8859.7
8918.9
8947.5
8938.5
8946.4
8931.8
8931.5
8975.3
8828.8
8928.3
8919.0
8908.6
8948.4
8976.7
8905.7
8942.7
8922.9
8916.8
8872.1
8928.5
8945.6
8952.0
8949.1
8959.5
8974.8
8887.6
8902.4
8834.7
8947.2
8810.7
8938.8
8949.4
8935.0
8907.6
8945.3
8915.1
8925.4
8905.0
8905.5
8967.8
8894.0
8819.8
8969.2
8888.6
8899.9
8976.7
8980.3
8980.4
8932.6
8953.6
9000.6
8912.8
8944.5
8896.3
8890.6
8945.2
8993.7
8888.6
8889.1
8903.5
8931.0
8981.6
8883.8
8927.4
8837.4
8946.8
8975.0
8937.4
8934.7
8875.0
8975.7
8908.9
8905.0
8985.6
8923.3
8996.0
8951.7
8814.4
8948.1
8953.5
8918.4
8924.4
8907.8
8920.4
8992.8
8902.4
8953.2
8996.1
8970.2
8936.3
8971.3
8872.7
8966.2
8916.2
8937.3
8875.5
8901.4
8954.6
8937.7
8901.5
8980.2
8919.5
8924.7
8963.1
8988.2
8882.7
8983.8
8872.3
8892.8
9018.1
8917.3
8910.7
8968.9
8933.3
8969.6
8989.1
8975.9
8982.4
8952.3
8857.5
8771.2
8902.5
8884.9
8946.8
8864.0
8937.4
8921.6
8920.7
8865.8
8955.0
8935.0
8921.2
8965.0
8862.0
8774.4
8977.7
8887.5
8950.2
8946.6
8916.9
8964.8
8948.2
8909.6
8921.5
8904.9
8921.4
8868.7
8902.1
8877.8
8910.8
8878.3
8953.1
8950.8
8945.4
8802.4
8976.0
8951.8
9016.4
8819.8
8907.1
8855.4
8970.8
8959.4
8900.1
8956.5
8887.6
8994.0
8869.6
8962.0
8967.5
8888.2
8936.1
8851.9
8983.5
8857.8
9006.9
8959.0
8951.6
8919.1
8913.7
8946.6
8875.8
8950.9
8917.6
8871.5
8881.9
8925.8
8926.2
8894.9
8899.2
8917.4
8867.8
8893.2
8930.1
8965.3
8895.6
9000.2
8926.5
8956.7
8920.0
8935.4
8934.5
8869.3
8926.1
8916.6
9023.3
8925.1
8966.1
8904.7
8950.7
8950.3
8931.0
8867.0
8861.5
8874.7
8934.1
8996.5
8906.9
8757.2
8872.9
8899.9
8994.0
8952.3
8907.6
8861.8
8898.0
8920.7
8857.6
8925.7
8941.7
8894.0
8966.9
8981.9
8845.4
8908.8
8939.6
8947.1
8882.2
8946.1
8870.4
9013.1
8966.3
8941.1
8941.0
8980.3
8954.2
8926.1
8905.8
8993.8
8990.8
8978.5
8980.7
8810.3
8920.8
8876.6
8908.0
8941.8
8928.4
8903.2
9010.7
8931.1
8977.3
8956.4
8934.2
8849.3
8903.8
9025.6
8918.0
8921.6
8873.2
8845.8
8932.8
8965.0
8878.7
8861.0
8894.5
8964.9
8866.6
9003.1
8972.2
8907.9
8907.7
8909.8
8871.0
8929.3
8876.3
8854.6
8954.6
8901.7
8838.6
8930.7
8939.5
8954.7
8921.2
8916.5
8918.7
8853.0
8908.9
8950.1
8960.0
8910.9
8950.7
8950.4
8903.2
8877.9
8891.7
8938.2
8903.0
8908.4
8934.6
8942.4
8927.7
8932.2
8961.8
8898.6
8874.0
8948.3
8924.1
8940.4
8888.1
8934.9
8873.3
8866.7
8872.7
8999.0
8905.8
8778.9
8967.9
8960.4
8982.6
8977.0
8883.5
8879.6
8924.8
8915.7
8921.5
8943.1
8888.7
8884.8
8899.7
8935.5
8921.8
8939.5
8941.7
8856.4
8928.5
8970.0
8821.1
8897.4
8915.6
8957.2
9003.5
8961.8
8888.8
8962.7
8992.9
8960.6
8899.4
8923.5
8951.2
8920.0
8912.4
8914.3
