140	1.2
0.000000	0.000000	0.000000
rece2_m.pdb	54.675	87.230	19.860
ligand_m.pdb	-24.507	62.702	8.796
-0.523599	2.682859	-0.817071	138	119	137	1316.231
-0.942478	2.558223	-1.164189	135	120	135	1255.358
-0.314159	2.569130	-0.700837	139	119	139	1252.555
-0.523599	2.572710	-0.934665	138	119	137	1243.193
-0.628319	2.558223	-1.164189	136	121	135	1222.673
-0.628319	2.572710	-0.934665	137	119	137	1221.607
-1.570796	1.572701	-2.528730	127	124	136	1208.176
-1.989675	2.336046	-1.115799	117	133	33	1173.241
-0.942478	2.485945	-1.374853	133	122	135	1168.955
-2.513274	1.912224	0.366565	7	35	138	1154.691

